-0.096987053
-0.54033535
1.1371411
-0.54033535
0.013850021
0.87710031
0.079925969
-0.92400214
-1.3055375
-0.19503523
-0.45933903
1.6700117
0.25257603
0.0053240919
-1.2842226
0.69379284
1.0646707
-0.12043336
0.6383743
5.0654628
0.33144087
-0.039437034
-0.90695029
-0.32931861
0.92399292
0.72363359
1.9236581
-0.32931861
1.2799504
-0.26324266
-0.028779623
-1.4462153
0.25470751
-1.3225893
-0.71298541
-0.73643171
0.85791697
0.28454826
0.5190113
0.041559289
-0.39965752
-0.2355334
2.1773044
0.90907254
-1.3950597
-0.11830188
-0.59788537
-0.5467298
-0.81316507
-0.19077227
0.50409092
0.14173895
-0.84087434
-1.241593
-0.93892252
-1.2543819
0.13108154
-0.26111118
0.69166136
0.49130203
0.56803539
-0.64690946
1.508019
1.5378598
-0.27816304
1.0007263
1.4888357
0.030901878
-0.25045377
0.63411134
0.35062421
-0.38047418
-0.87284657
0.24618158
-0.64051501
-0.42310383
0.16518526
0.87710031
-0.4508131
-0.31439824
-0.32505565
4.0871125
0.37407051
0.72363359
-1.2160152
0.66608357
-0.056488892
-1.1307559
0.74921138
4.5240663
-0.15027411
1.1286152
-0.077803714
-0.13748521
-0.62772612
-1.1414133
-0.92187066
-1.661495
-0.80037618
-0.15880004
-0.11617039
1.030567
-1.06468
-1.5549209
-1.595419
-1.2245411
-0.15453707
1.2650301
-0.4380242
-1.1286244
0.42096312
-1.4952394
0.12042413
-1.6060764
-0.33358158
-0.89416139
1.2479782
-0.95810586
-0.73216875
-0.028779623
-0.22700747
0.33570383
-0.37194826
-0.54459831
-0.11617039
0.29733715
0.56803539
0.33570383
-0.52328349
-0.45507606
0.68952988
-0.67461873
1.03483
-0.163063
0.97301701
1.5890154
0.18650008
-0.96023734
-1.0391022
0.067137075
0.035164843
2.3350341
1.4675209
-0.78119284
0.614928
-0.45720754
-0.0053333191
-0.81529655
0.43162053
-0.77906135
-0.7854558
-0.72790578
-0.037305552
-0.48704829
-0.45294458
0.62771689
-0.97515772
-0.24192784
0.25897047
-0.80250766
0.15665933
0.7939725
-1.3204578
2.166647
1.0497504
-0.76627246
0.026638914
0.0095870563
-0.74282616
0.9495707
-0.18224634
0.57229835
-1.5080283
-0.90268732
-0.18224634
-1.1158355
-0.57443906
-0.28882045
-0.78758728
1.6764061
-0.35063343
-1.0199188
-0.94318548
-1.0625485
0.99006886
-0.34850195
2.4181619
0.38259644
0.82381325
0.51261685
0.84299659
0.77478916
0.50195944
0.43801498
0.12681858
0.42735757
0.2312612
-0.82382248
-1.0391022
-0.49770571
0.13534451
-0.92400214
-0.92187066
0.16518526
1.154193
0.10976672
-0.71724837
-0.054357409
-0.73856319
-0.0074648013
-0.27176859
0.18010563
-0.06501482
1.1392726
0.45719832
-1.2884856
0.87070586
-0.069277785
-0.11190743
-0.65330391
0.28241678
0.067137075
-0.026648141
-0.10551298
1.5335968
-0.48278533
0.5786928
-0.28668897
-0.75774653
0.38472792
-1.6828098
-0.3186612
-1.0625485
-0.21421857
-1.2266726
-0.40392049
1.8000321
-1.06468
0.38472792
2.2241971
1.1243522
-1.6018135
0.047953736
1.1563245
-0.24619081
1.0753282
0.51687982
0.26536492
-0.96023734
0.19289452
-0.34423899
0.15665933
1.1414041
0.72150211
0.34422976
-1.6700209
0.20142045
-0.95171141
-0.15453707
-0.7620095
0.52753723
-0.90268732
0.43801498
0.0074555741
-1.1414133
-0.58296499
-1.1584652
0.64690023
-0.80037618
-0.071409267
-0.95384289
0.34209828
0.47851314
0.075663004
-0.62133167
0.93465033
-0.76840394
-1.0945207
-0.25684822
-0.60001685
-0.32718713
-1.2394615
-0.63625205
-0.15880004
-1.1733856
-1.1435448
0.035164843
-0.15240559
1.0433559
-0.46999644
1.0263041
-1.7723321
0.99220035
0.8898892
0.58508725
1.0795911
0.31652049
-0.34850195
-0.78332432
-1.4909764
-0.2589797
-1.4504782
-0.37621122
-1.4973709
0.61919096
0.43801498
1.0625393
-0.55099276
-0.44228717
0.18010563
1.6785376
0.17584267
0.72363359
-0.282426
2.1581211
0.48490758
-1.356693
-0.55951869
-1.0241818
-1.6892042
-0.79185025
-0.026648141
0.64263727
0.82807622
-0.22913895
0.15452785
-0.22700747
-0.94957993
-0.11830188
-0.13748521
-0.0074648013
0.80036695
-1.184043
-0.43376124
-1.3332467
-0.27390008
0.47425017
-1.2309356
0.614928
-1.4696616
0.44867239
0.12468709
0.17797415
0.93465033
3.8547809
-1.1115726
-0.3548964
0.25683899
-0.27390008
3.7162346
-0.74495764
0.35062421
0.7705262
-0.082066678
-0.23340191
1.9982599
0.5786928
-0.39752604
1.5399913
-1.2863541
-1.6742839
-1.0817318
1.1861652
0.10124079
0.84725956
-0.163063
0.047953736
-0.19077227
-0.020253694
-1.4590042
-0.80250766
0.088451897
0.29733715
0.97514849
-0.61493723
-0.090592607
0.30586308
-1.0327077
-1.1115726
-1.1392818
-0.32292417
0.23552417
0.0031926097
-0.65969835
-1.1073096
-1.0220503
-0.96023734
0.44227794
0.23765565
-0.29734638
0.13534451
-1.002867
2.3350341
0.041559289
0.60853355
-0.75348357
1.3375005
0.069268558
-0.79824469
-0.48065385
-0.46573347
-1.1542022
0.83233918
-1.0241818
-1.29488
-0.26537415
0.12468709
1.1776393
-0.65969835
-1.1669911
-0.14387966
0.81741881
-1.6849413
-0.6895391
0.21207786
-0.65117242
-0.25045377
0.53819464
-0.72151134
-1.2671708
-1.4611357
1.6018043
0.54885205
-0.64264649
-1.2863541
0.1118982
-1.0348392
0.1481334
0.1843686
-0.95171141
-0.30800379
-0.2589797
0.26323344
0.19502601
-0.38473715
0.37620199
-0.32079268
0.49769648
1.14993
-0.32931861
-0.06501482
-0.48278533
-1.1733856
0.7705262
-0.37194826
-0.73856319
-1.4590042
-0.28455749
-0.050094445
-1.7254394
-0.24405932
1.7979006
0.74494841
0.1118982
0.83660215
-1.1669911
-0.83447989
0.077794486
0.83233918
-0.37621122
0.34636124
-1.1137041
-0.071409267
2.2455119
0.33357235
-0.90055584
0.22486676
-0.41244642
-0.45720754
-0.25471674
2.5034212
-0.30374083
-0.28029452
0.81528732
-0.25684822
0.062874111
-1.360956
0.054348182
0.77905213
-0.51262608
-0.16093152
-0.36342233
2.644099
-1.2799597
-0.0053333191
-1.5186857
0.12468709
0.61066503
-1.1520707
0.28241678
-0.058620374
0.99859479
0.35701865
1.2543727
0.073531522
-0.43589272
0.13534451
2.0707303
-0.23340191
2.5055527
-1.3971912
-0.24832229
-1.0476281
-0.0074648013
0.60640207
0.60000762
-0.59149092
-0.82595396
1.4270227
1.0689337
-1.303406
0.97941145
0.2312612
-0.28029452
-0.85579471
0.12895006
0.31225753
-1.542132
0.28454826
0.91546699
0.33570383
-1.1499393
1.030567
-0.079935196
0.91120402
-0.12895929
0.35915014
-0.0053333191
-0.23127043
0.70018729
-0.14387966
-0.69167058
0.78331509
0.43162053
-0.62133167
1.4184968
0.15026488
0.44867239
1.2863449
0.16518526
1.1797708
1.3524208
0.51687982
-1.657232
-0.24192784
-0.86432064
0.63197986
-1.8362765
-1.4355579
-0.26537415
-1.0945207
0.52540575
-1.2607763
-0.29734638
0.27389085
-0.57230758
1.993997
-0.44868161
1.5037561
0.3868594
0.38259644
0.54672057
1.5463857
-1.0753374
-1.0476281
-1.780858
0.0010611275
-1.0923892
0.069268558
0.57442984
-1.5016338
-0.62772612
-0.37194826
-0.98368364
-0.99220957
0.20142045
-1.1414133
-0.80463914
1.7147728
0.31652049
-1.3268523
3.846255
-0.90695029
-0.037305552
-0.70445948
-0.81103359
0.65755764
-0.24832229
-0.20569264
0.2440501
0.0095870563
0.63411134
0.10337227
0.62345393
-1.3332467
-0.079935196
1.0859856
-0.013859248
-0.2589797
-0.41670938
0.35488717
-0.18864079
-0.086329642
-0.4380242
-1.1435448
0.1715797
0.16944822
-0.27176859
0.27815381
-1.1520707
-0.702328
-0.082066678
0.056479664
0.1843686
-0.54033535
2.0494155
-0.93252807
-0.89842436
-1.1776485
-0.0010703547
0.0010611275
-0.88563546
-1.0497596
-0.86645212
0.17797415
-0.51262608
-0.74069467
-0.11617039
-0.30800379
-0.17158893
0.99646331
-0.99860402
5.3020573
-0.95384289
0.55311501
1.4781783
-0.282426
1.932184
-1.1051781
0.26962788
-0.0010703547
-1.3822708
-1.1307559
-1.5847616
1.9662877
-0.34850195
-0.5104946
-0.39965752
1.1030374
0.48703907
-0.01599073
1.4014449
0.15026488
-1.6060764
-0.2355334
-0.062883338
-1.1605967
-0.50196867
-0.46999644
-1.1478078
-0.10551298
-1.0412337
1.1989541
-0.49983719
-0.69593355
-0.27390008
-1.2351985
0.49769648
0.096977826
0.2078149
2.0877822
-0.15027411
1.8980803
0.82594474
-0.87924102
-1.5804987
0.015981503
-0.71724837
-1.4419523
-0.98581513
-0.099118535
0.50409092
0.31225753
-1.4462153
1.3119227
1.1904282
-0.46573347
0.96875404
1.2266634
-0.37407974
0.3996483
-0.41670938
-0.30374083
2.232723
-0.25684822
-1.0476281
-0.99007809
-0.10551298
-0.92826511
-0.86218916
-1.5037653
-0.19503523
0.88775772
1.0433559
0.32291494
1.0859856
0.3037316
-0.24405932
-0.94318548
0.15239636
0.68739839
1.0518818
0.35701865
-0.53820387
-0.71724837
-0.99647254
4.1723718
0.21847231
0.013850021
0.40604274
-0.32718713
-0.85153175
0.16731674
0.40177978
-1.0966522
-0.27816304
0.43801498
0.83660215
-1.1499393
-1.1883059
-0.44441865
-1.2629078
-0.52115201
0.28881122
0.41243719
-0.32931861
0.68526691
0.30160012
0.19715749
-1.299143
2.1453322
0.37407051
0.084188933
-0.99007809
-1.6231283
-0.39539456
0.23765565
0.60427059
-0.98794661
-0.13109077
-1.0540226
0.24618158
0.045822254
0.16944822
-0.68101317
-0.95810586
0.099109308
0.13321302
-0.1396167
-0.93679104
-0.50410015
-1.1392818
-0.93252807
0.0010611275
-0.08419816
1.0731967
1.5357283
-0.59575389
0.55950946
-1.5613153
0.48064462
-0.088461125
-0.24192784
-0.19503523
-0.96876327
0.43162053
-0.63625205
-0.941054
1.0604078
0.026638914
-0.10764446
0.47851314
-0.25258525
-1.2351985
-0.50623163
2.8806936
0.19076304
0.87496883
-1.603945
-1.7702006
-1.6998617
1.1243522
0.37407051
1.2351893
0.35275569
0.21634083
0.20994638
0.40177978
-1.1094411
-1.3588245
-0.29734638
0.62558541
1.0071207
-0.46360199
-0.082066678
0.43375201
0.72363359
-0.56591314
0.28454826
0.41670015
1.1030374
0.68739839
0.64050578
2.6867287
-0.08419816
-0.97302623
0.74068545
0.54032612
0.11402968
-0.0053333191
1.6060672
-1.4014542
0.89628365
0.52327426
-1.0497596
1.3566838
1.273556
-0.55099276
-0.3783427
-0.2355334
0.41883164
-1.4867134
-0.36981677
-1.0966522
0.29946863
-1.0582855
-0.15666855
-0.61067426
0.71723914
0.31865197
0.56803539
1.1158263
0.97727997
0.11402968
1.9492358
0.58508725
0.64050578
-0.85366323
-0.54033535
-0.87924102
3.8888846
0.68100395
-0.163063
0.87283734
0.3634131
1.211743
1.2650301
0.59148169
-0.52328349
-0.79185025
2.2625637
0.31652049
0.83233918
-0.35702788
-0.29095193
0.39538533
1.3161856
0.5190113
0.41456867
-0.34637047
0.89415217
0.26323344
-0.39965752
-0.06501482
1.3716042
-0.31226675
-0.93252807
-0.16945745
0.3037316
-0.12469632
-0.34423899
1.3673412
-0.62559464
-0.95384289
-1.2117522
0.29094271
-0.5936224
-0.53180942
0.54458909
0.40391126
0.077794486
0.0031926097
-0.15666855
0.34209828
-0.70445948
-1.0007355
-0.57870203
0.52114278
0.045822254
-0.38047418
0.49982796
-0.73856319
-0.22487598
-0.20142968
-1.2351985
-0.033042588
1.2607671
-1.4355579
0.3399668
-0.68527614
-0.39752604
-1.0263133
0.079925969
-0.702328
-0.76414098
0.3037316
-0.22913895
1.3332375
-0.62346315
0.15879081
-0.22700747
-0.32505565
0.25044454
-0.48278533
-0.78971877
2.4501342
-0.25045377
-0.27390008
-1.3780078
1.2863449
-1.3758764
0.66182061
0.16731674
-0.58935944
0.61705948
-0.66822428
0.084188933
0.39112237
-0.20142968
0.77478916
1.1264837
0.29733715
-0.87924102
-1.17978
-0.19077227
-0.13535373
0.66182061
-0.92400214
-0.11403891
-0.15453707
0.38472792
0.28028529
-0.13748521
0.72576507
1.1520615
2.4416082
-0.25258525
-0.10977595
-0.57230758
-0.42097235
1.5399913
-0.19290375
4.978072
-0.40178901
0.47425017
-0.082066678
0.045822254
-0.54246683
1.5144135
-0.050094445
0.14600192
-1.2160152
1.3033967
1.0582763
1.030567
3.3346993
-0.93252807
-0.29095193
-1.0518911
1.7957691
-0.89629287
0.58935021
-1.1669911
-0.050094445
-1.3822708
-0.096987053
0.49130203
-1.4121116
0.23765565
-1.5613153
0.3634131
0.37833348
0.075663004
-0.29734638
0.28241678
0.82807622
-0.020253694
-0.092724089
-0.1396167
0.043690771
-0.51262608
0.55098353
0.19928897
-0.87071509
-1.5357375
0.70231877
0.25470751
-1.2181467
-1.0177874
-1.4057171
1.3566838
0.077794486
-0.63412057
0.10763524
0.10550375
-1.6209968
-0.84940027
0.84512807
-0.045831481
0.72789655
0.15665933
0.094846344
0.26536492
0.96662256
0.7705262
1.039093
-0.30374083
1.0753282
-0.092724089
0.32291494
-0.47852237
5.6558834
-1.23733
0.33144087
-0.33145009
0.020244467
0.90267809
-0.55312424
0.17584267
-0.33571306
-0.30587231
0.099109308
-0.45507606
0.041559289
-0.10125002
-0.42949828
-0.42949828
-0.97942068
2.0963081
-1.056154
-1.0263133
-0.22061302
-0.14387966
-1.356693
0.15452785
0.2312612
0.31652049
-0.03517407
0.44440942
0.87496883
0.38046496
-1.0241818
-0.60001685
-0.29947786
-0.99007809
0.54032612
-1.6828098
4.1126903
0.086320415
-1.0113929
-0.052225927
0.63624282
2.8551158
-0.19503523
0.1715797
1.5101505
0.2078149
0.61066503
0.14600192
2.3584804
-0.30160934
-0.50196867
3.4071697
-0.51902053
2.5737601
-0.24832229
-1.6551005
0.85791697
-0.49983719
0.073531522
1.2351893
-0.24405932
0.39751681
-1.3055375
-1.2351985
-0.36555381
-0.83021693
0.51048537
1.5335968
0.64263727
-0.7620095
0.18010563
0.013850021
1.2309264
-1.6380487
0.94743922
0.28454826
0.9858059
-1.4419523
0.41670015
0.11829265
-1.418506
1.039093
-1.6103394
1.1200893
-0.03517407
2.6888602
0.50409092
-1.0007355
0.30160012
-0.86432064
0.28241678
0.25897047
-0.0074648013
0.43801498
-0.6660928
-0.6660928
-0.19290375
3.0341603
-0.011727766
-0.49770571
1.8533192
-1.4824505
-0.23127043
1.0284355
1.1073004
-1.1733856
0.46998721
-0.19077227
-0.44228717
-0.14387966
0.16731674
0.62984837
1.3652097
0.51261685
-0.82808544
-1.6551005
1.6572228
-1.2096208
-0.26537415
-0.78119284
0.54885205
-0.24832229
-0.99647254
-0.59149092
0.58721873
0.011718538
-0.91334473
0.19289452
-0.18650931
1.6401709
2.3883212
-0.34423899
-0.3548964
0.1715797
-0.93252807
-0.7854558
-0.49131126
-1.1456763
1.0945115
-0.17798338
0.16092229
1.8959488
0.29094271
0.060742629
0.38046496
-0.61067426
-0.50623163
0.16944822
0.16518526
0.047953736
-0.32718713
-0.16093152
-1.2053578
1.4312857
-0.35702788
0.81528732
-1.2671708
2.6270472
-0.96236882
1.2245319
-0.90908177
0.19289452
-0.55738721
0.71937063
0.35701865
0.64050578
0.96022811
1.3140542
-0.69593355
-1.2309356
0.060742629
-0.87284657
-0.12469632
1.0838541
1.3481579
0.19289452
0.073531522
0.95596515
-0.72790578
1.0220411
-0.69167058
-0.86005768
0.32078346
0.46998721
0.45293535
-0.83661137
-1.2671708
0.44014646
0.19928897
0.077794486
-0.33784454
0.37833348
-0.13535373
0.25044454
2.8742991
1.0284355
-0.34850195
-0.95597438
0.4593298
0.11829265
2.2987989
-0.14601114
0.40817423
-0.37194826
-0.026648141
-0.75774653
0.22699824
1.2671615
-0.83021693
-1.5677098
-0.74282616
-0.60854278
-0.73003726
0.26962788
-0.25684822
-1.0774689
1.3225801
-0.44015569
0.21847231
-0.043699999
0.55311501
-0.282426
-1.3460356
1.2351893
0.62984837
-0.80250766
0.0095870563
1.7232987
0.89202068
-0.58296499
-0.95597438
-1.2032263
-1.2181467
-0.32931861
-1.4035856
1.0795911
0.49982796
0.8302077
-0.12043336
0.77692064
0.15239636
-0.22061302
-0.48704829
-1.5741042
-0.60854278
-0.89202991
0.46572425
-0.20356116
-1.4334264
-1.1989633
0.27815381
-0.99860402
0.35062421
-0.15880004
-0.63412057
-0.61067426
0.7705262
1.2138745
0.68952988
0.99646331
0.41030571
-1.0113929
1.3822616
-0.11403891
0.41670015
-1.4440838
1.4867042
-0.59575389
1.6721432
-0.026648141
-0.62346315
0.096977826
0.87710031
0.20355194
-1.1819115
-0.11830188
-0.55525572
-0.17798338
0.082057451
-1.0732059
0.19928897
0.99646331
-0.38686863
-0.76627246
0.86431141
1.8639766
0.060742629
0.3037316
0.062874111
-0.80250766
-0.14601114
-0.16093152
-0.54886128
0.29094271
-0.18224634
0.3399668
-0.0074648013
0.61066503
-0.40818345
2.0046544
-1.414243
-0.77266691
0.31652049
0.015981503
-0.56591314
-0.67461873
0.2078149
0.31012605
0.34636124
0.31865197
-0.78119284
-0.31439824
1.1094319
0.2312612
0.33144087
-0.58509647
2.4863694
1.3865246
-0.34423899
-0.45720754
-1.1392818
-1.060417
-0.69593355
-0.23127043
1.932184
-0.099118535
-1.3758764
-0.38260567
-1.4035856
0.043690771
0.3037316
-0.34637047
-1.3886653
0.45293535
0.37193903
0.49982796
0.024507432
-0.30587231
-0.67675021
0.4230946
0.16305377
1.0476189
0.21207786
-1.0796003
0.90480958
-0.69806503
-1.3183263
-0.68314466
-1.4995023
-1.2138837
-0.15453707
-1.5847616
0.065005593
1.2053486
0.096977826
-0.64051501
0.15239636
-0.067146303
2.2455119
0.0010611275
0.12255561
1.0071207
0.34849272
-0.65969835
2.7613306
-0.1396167
0.60427059
-0.12256484
-0.08419816
0.32930938
-0.7492206
-0.68101317
-1.2138837
-0.77053543
-0.54246683
0.27389085
0.45719832
1.2501097
0.26536492
-0.38260567
0.19715749
1.7041154
-1.2565134
0.84086511
-0.16945745
-0.23979636
-1.8511969
0.41243719
0.49982796
0.66821505
-0.39752604
0.35701865
-0.38900011
-0.18437782
-0.29947786
0.48064462
0.81741881
-0.80250766
-0.50623163
0.0095870563
0.0074555741
0.97727997
-0.19716672
-1.2138837
-0.25258525
-0.18864079
-0.50623163
0.10124079
1.0369615
0.18863156
-0.043699999
-0.40392049
-1.2351985
0.0053240919
-1.2863541
-1.0689429
0.74707989
0.50409092
-0.9048188
0.0053240919
0.42948905
-0.38473715
-0.75987801
-1.2842226
-1.4419523
0.33570383
0.72576507
-0.64904094
-0.20569264
-0.702328
0.27815381
2.9680843
0.81102436
-0.039437034
2.0089174
-0.073540749
-0.047962963
-0.88989843
1.3630782
-0.0010703547
2.9318491
-0.95597438
-0.1033815
-0.33358158
-1.2479874
-0.022385177
-1.4739245
-0.6660928
1.6913265
0.28454826
-0.47212792
-0.67675021
0.35488717
0.53606316
0.26323344
-0.77266691
1.6657487
0.041559289
0.48490758
0.52753723
0.77692064
0.19928897
0.62132244
1.088117
0.55311501
-0.20142968
4.9269165
-0.92400214
-0.37621122
0.44227794
-0.3548964
-0.99860402
-0.39326308
-1.1669911
0.13747599
-0.75987801
-1.4973709
-0.25258525
-0.61067426
1.0561448
-0.050094445
-0.21635006
0.062874111
0.31652049
-0.99434106
-0.93892252
0.14600192
0.12681858
-0.7854558
-0.66182983
0.31865197
0.39112237
0.19715749
-0.27390008
1.1371411
-0.28668897
0.78544657
3.0362918
-0.91547621
0.20568342
0.2440501
0.61919096
-1.0881263
1.1030374
1.7701913
0.57016687
-0.20569264
-0.67248724
-0.043699999
0.054348182
-1.3161949
-1.0881263
0.13108154
-0.026648141
-0.26324266
0.096977826
-0.33571306
-0.19290375
1.4419431
0.13108154
-0.48278533
0.21207786
0.50409092
-1.3119319
0.022375949
-0.6298576
-1.1904374
-1.2650393
-0.76840394
1.1691134
-0.88563546
0.079925969
0.039427807
-0.59149092
2.9382436
-0.077803714
0.66821505
0.30586308
0.17797415
0.0074555741
-0.94318548
-0.022385177
0.14387043
-0.62559464
-0.0010703547
-0.28029452
0.48490758
0.70871321
-1.056154
-1.2437245
0.79610398
-0.071409267
0.092714862
-0.2227445
-1.4653986
0.30799456
0.065005593
-0.94957993
0.74068545
-0.17158893
2.2732211
0.092714862
-1.2884856
0.030901878
0.45080387
2.2220656
-0.27603156
-0.78119284
0.67887246
-1.4163745
-1.2181467
-0.052225927
-0.83234841
-0.58296499
0.74068545
-0.24192784
0.17584267
0.1715797
0.29733715
-0.54033535
0.56164094
-0.11403891
-0.28882045
2.9830047
-1.3289838
-1.1243615
-0.21848154
-0.54246683
-0.163063
-1.4632671
0.2312612
-0.71724837
-0.092724089
-0.93252807
0.98367442
-0.37621122
0.060742629
-0.052225927
2.3094563
0.12255561
-0.35276492
0.0095870563
0.46785573
0.99220035
1.0113837
-1.3971912
-1.1776485
0.2674964
0.037296325
-0.95171141
-0.51902053
0.28454826
-1.0497596
2.7954343
0.011718538
1.0582763
0.011718538
0.75773731
6.6470226
0.44867239
0.2440501
0.35275569
0.36767606
-0.086329642
0.90480958
-0.58083351
-0.013859248
-0.9645003
1.0859856
1.0092522
0.27815381
1.0625393
0.21847231
-0.47852237
-1.4931079
-1.0902578
0.035164843
-0.12256484
-1.4973709
0.43801498
0.54672057
-1.2053578
-0.87284657
-0.46999644
-0.037305552
0.29946863
0.086320415
1.2287949
-0.13535373
0.45506683
-1.5975505
-0.71085392
-1.1776485
-0.95171141
-0.8579262
-0.163063
-0.24405932
0.6980558
-0.87924102
-0.72790578
0.57016687
-0.12256484
1.20748
-0.20569264
-0.68314466
-0.26537415
-0.86432064
-0.094855571
1.1264837
0.49982796
-0.36555381
0.33144087
-0.702328
0.018112985
1.751008
-0.282426
-0.24619081
-0.13748521
0.26962788
-0.63198908
0.38259644
5.5620982
0.70231877
-0.15666855
0.23552417
0.11402968
0.054348182
-0.163063
-0.028779623
-1.5591838
-0.08419816
-0.20782413
0.56164094
1.5890154
-0.5467298
-0.75348357
-1.4824505
0.14173895
-0.050094445
0.099109308
1.4867042
-0.71724837
-1.0838633
0.39751681
-0.71085392
0.20568342
0.28881122
0.47425017
-0.23766488
0.62558541
-0.32292417
-0.043699999
-0.0053333191
-0.57443906
-1.0902578
3.1641807
-0.3548964
0.42522608
0.45293535
-1.0902578
-1.2330671
0.58935021
0.27175937
-0.30800379
-0.61067426
-0.49557422
2.1154915
3.9315143
-0.15027411
0.84725956
2.3265082
-0.20142968
-0.32931861
0.018112985
0.9495707
-0.58296499
-0.0032018369
-0.74282616
0.26323344
-1.2330671
-1.6082079
-0.9645003
0.099109308
0.57442984
0.41456867
-0.67248724
1.0689337
0.22486676
-0.073540749
0.13108154
1.7360876
0.20994638
-0.56591314
-1.0838633
0.71510766
1.0454874
-0.25045377
-0.0074648013
-0.66396132
-0.93039659
-0.55525572
0.40817423
0.29307419
0.11829265
-0.36768529
1.9236581
-1.4526097
0.12468709
0.45719832
0.17797415
-0.68740762
0.13534451
-0.082066678
0.10976672
1.5272024
0.75986879
0.87923179
1.5570431
-0.090592607
-0.90268732
-0.079935196
-0.21421857
0.2312612
0.75773731
-1.0220503
0.64476875
-1.1478078
0.63411134
0.088451897
1.0817226
0.096977826
-0.0010703547
0.37620199
-0.85366323
-0.96876327
-0.36342233
0.088451897
0.56377243
-1.4121116
-0.83874286
0.39325385
0.20355194
2.9105343
-1.0774689
0.24831306
-0.15453707
2.4309508
0.61919096
2.1879619
-1.303406
-0.97302623
-0.77906135
-0.94957993
-0.39539456
0.1843686
-1.0156559
0.6980558
0.76200027
-0.98155216
2.1474637
-0.83874286
0.44014646
-1.1904374
-0.93039659
-1.1286244
0.13960747
-0.78332432
-0.32505565
1.0263041
-1.4653986
-0.61920019
-0.01599073
0.92399292
0.734291
0.24831306
1.1797708
1.9300525
0.3399668
0.0031926097
1.4078394
-0.090592607
-0.41884086
-1.5400005
-0.38900011
-0.81529655
-0.70445948
-0.13748521
-0.071409267
1.5208079
-1.0796003
0.45719832
-0.45720754
-1.356693
-0.75561505
-0.82382248
-0.26324266
-0.88989843
-0.77266691
-0.19290375
0.84299659
-0.75135209
-0.79398173
1.0817226
0.61279652
-0.20356116
-1.5890246
0.19715749
-0.21421857
1.5399913
-0.71937985
-0.31652972
0.0010611275
1.5335968
0.53393168
-1.3439041
-0.48278533
0.32930938
0.15665933
-0.3186612
-1.3630875
-0.28029452
1.0433559
0.49130203
-1.0518911
0.4593298
0.19289452
-0.96876327
-0.050094445
0.26962788
0.33783531
-0.71298541
1.6081987
-1.5400005
-0.41244642
-0.68101317
-0.33784454
-1.0071299
0.54885205
-0.21421857
-0.30374083
0.19715749
-0.36555381
0.48064462
-1.480319
-0.14814263
-1.3694819
-0.78971877
0.55311501
-0.70659096
-0.4742594
0.8067614
1.0433559
-1.0796003
-1.2565134
0.22273528
-1.3396412
-0.29734638
-0.36555381
0.17584267
0.19715749
1.6657487
-0.34850195
-0.0074648013
-0.91334473
-0.52328349
-0.18864079
0.33570383
0.20994638
-0.13322225
0.32078346
0.53606316
-1.17978
-0.38900011
1.2181375
-1.1392818
1.0710652
0.020244467
6.9347727
0.83873363
0.88136327
0.72150211
-0.24192784
0.045822254
-0.49557422
5.5855445
3.5435845
-1.1243615
3.0043195
-0.36129084
-0.096987053
2.3670064
-0.77692987
0.31652049
0.35915014
-0.55099276
2.4991583
0.065005593
0.2440501
-1.1627281
2.6504935
0.21207786
-0.52967794
0.069268558
-1.3524301
-0.95810586
-0.25258525
-0.77479839
-1.1435448
1.3779986
-1.3716134
0.0053240919
-0.47639088
-0.5701761
-1.1456763
-0.32931861
-1.0817318
-0.89416139
-0.73430023
0.90267809
2.4863694
1.5719635
-0.29308341
-0.34423899
-0.46999644
-0.36768529
-0.57657055
-0.075672231
-1.175517
2.5716286
-0.52967794
0.38259644
1.1477985
0.22273528
0.45719832
0.086320415
0.71937063
-0.077803714
0.41883164
-1.5634468
0.38472792
-1.3716134
0.41456867
-0.51262608
-1.0987837
0.78331509
0.13108154
-0.56591314
0.46998721
0.37833348
1.1094319
-1.4014542
-1.3353782
-0.63838353
0.11829265
0.25257603
-1.3673504
0.077794486
-0.050094445
-0.31652972
0.14387043
1.1392726
-0.48917978
-0.59788537
0.26110195
-0.27390008
0.19715749
-0.98155216
-0.98581513
-1.3907967
-0.0074648013
0.075663004
0.42735757
0.10337227
-0.81529655
-0.94957993
-0.0032018369
-1.414243
0.22699824
0.55737798
0.99220035
-0.23340191
-0.17372041
0.12895006
0.062874111
0.15665933
0.12255561
-1.12223
-1.4611357
0.013850021
-1.422769
-0.50836312
-0.20569264
1.3119227
-1.1371504
0.22699824
-1.8639858
-1.4824505
0.026638914
-0.84300582
-0.63198908
0.23978713
-1.0241818
4.3407589
0.58508725
-1.2224096
-0.21635006
-0.19716672
-1.3012745
-1.1648596
0.062874111
-0.31226675
0.013850021
0.22699824
1.9236581
-0.90908177
0.78544657
-0.6660928
0.10124079
-0.9772892
1.1414041
-0.077803714
-0.78119284
-0.54246683
0.28667974
-1.3055375
-0.12256484
0.25470751
-0.75987801
-0.31439824
-0.63838353
-1.1925689
1.2394523
-0.94318548
4.5560386
0.51687982
-0.013859248
0.056479664
-1.0049985
2.2156711
0.12042413
-0.27816304
-1.4121116
-1.2032263
0.64476875
-0.92187066
-0.59575389
0.056479664
-0.66822428
-0.13322225
-0.42736679
0.047953736
-0.48065385
0.18650008
0.20355194
-1.1904374
-0.10551298
0.71937063
1.0369615
-0.61920019
-0.73643171
2.5417879
-0.28668897
-0.10977595
0.49130203
0.36128162
-0.85366323
-0.4380242
0.27815381
-0.82808544
-0.38047418
-0.84300582
-0.50836312
0.09058338
0.2674964
0.46146128
1.1286152
-0.98794661
-0.28455749
-0.73003726
-0.19077227
-0.30587231
-0.31652972
-0.42949828
-0.16519448
0.2674964
-0.14814263
1.1264837
0.31438901
0.5190113
-0.27176859
1.3545523
0.74281693
0.47211869
2.2092767
0.81315584
-0.062883338
0.07140004
-0.1396167
0.94104477
-0.64264649
0.53819464
-1.3929282
-0.92187066
0.7108447
-0.7854558
0.65755764
0.024507432
-1.418506
-0.36555381
-0.70445948
-0.4145779
0.22699824
-0.21208709
-0.08419816
-1.0796003
0.29094271
-0.67461873
0.94530774
0.0074555741
-0.069277785
-0.58935944
0.20142045
0.60213911
0.30799456
-0.58722796
-0.71724837
-0.40392049
-0.018122212
-0.26111118
-0.01599073
-0.21635006
1.331106
-0.16945745
0.32504642
-0.44441865
-0.01599073
-0.26750563
-1.0923892
0.75347434
-0.0095962835
-0.054357409
-0.91334473
0.42735757
3.2920696
-0.26324266
1.1307467
-0.90908177
-1.0263133
-1.0689429
-0.70445948
-1.1648596
-0.16732597
0.97088552
-1.299143
0.12468709
-0.2952149
0.3634131
-0.32718713
1.866108
-0.073540749
-0.17372041
-0.30587231
-0.65330391
-0.64051501
1.6614858
0.54672057
-0.93892252
0.65542616
-0.54033535
-0.1992982
-0.91973918
0.12681858
-0.84940027
0.59361318
-1.599682
-1.2543819
-0.96876327
-0.57230758
-0.9772892
-1.1819115
-1.117967
0.6746095
-0.14387966
-0.73856319
-0.49131126
3.187627
0.026638914
-1.1861745
0.46998721
-1.2522504
-1.4312949
0.66608357
0.41030571
0.2312612
1.7211673
1.1307467
-1.2394615
-0.57657055
-0.95171141
-0.49557422
1.0987745
0.058611147
-1.1712541
-0.61280574
-0.1396167
-0.052225927
-0.35915936
-0.7257743
0.30160012
-0.92613363
0.12468709
-1.6977302
0.53819464
-1.2202782
-0.68314466
0.49982796
-0.53607238
0.42735757
0.18010563
-0.31226675
2.7826454
-0.024516659
-0.062883338
-0.72151134
-0.31439824
0.2078149
0.2674964
-1.0838633
-0.95171141
1.1669819
0.67887246
-0.163063
-0.48704829
-0.7257743
2.3563489
0.15665933
0.067137075
0.29307419
3.5286642
-0.24192784
3.6096605
-0.15027411
0.060742629
-1.2202782
0.61919096
-0.37194826
-0.65117242
-0.08419816
0.15879081
-1.1627281
0.63624282
-0.0095962835
0.013850021
-0.20569264
0.20355194
0.12042413
-1.3183263
0.99859479
1.4824412
-0.63838353
5.7688519
-0.18864079
-0.51688904
-0.12895929
-0.35915936
0.7705262
1.4675209
0.096977826
0.088451897
1.4824412
1.0497504
-0.20356116
-0.18864079
-0.46573347
0.067137075
0.26536492
0.37193903
1.8213469
-0.33358158
1.4142338
-1.4888449
-0.10764446
-0.69167058
-0.26750563
-0.76414098
-1.3588245
-0.26750563
0.80462991
-0.66396132
-1.2245411
0.54458909
-1.12223
-1.4568727
0.40177978
-1.2202782
0.020244467
0.55737798
1.1115633
-1.2437245
-0.0074648013
0.77265768
0.21420935
-0.84087434
-0.020253694
0.10124079
-0.20569264
-0.069277785
-0.092724089
0.1843686
-0.8451373
1.5421228
0.87496883
0.39325385
-0.63412057
1.1563245
-1.0923892
-0.29308341
0.079925969
-1.484582
-0.086329642
-0.46360199
0.99006886
-1.2351985
-0.8813725
-1.1328874
-1.2778282
-0.45294458
-1.2479874
-1.4824505
0.14387043
-0.26750563
0.48917055
-0.099118535
0.83447066
0.16944822
0.42948905
-0.32079268
0.086320415
0.44654091
-0.58722796
1.8725025
-0.24192784
-0.1268278
0.52327426
-0.082066678
-0.42523531
-1.1627281
-0.44228717
-0.81103359
0.81741881
-0.49557422
2.4586601
0.57442984
-0.84300582
1.3524208
0.6746095
-1.0391022
-0.037305552
-1.2010948
-0.81955952
-1.1947004
-1.5677098
2.882825
0.33357235
-0.11830188
-0.013859248
1.4057079
-0.094855571
0.31438901
0.23552417
-0.36768529
-1.0454966
-0.49131126
-0.052225927
6.2868021
0.853654
0.0522167
-0.39539456
0.32291494
-0.069277785
-0.77692987
-1.2288041
-0.32292417
-0.020253694
-0.020253694
1.09238
-0.18011486
-1.4739245
0.25044454
2.948901
-1.5186857
1.2501097
-1.8085673
-0.74708912
0.29520567
0.46146128
-0.94531697
0.15239636
-0.24619081
-0.3783427
0.035164843
-0.83234841
-1.2820912
0.22486676
-1.1115726
-0.94318548
-0.56804462
1.4057079
0.49343351
1.7637969
1.0263041
-1.3076689
1.0838541
0.42096312
-0.25258525
0.84939104
0.29094271
0.82381325
0.31012605
-0.11403891
-0.2589797
1.0326985
0.13747599
-1.1009152
-0.4145779
0.61279652
-0.93252807
-1.175517
0.495565
-0.98368364
0.17371118
-0.056488892
-0.12469632
0.7108447
-0.41670938
-0.23340191
0.84725956
0.43588349
-0.14814263
-0.67035576
0.0010611275
0.19502601
-0.36555381
-0.26963711
0.39112237
-0.19290375
-1.0668115
0.4230946
-0.18437782
-0.73430023
0.46146128
-0.35276492
-0.71511689
1.6103302
0.79823547
0.71297618
-1.1350189
0.094846344
0.64690023
-0.94318548
1.1030374
-0.85366323
2.467186
0.065005593
-0.092724089
-0.8451373
-1.1861745
-1.2607763
-0.047962963
-1.2756967
2.3734008
0.29520567
-0.24832229
-0.40818345
-0.76414098
0.22060379
0.47851314
0.39112237
0.78544657
0.65968912
0.87923179
-0.48491681
-0.83447989
-0.32079268
-0.10977595
0.46998721
0.6746095
-0.43162976
0.11402968
0.98793738
1.0774596
-1.5634468
-1.1499393
-0.98581513
-0.57230758
-1.0625485
1.4462061
0.20355194
-1.2629078
-0.47639088
-0.29734638
2.3691378
-1.0838633
-0.06501482
-0.40178901
-0.42523531
0.33783531
0.015981503
-1.2437245
0.32504642
0.35701865
-0.19716672
0.0095870563
-0.03517407
-1.3439041
2.1645156
-0.29308341
-0.42736679
0.3271779
0.5552465
-1.5911561
-0.78971877
-0.97515772
-0.52541497
0.36980755
0.93038736
0.23978713
-0.71937985
-0.7257743
0.069268558
-0.16093152
-0.46360199
0.48064462
0.78757806
0.18863156
1.0646707
1.4696524
-1.2863541
3.1897585
-0.46360199
-0.98581513
-0.14814263
0.17371118
0.37620199
-1.780858
0.65968912
-0.93252807
0.041559289
-0.87284657
-1.1648596
-1.0881263
-0.77479839
-1.2288041
0.22060379
0.73855397
-0.93465955
-0.35702788
0.16092229
-0.5339409
-1.4867134
-1.2074893
0.28667974
0.45719832
0.97727997
0.84086511
-1.537869
1.0220411
0.058611147
-0.98155216
0.13534451
0.84939104
0.64263727
0.86217993
-0.58509647
-0.35702788
0.20142045
1.6252506
-0.10764446
0.59361318
-0.58935944
1.8725025
-0.01599073
-0.46573347
0.16944822
0.17797415
0.56164094
0.495565
-0.31226675
0.23765565
-0.050094445
-0.18437782
-0.52967794
-0.5104946
-0.75987801
0.23765565
-0.93252807
1.392919
-0.34850195
0.53819464
-0.24192784
-0.46573347
0.86857438
-0.03517407
0.050085218
-0.0095962835
0.26536492
3.0597381
-0.38047418
0.26323344
-0.90268732
0.54458909
0.047953736
0.19289452
-0.3548964
0.0074555741
0.2674964
-0.74069467
-1.1414133
-1.0284448
1.0263041
-0.37407974
0.6383743
0.096977826
0.55950946
-1.1542022
-0.15027411
0.16518526
0.21634083
0.44227794
-1.542132
-1.1328874
-0.9176077
0.35701865
0.24191862
-1.1563337
-0.23766488
0.37620199
0.51261685
1.8064265
1.2266634
0.37620199
-1.1584652
-1.6316542
2.5311305
0.075663004
0.092714862
0.65968912
0.61279652
-0.47212792
-0.50196867
0.8302077
2.3329026
-0.75348357
0.74921138
-0.36555381
-0.99860402
0.2078149
0.028770396
-0.094855571
0.03303336
-0.21848154
-0.50410015
-0.40605197
0.40817423
0.54458909
-0.85579471
-1.1307559
7.501747
0.25683899
-0.0053333191
0.6383743
0.81315584
-0.11617039
-0.57230758
-0.15880004
-0.11617039
-0.42097235
0.66182061
0.49769648
0.15026488
2.825275
0.97088552
0.43801498
-1.1115726
2.9020084
0.80249843
-0.075672231
-1.356693
-0.64051501
-0.34637047
2.5694972
0.10976672
0.85791697
-0.74495764
0.12681858
0.19502601
-0.2952149
0.041559289
0.40604274
0.75347434
-0.51475756
0.6980558
-0.2952149
-1.0540226
0.52114278
0.020244467
0.050085218
0.99220035
-1.245856
0.043690771
0.056479664
0.34422976
-0.63412057
-0.32931861
-0.88350398
-1.4504782
0.77692064
0.19076304
-0.63198908
0.89841513
-0.19503523
0.89202068
-0.077803714
-0.38900011
-1.8170932
0.058611147
-0.5339409
-0.36129084
-0.42949828
1.0774596
1.2394523
0.10550375
0.026638914
0.4230946
-1.5400005
-0.37407974
0.81315584
0.19715749
-0.91547621
0.24191862
-0.3186612
-1.0859948
0.47851314
-1.3545615
0.48703907
0.56590391
-0.16093152
1.0540133
-1.4440838
-0.68314466
-0.38900011
-0.4380242
-0.050094445
0.20568342
0.082057451
-0.70445948
-0.43376124
0.50622241
-1.2351985
1.4888357
-0.35915936
0.10976672
-0.31226675
-1.6444431
0.95809663
-0.17798338
-0.42736679
3.6821309
0.86217993
-0.82808544
0.33144087
-0.25045377
0.61705948
-0.13748521
-1.1243615
-0.24832229
-0.46573347
-0.44441865
-1.3460356
-1.6764154
-0.33571306
-0.44228717
-1.0625485
-1.126493
0.31225753
1.5272024
0.075663004
0.41456867
0.33144087
0.36980755
-0.50623163
0.10124079
-0.282426
0.50622241
-0.83447989
-0.10977595
1.6145931
0.39112237
-1.3268523
-0.86005768
-0.33997602
-0.85153175
-0.34850195
1.1243522
0.69166136
0.25044454
-0.71724837
-0.033042588
1.0220411
0.49343351
-0.74282616
0.62345393
-0.033042588
1.1200893
1.4632579
-0.61706871
-0.81955952
-1.5080283
-0.83447989
-0.33571306
-0.8579262
-0.65543539
-0.050094445
-0.42523531
-0.088461125
-0.9772892
0.0053240919
-0.086329642
-1.0497596
-0.28455749
-0.026648141
-0.03517407
-0.61280574
0.16518526
-0.12043336
1.627382
-1.2970115
0.48917055
-0.37194826
-0.11190743
-1.3119319
0.34849272
2.4778434
-0.5104946
0.16518526
0.47425017
0.71297618
-1.5613153
-1.4547412
0.11616117
0.31438901
1.5208079
-0.13535373
0.49769648
1.1328782
1.3545523
0.32504642
-0.41031494
-0.15453707
-1.1073096
-0.38473715
-0.32505565
-0.74495764
-0.32718713
0.067137075
-0.28882045
-1.2351985
-0.28668897
0.68526691
0.96022811
0.96022811
0.50409092
0.2674964
-1.6401802
-0.041568516
-0.84940027
-0.7620095
-0.96236882
0.70018729
-0.14387966
-0.22700747
-0.4145779
-1.533606
0.4593298
-1.1158355
1.1073004
-1.1968319
0.4827761
-0.2589797
0.13321302
0.14387043
-1.0817318
2.9041399
-0.41670938
0.20994638
2.1538581
-0.088461125
-1.0220503
0.89841513
0.34849272
-1.2224096
0.66821505
0.2674964
0.3996483
0.28241678
-0.28029452
0.19289452
0.12042413
0.74921138
-1.2309356
0.099109308
0.94743922
0.043690771
-0.043699999
-0.077803714
0.1118982
0.40391126
-0.10764446
-1.2650393
-0.49770571
0.64476875
-1.2735652
1.2607671
-1.1883059
1.1477985
3.0618696
-0.17585189
-1.2245411
-0.44015569
0.31225753
0.25044454
0.35275569
-1.2309356
1.4526005
-0.44228717
1.1520615
0.48917055
-0.32079268
-0.21421857
-0.022385177
0.51474834
1.9961285
1.1563245
1.7957691
-0.028779623
-0.54246683
-0.35276492
0.062874111
1.8959488
-0.33145009
-0.43162976
0.73002804
0.60853355
0.84939104
-1.3311152
0.25897047
-0.33571306
0.2312612
1.0284355
0.44014646
-0.87497805
0.050085218
0.2674964
2.0025229
-0.30800379
-0.037305552
-0.20142968
0.13960747
-0.21421857
0.54672057
-0.64904094
2.05581
0.92186143
-0.088461125
0.16518526
1.5506487
0.33144087
0.63197986
2.0984396
0.27175937
0.30586308
0.69379284
-0.2952149
-0.86005768
-1.5058968
0.21634083
-0.19077227
-0.95384289
-0.65543539
-0.14601114
-1.3375097
0.67674098
0.52327426
0.2078149
-0.058620374
-0.68314466
1.2224004
-0.075672231
-1.2181467
0.23339269
0.78970954
0.68100395
-0.12469632
0.12468709
0.66182061
-0.82808544
0.39751681
1.6081987
0.77478916
-1.3375097
1.5144135
-0.11190743
0.94743922
-1.5101597
0.12895006
-0.84087434
2.6995176
3.0128455
-1.4099801
0.64476875
0.50195944
-0.058620374
0.79184102
-1.1669911
0.27175937
-0.19290375
-0.10551298
2.8742991
-0.020253694
-0.33571306
-0.043699999
1.1200893
-0.6064113
0.3037316
-1.7531487
0.51474834
-0.3783427
0.13960747
0.495565
-0.33358158
1.2884764
-0.36555381
-1.1947004
0.47638166
0.33357235
0.09058338
-0.99860402
1.3097912
-1.245856
-0.87284657
0.3868594
-0.14601114
-0.16519448
1.0199096
-1.5677098
0.62771689
-1.0838633
0.099109308
-1.6359172
-1.0412337
-1.0412337
-0.062883338
-0.92400214
0.092714862
-0.25684822
0.38472792
0.094846344
0.72576507
1.3161856
1.09238
-1.3502986
0.73215952
0.10976672
-0.43376124
-0.03517407
-1.5932876
1.3524208
-0.14387966
-1.4632671
0.82168177
1.4227597
0.34636124
-1.1158355
-0.59788537
-0.20142968
0.31438901
0.13321302
0.058611147
0.43375201
0.088451897
1.1179578
-0.067146303
0.2674964
-1.0966522
1.9066062
0.68952988
-0.90695029
0.16518526
1.3012653
2.7123065
-0.58083351
-0.81316507
0.95383367
-0.099118535
0.11616117
-0.020253694
0.77692064
-0.97515772
2.4970268
0.97088552
-1.3502986
-0.5104946
0.19289452
-1.365219
-1.5826301
0.7108447
0.44867239
-1.3183263
-0.74069467
-1.3140634
0.33783531
0.11616117
-0.61280574
0.41883164
-0.89629287
0.7939725
0.27389085
-1.2288041
-1.0135244
0.33783531
-1.5634468
0.3037316
-0.039437034
0.44654091
0.35488717
-1.6828098
0.44440942
0.90480958
-1.3417727
0.36980755
2.3861897
-0.092724089
0.18650008
-0.69593355
-1.2842226
0.2674964
-0.73643171
-0.92826511
-0.28455749
0.85578549
0.58295577
0.73002804
-0.23340191
0.92186143
-1.2245411
-1.1200985
0.85152252
-1.0582855
-1.4270319
0.70658173
0.013850021
-0.97942068
-1.5122912
1.2330578
0.64263727
-0.96236882
-1.245856
0.99433183
-0.0053333191
1.693458
-0.1033815
-0.66182983
-0.30160934
-1.1073096
-1.0710744
-0.26324266
0.64903171
-0.33358158
-1.2650393
-0.97942068
2.3243767
-0.98581513
-1.3311152
0.23552417
0.0522167
1.8767655
0.11402968
-1.0305763
-1.1478078
-1.3375097
-1.2266726
-0.31652972
-0.65969835
3.430616
-1.3055375
0.89628365
-1.1947004
-0.44015569
0.23765565
-0.72790578
1.0817226
-0.16945745
0.0031926097
-0.51475756
1.2927393
-0.8451373
-1.6423116
0.20568342
-0.10551298
0.34636124
0.44227794
0.86857438
-0.08419816
-0.63625205
2.2689582
-1.0732059
-1.5847616
-0.69167058
-0.21635006
0.2312612
-0.41670938
0.47851314
-0.32718713
-0.90268732
0.57229835
-1.5250801
0.25683899
-0.87497805
-1.2138837
0.53606316
1.1009059
0.38046496
-0.98368364
-0.33358158
-0.20142968
-0.35276492
-0.84087434
2.0685989
0.19289452
-1.4717931
0.39538533
1.1477985
-0.67248724
1.4696524
0.21847231
0.15452785
-0.77053543
1.5058876
-0.40818345
0.853654
-1.4590042
-1.2266726
-0.2952149
-1.1115726
0.21634083
0.26536492
-1.0518911
1.7424821
-1.7062561
0.28028529
-0.12469632
0.30586308
0.95596515
-0.48917978
0.11829265
0.0053240919
0.056479664
-0.18650931
-0.28882045
-1.2181467
0.037296325
1.8213469
-0.78119284
-0.62559464
0.23978713
-1.1861745
0.33144087
0.82381325
0.16944822
0.26110195
-0.64051501
2.3691378
0.46785573
0.39112237
-0.026648141
-0.71511689
1.039093
-0.19077227
0.082057451
-0.11617039
-0.20569264
0.18223711
-0.2589797
-0.079935196
-1.0156559
1.2394523
0.20142045
0.77265768
-0.50836312
-0.90268732
-1.060417
-0.18864079
0.61066503
-0.60427981
0.89628365
-1.0156559
-0.32505565
-1.6892042
-1.06468
1.2501097
0.32504642
-0.86005768
-0.69167058
2.1730415
0.26110195
0.086320415
0.46359276
-0.71085392
-0.35063343
-1.8746432
0.2078149
-0.44868161
0.48703907
1.3332375
0.075663004
3.9592236
-0.08419816
-0.043699999
-1.9726914
0.060742629
-1.0987837
0.78118361
0.29946863
-0.11190743
-0.94318548
-0.99007809
0.54672057
0.062874111
1.1136948
0.82168177
-0.58935944
-1.5826301
1.2053486
-1.2245411
-0.51262608
-1.5229486
1.5954098
0.067137075
1.1243522
0.78757806
-0.55738721
0.39751681
-0.71511689
3.2963326
-1.1925689
-1.3822708
1.030567
-0.54459831
-0.21635006
0.495565
2.6931231
-0.37407974
0.74707989
-1.0220503
-1.5485264
0.46998721
0.018112985
-0.74708912
-0.86645212
0.12681858
0.65755764
-0.87071509
-1.3545615
0.53393168
-1.1009152
0.79184102
0.37620199
-0.39326308
0.38046496
-0.01599073
1.0668022
0.050085218
-0.15880004
-1.1307559
1.2479782
3.2963326
-1.1520707
0.75347434
-1.5826301
-0.66396132
-0.57870203
-0.91334473
1.388656
-0.32292417
0.93678181
-0.93679104
-0.54246683
1.8810284
0.44440942
0.69379284
-0.20995561
0.23978713
-0.11403891
-0.85366323
-0.45507606
0.42948905
-0.19077227
0.1715797
0.4593298
1.6423024
0.16518526
1.3652097
-0.18011486
-0.067146303
1.0987745
-0.38473715
1.2501097
-0.80037618
-0.20142968
-0.67888169
2.8785621
-1.0796003
-0.14601114
-0.1268278
0.36980755
-0.17372041
0.020244467
-0.63838353
-1.5016338
0.09058338
0.83660215
1.335369
0.41883164
-0.78758728
0.28028529
-0.84940027
-1.0369707
-0.38473715
1.158456
-0.45294458
-0.71724837
0.58082428
0.34636124
-0.58083351
2.7847769
2.2178026
-0.23979636
-0.08419816
0.52540575
0.33783531
1.689195
0.78544657
0.97727997
0.26536492
0.80462991
-0.81316507
1.7915062
-0.80463914
-0.52541497
-1.241593
0.056479664
0.020244467
-0.12469632
-0.27390008
0.32504642
0.83660215
0.29094271
0.41030571
1.1946912
-0.033042588
-0.46999644
0.84086511
0.35062421
-0.95810586
-0.29095193
1.9044747
-1.6529691
0.45719832
-1.6337857
0.31865197
0.42735757
0.97941145
0.37407051
-0.073540749
0.1715797
-0.46147051
-0.028779623
-0.61280574
-0.282426
0.8898892
-0.96236882
-0.11403891
-0.16732597
-0.2355334
0.92186143
0.75986879
-1.3844023
0.61919096
-0.60001685
1.2607671
-0.90055584
-1.0433651
-0.32718713
-1.1137041
-0.42736679
-0.20142968
0.42096312
0.31012605
-0.25045377
-0.31652972
-0.64477798
0.77905213
-0.29947786
0.7108447
1.7019839
1.6145931
0.31225753
0.069268558
0.10976672
-1.3332467
0.31438901
-0.30800379
-1.2351985
0.096977826
0.40177978
0.38472792
-0.84726878
-0.36129084
-0.024516659
0.13534451
1.5826209
-0.26537415
0.54032612
-1.5868931
-1.7510172
0.43162053
-0.55312424
-0.86858361
0.34209828
3.2707548
1.631645
0.25470751
0.31225753
0.38046496
-0.056488892
1.0795911
-0.1992982
-0.69806503
0.28667974
1.2053486
0.5552465
0.81315584
-0.050094445
-1.6124709
-0.30587231
-1.0497596
3.0938418
-0.36555381
0.26110195
0.079925969
0.71510766
0.56377243
0.18650008
0.25257603
0.54672057
-1.2714337
-1.2863541
-0.18437782
0.40177978
-0.30587231
-0.51688904
2.3371656
-0.99434106
0.19289452
-0.18864079
-0.17372041
3.5585049
-0.23340191
0.55737798
-0.4508131
2.1432007
0.069268558
0.29094271
-0.97089475
-1.3353782
-1.3332467
0.68739839
0.18010563
1.1414041
-0.18650931
1.9385784
0.33144087
-1.1392818
-0.34423899
-0.92826511
0.63624282
0.41243719
0.25683899
-0.82808544
-1.4121116
-0.87497805
-0.60214833
1.0049892
-0.31439824
0.51687982
-1.1691226
0.47851314
0.19715749
-0.40178901
-0.060751856
0.2312612
-1.2842226
-0.17158893
0.75986879
1.3545523
-0.95810586
-0.80250766
-0.97942068
0.17584267
-1.1947004
1.3396319
-1.603945
0.6511632
-0.17798338
0.10976672
-0.32079268
-1.2799597
-0.33784454
-0.63838353
-1.5591838
1.1435356
0.23339269
-0.14601114
0.46572425
-0.58296499
0.25897047
0.026638914
2.4565286
0.39538533
0.91333551
-0.57657055
0.09058338
-0.26537415
-1.2010948
1.4781783
-0.93252807
-0.31652972
-1.0668115
-1.7616746
-1.7979098
-0.88989843
2.1815674
0.28454826
0.66182061
-0.10764446
1.088117
0.030901878
-1.2970115
2.8956139
-0.38900011
-1.476056
0.95596515
0.66821505
1.2032171
0.13321302
-0.9048188
-0.95810586
0.23765565
-0.85366323
1.0156467
0.11616117
0.25044454
-0.12256484
1.1073004
0.0522167
-0.0074648013
0.28241678
0.14600192
0.6980558
-1.1243615
0.77265768
-1.1669911
-1.5272116
0.12895006
-0.73216875
-0.29095193
-0.1268278
0.24831306
-0.44441865
1.3950505
1.4035764
-0.020253694
-0.70019651
-0.099118535
-0.58509647
0.63624282
-0.0095962835
-0.33145009
0.12468709
0.62132244
0.060742629
-0.18011486
-0.64051501
-0.53820387
-0.14601114
-0.34637047
0.52540575
3.2750178
0.32930938
-0.18224634
0.013850021
0.20994638
2.4480027
-0.75348357
0.073531522
0.79823547
2.0003914
-0.56378165
-1.117967
0.54672057
2.9467695
-0.51475756
-0.0053333191
-0.89202991
0.89841513
1.0604078
-0.018122212
-1.3993227
0.054348182
-1.0625485
-0.096987053
-0.17798338
-0.82808544
-0.72151134
-0.49557422
0.65755764
-0.011727766
-0.51262608
-0.32931861
-1.4291634
0.54458909
0.0074555741
0.55311501
0.90480958
-0.61280574
-0.077803714
-0.18650931
0.614928
-0.36768529
-1.480319
0.59574466
-0.03517407
-1.2501189
0.30160012
2.6547565
0.57442984
-0.7620095
-0.54246683
0.020244467
0.086320415
0.71510766
0.21847231
0.33570383
-0.15453707
-1.2096208
0.088451897
-0.36981677
-0.8089021
0.26110195
-0.0053333191
-0.86218916
-1.1627281
0.86217993
0.62984837
0.11402968
-0.86858361
-1.4376894
3.2835437
-1.1712541
1.0518818
-1.29488
-0.094855571
1.1776393
-1.5058968
-0.88776695
0.19928897
-0.41244642
1.269293
-0.47212792
0.4593298
1.096643
0.19715749
-0.45720754
-1.303406
-0.13535373
-0.45507606
0.28028529
-0.85579471
-0.28882045
-1.3524301
-0.77266691
0.21207786
-0.0010703547
0.99433183
-1.4739245
4.3173126
0.46146128
0.31225753
-0.062883338
0.38046496
0.51687982
-0.18011486
-0.88350398
0.079925969
1.0412244
0.67247802
0.6511632
0.72789655
-1.3758764
-0.49770571
-1.1435448
1.0582763
0.70445025
0.21634083
0.0074555741
-1.0007355
-0.10551298
0.3271779
-0.18650931
0.64263727
0.58082428
1.6614858
-0.16519448
-1.3716134
0.18863156
-0.9772892
0.69166136
-1.3502986
0.36128162
0.65542616
-0.76414098
0.062874111
-1.0774689
0.45080387
0.73855397
-0.73430023
1.3737357
-0.61493723
0.32078346
-0.0032018369
-1.3119319
0.11402968
-0.282426
1.154193
-0.094855571
-0.51688904
0.039427807
-0.73643171
1.3609468
-1.1691226
-0.19290375
-0.047962963
1.5996728
0.734291
-0.039437034
-1.1328874
-0.40392049
-0.19077227
-0.15027411
0.37407051
-0.28882045
-0.28882045
-0.1396167
-1.5783672
0.69166136
-1.1563337
-0.33358158
0.32078346
0.71510766
0.77692064
-0.037305552
0.32291494
-0.6660928
-0.36129084
-0.022385177
-0.71511689
-1.0540226
1.0220411
-0.03517407
0.050085218
0.079925969
-1.6060764
0.16518526
0.29946863
-0.79398173
-1.1499393
-0.93892252
-0.89416139
-0.63625205
1.7808488
-0.12043336
-0.23127043
-1.0796003
1.2266634
0.42948905
0.45080387
-1.4462153
-1.0497596
0.47211869
-0.24832229
-1.3161949
-0.79398173
-0.81742803
0.71723914
-0.14174818
0.62984837
0.073531522
0.36554458
0.97727997
-0.41244642
0.77478916
-0.9176077
-0.34637047
-0.78971877
0.40177978
-0.2355334
0.99006886
-0.20782413
0.0095870563
-1.002867
0.24191862
0.1481334
1.4440746
0.043690771
-0.10764446
0.48064462
-1.8128302
1.2906079
-0.61067426
0.44227794
0.80036695
3.5180067
-0.32505565
-0.056488892
-0.18011486
-0.082066678
-0.76414098
-0.37407974
-0.51262608
0.67034654
-0.89202991
-0.82382248
1.8000321
0.48064462
-0.52754646
0.27389085
-0.82382248
0.94317626
0.55311501
-0.21208709
-1.0540226
0.25897047
-0.28882045
0.026638914
0.734291
-0.4145779
0.13108154
-1.1691226
-0.83234841
1.8362673
-1.1947004
0.16305377
-0.65543539
0.28241678
-1.1286244
0.91333551
1.0412244
0.6511632
-1.780858
0.63624282
0.2078149
-0.87497805
-0.18437782
0.33357235
-1.2565134
-0.80677062
-0.3911316
-0.16093152
-0.5467298
-0.01599073
-0.91547621
-0.90268732
-0.28668897
0.11829265
0.40177978
-1.2074893
-0.64477798
0.74068545
0.10976672
0.039427807
-0.40605197
-0.24192784
-0.57870203
0.35275569
-1.2138837
-1.2479874
-0.90908177
-0.92187066
2.825275
-1.2202782
-0.57443906
0.37620199
-1.8810376
-1.5293431
-1.2394615
0.57016687
0.1843686
0.75773731
-0.93892252
1.0987745
0.66821505
1.1520615
0.52753723
-1.29488
0.058611147
-0.25258525
-0.1396167
-1.3140634
1.3204486
0.86004845
-0.067146303
-0.067146303
-0.47639088
0.47211869
-0.71937985
-0.10125002
0.68100395
-0.87071509
-0.22061302
-1.0135244
0.89202068
0.25470751
-0.19503523
-0.8089021
-1.0391022
-1.1925689
0.34209828
-0.87071509
2.22846
0.33783531
-0.36981677
-0.64264649
-0.067146303
-0.30800379
1.8895543
2.5822861
0.19502601
-0.99220957
-1.3076689
-0.12469632
-1.0732059
0.43162053
0.47425017
-0.026648141
-0.17372041
-1.5677098
-0.14601114
0.20355194
-0.72364282
-1.4590042
-0.64690946
-0.7492206
0.36128162
-0.87071509
-0.36555381
-0.092724089
0.32930938
-0.21208709
-1.7126506
0.7939725
-0.85153175
1.3033967
-0.9772892
-0.76414098
-0.75348357
-0.84087434
-1.0327077
2.3563489
-1.4270319
0.07140004
-0.30160934
0.67247802
-1.1925689
0.7939725
-0.79185025
-0.56591314
-0.69593355
0.20355194
-1.1968319
-1.2863541
-0.79398173
-1.0092614
-0.11190743
-0.39752604
0.734291
-1.4547412
0.68100395
0.060742629
3.1386029
0.1118982
0.0074555741
0.84299659
-0.64690946
0.6383743
-0.18650931
-0.12256484
1.3289745
-0.20995561
0.13321302
-1.3737449
0.64903171
-0.97942068
-1.2927486
0.57656132
0.72789655
-0.41244642
0.015981503
0.7108447
-0.63625205
1.211743
2.4543971
0.11829265
-0.22913895
0.15239636
-1.5804987
0.58721873
1.2671615
-1.3588245
-0.63625205
0.37620199
0.037296325
0.88775772
-0.25045377
-0.88776695
0.31865197
-0.082066678
-1.6785468
-1.6955987
-0.83234841
-0.15027411
-0.12043336
-0.37194826
1.8106895
-0.99434106
2.0046544
-1.1947004
4.9631517
-0.20142968
-0.64477798
-0.31226675
3.6927883
0.65755764
-0.082066678
-1.533606
-1.8234876
-1.5762357
0.6511632
-0.1396167
0.4827761
-0.0032018369
-0.96663179
-0.2355334
0.18650008
-1.0902578
1.0497504
0.614928
-1.1542022
0.17584267
-1.6380487
-0.49131126
-1.2266726
-0.49557422
-0.58722796
-0.1992982
-0.67248724
-0.77692987
1.2224004
1.6188561
-0.97302623
-0.96663179
-0.13535373
-0.8451373
-1.2096208
-0.61920019
0.0053240919
-0.78119284
0.069268558
-0.15453707
-0.17372041
-0.018122212
-0.37194826
-1.1030466
0.40817423
-0.78332432
0.58508725
-0.67248724
0.12255561
0.10976672
0.66395209
-0.702328
0.74281693
-0.37194826
0.2078149
0.43588349
1.1350097
1.09238
-0.037305552
-0.59788537
0.26323344
0.31865197
-1.5144227
-1.8874321
0.11402968
-0.14387966
-1.1392818
-0.13109077
-0.32079268
-0.21421857
-1.1691226
0.6746095
1.8021636
-0.073540749
-0.37407974
0.22912972
0.51261685
0.37407051
-0.088461125
0.10124079
-1.2671708
1.5570431
1.5208079
0.030901878
0.4230946
-1.175517
0.37833348
-0.60854278
-0.35276492
0.22912972
-0.20995561
0.31865197
0.056479664
-0.1268278
0.21634083
0.40391126
1.0838541
-0.90695029
0.80036695
5.2040092
-0.36342233
0.55950946
-0.91334473
0.2312612
-1.5911561
0.66821505
0.022375949
0.36128162
0.13321302
-1.2863541
-1.1094411
0.37620199
-0.7620095
-0.87497805
0.79610398
0.14387043
0.16092229
-1.356693
0.082057451
0.56590391
1.1200893
-0.33784454
1.3822616
-0.15880004
-1.1158355
-0.88563546
-0.29095193
0.10124079
1.8469247
0.49130203
0.077794486
-0.6660928
-0.03517407
3.3602771
0.54458909
-1.4014542
0.45719832
0.47851314
-0.42736679
1.1605874
-1.4312949
-0.46786495
-0.42949828
-0.41244642
0.64690023
0.74068545
0.75347434
-1.3588245
-0.024516659
0.5190113
0.38472792
0.011718538
0.61279652
1.1968226
0.12042413
0.71937063
-0.39326308
0.40391126
0.1843686
0.082057451
0.75986879
1.2628986
0.067137075
-1.5229486
-1.0113929
-1.0902578
-1.2927486
-1.2351985
-0.57230758
0.1118982
-0.83447989
-1.2863541
0.34209828
0.082057451
0.5190113
2.1453322
-0.9048188
-1.0476281
4.1979496
-0.062883338
-0.90268732
0.57229835
1.3481579
1.5954098
2.5844175
0.1715797
1.8234784
-0.052225927
-0.67888169
-1.0859948
-1.1904374
-0.73216875
-0.12043336
0.19928897
-0.63625205
-0.045831481
-0.39539456
1.5186764
0.22273528
-0.41031494
-0.18437782
-1.1137041
0.86004845
-1.299143
-0.052225927
0.64690023
-0.26537415
0.17797415
0.92825588
-1.0732059
-0.43162976
-0.062883338
0.46359276
0.36980755
-1.1073096
-0.2355334
-0.082066678
-0.21635006
0.79823547
0.0522167
3.1641807
-0.79611321
0.99433183
-1.2970115
0.39325385
1.2906079
-1.2756967
-0.20995561
0.024507432
-0.60214833
-0.60427981
0.12895006
1.755271
0.85578549
-1.1883059
0.054348182
-1.1414133
0.10550375
-1.3716134
1.9982599
-0.34637047
0.38046496
-0.2952149
0.84512807
2.232723
-0.83234841
0.026638914
-0.38260567
-0.020253694
0.77692064
-0.13535373
-0.22700747
-0.93039659
-0.20142968
1.0731967
-0.17372041
0.030901878
0.15026488
1.3012653
-0.38047418
-0.11403891
-0.44228717
1.1627189
0.4593298
0.53180019
-0.98581513
-0.37621122
0.90267809
-0.53607238
-0.64904094
-0.28882045
0.37833348
0.72363359
-1.0859948
-0.54033535
-0.18864079
-1.2970115
-0.163063
-1.2224096
-0.7854558
-1.5911561
0.27602233
3.0298973
0.32930938
0.058611147
-0.34423899
0.59361318
-0.24192784
0.31225753
2.4245564
1.5911468
2.2156711
0.91759847
-0.37194826
0.26323344
-0.071409267
-0.28029452
1.1605874
0.0053240919
2.4309508
-1.6082079
-0.11403891
-1.4590042
0.14387043
0.76626323
-1.3247208
-0.71085392
-1.5868931
-1.0092614
0.28028529
-0.44441865
-0.5339409
2.9403751
-0.7492206
-0.39326308
-0.011727766
-1.723308
-0.067146303
0.25470751
-1.0689429
0.54032612
-0.018122212
0.59361318
-1.2543819
1.5378598
-0.12469632
-0.95384289
0.52540575
0.13960747
-1.3716134
0.97088552
-0.26111118
-1.0923892
0.24191862
0.15452785
-0.077803714
0.37620199
0.23339269
0.60213911
0.13747599
-0.74708912
-1.7105191
-0.5339409
-0.39965752
-0.90055584
0.0522167
2.5012897
-0.3186612
-0.73643171
0.013850021
0.96875404
0.020244467
0.82381325
-0.78758728
-0.9645003
-0.011727766
-0.7492206
4.7649238
-0.97302623
-0.63412057
-1.0199188
-0.57657055
-0.13322225
0.64690023
-0.92826511
-1.3012745
0.19715749
-1.2160152
-0.46360199
-0.95597438
0.15026488
0.30799456
1.5634376
0.97088552
-0.76414098
-0.73003726
7.4719062
-0.62133167
-1.0327077
0.39112237
-1.0838633
1.8682395
0.056479664
-1.3439041
-0.50623163
-1.2266726
1.3396319
-1.1669911
-1.2735652
0.011718538
0.42735757
0.88349475
0.5786928
-0.34423899
-1.3588245
1.2287949
-1.1883059
-1.6828098
-1.1648596
-1.3545615
-0.043699999
-1.23733
0.28454826
-0.39326308
-1.5527894
-0.23340191
-0.79611321
-0.94744845
0.69379284
0.10976672
-1.0433651
-1.1989633
0.61066503
0.64050578
-1.3332467
0.19715749
1.4803098
-1.1733856
-1.537869
-0.46573347
-0.64477798
-1.4824505
-0.83447989
0.7108447
1.4568635
-0.64264649
-0.62772612
-1.0987837
-0.64264649
0.51687982
-0.23340191
-0.26324266
0.3037316
0.38046496
0.68100395
0.64690023
-0.23340191
-0.62133167
-0.27390008
-1.2863541
0.35915014
0.72150211
-0.55099276
-1.414243
2.9105343
-1.5506579
0.48064462
-1.2309356
0.0522167
1.5506487
0.28454826
-0.067146303
0.088451897
0.94743922
-0.90055584
-0.028779623
0.41456867
-0.80677062
-0.25471674
0.3634131
0.045822254
-0.13322225
0.83660215
-0.73430023
0.65968912
-0.11830188
-0.018122212
0.094846344
-0.22487598
-1.7467543
-1.599682
-1.7531487
1.14993
0.66182061
-0.8579262
-0.69806503
0.35915014
-0.37407974
0.56590391
-0.19503523
-0.30374083
-0.27176859
-1.6977302
0.084188933
1.8447932
-1.1435448
0.62132244
-1.0369707
-1.3460356
0.84725956
0.041559289
-1.0412337
-0.22487598
-0.54033535
-1.1584652
0.46359276
0.96662256
-0.041568516
-1.3822708
-0.0010703547
-0.013859248
-0.21208709
1.0156467
0.30799456
0.36128162
-0.29308341
0.0074555741
0.55098353
0.0053240919
0.22912972
-0.93465955
0.46998721
-0.54459831
-1.1456763
-0.54246683
-0.13748521
0.1843686
-0.6660928
-1.1542022
1.9300525
0.24618158
-1.5868931
-0.17372041
-0.76840394
-1.0753374
-1.2032263
2.9595584
0.29946863
-0.17372041
1.2437152
-0.84940027
0.26110195
-0.84300582
0.95809663
-0.30587231
0.9261244
-0.61493723
0.29094271
-1.1051781
0.29520567
-1.3311152
-0.68527614
-0.099118535
0.48064462
-0.3548964
-0.26324266
-1.603945
-0.48491681
0.13534451
-1.0902578
0.36980755
-1.0881263
-1.0391022
0.12895006
-0.85366323
-1.1819115
-0.99860402
-1.599682
-0.53607238
0.35915014
1.2053486
-0.55738721
0.40391126
0.30799456
-0.16519448
-0.80463914
-0.93465955
-0.12256484
4.3109181
0.8067614
-0.33145009
-0.14387966
0.026638914
0.42948905
-0.31013527
-0.59575389
1.392919
-0.48917978
0.39538533
-0.65330391
-1.6998617
-0.4380242
-0.49344274
3.4156956
1.5527802
-1.3183263
-0.60214833
-1.4632671
2.232723
-0.87497805
-0.30160934
0.39325385
3.1130251
1.7637969
-1.4696616
-1.8192247
0.78970954
-1.0241818
2.5972064
0.088451897
0.065005593
2.6313102
1.1563245
-1.1861745
1.3204486
-0.45507606
-0.43589272
1.088117
0.60000762
-1.0092614
-1.7979098
0.28028529
0.086320415
-0.50410015
1.0753282
0.64690023
-0.47639088
0.25470751
0.32291494
-0.082066678
0.039427807
0.25044454
-1.9172728
-0.47212792
1.1371411
0.92825588
-0.97942068
-0.030911105
0.14387043
-0.82808544
0.79610398
0.55098353
-1.2927486
0.73002804
0.72789655
3.0554751
0.45080387
-0.045831481
0.018112985
0.25683899
0.5424576
-0.71511689
-1.6060764
0.22912972
1.3694727
-1.1307559
-0.5701761
-0.6064113
-1.8895636
0.10550375
0.16731674
1.039093
-0.90268732
-1.1435448
-1.0497596
-0.90268732
-0.21421857
0.27602233
-1.002867
-1.3012745
-1.0753374
-0.0074648013
-1.3481671
-1.0348392
0.0010611275
0.46998721
0.25897047
-1.3929282
0.21847231
0.50622241
4.2682885
-1.5314746
1.0838541
1.4781783
1.6550913
-0.030911105
-0.23127043
0.734291
1.20748
0.13960747
-0.40818345
0.29307419
0.12681858
-0.87710954
0.92399292
-0.54886128
-0.97302623
0.20355194
1.1691134
1.1200893
0.52327426
0.14387043
0.26323344
-1.0284448
1.9556303
0.33357235
-0.27816304
-0.86005768
0.0053240919
-0.23979636
2.0110488
0.028770396
1.8213469
-0.46786495
0.32504642
0.12255561
-0.20142968
0.40604274
0.39112237
1.0369615
-1.3311152
-0.22913895
0.50195944
-1.1478078
-0.060751856
0.59148169
2.1645156
0.092714862
-0.14814263
0.40391126
0.022375949
-1.1563337
0.97301701
1.6700117
-0.43589272
-0.81742803
-0.33571306
0.28241678
0.41456867
0.29733715
-0.94318548
1.2991338
0.41456867
0.52114278
-0.16093152
0.3037316
-0.68101317
2.05581
-0.33145009
0.065005593
-0.18224634
1.8874229
1.7318247
-0.98368364
-0.7257743
2.0344951
0.55098353
0.12468709
-1.2693023
0.07140004
0.77692064
