-1.052195136645962776e+02 4.379101739130435078e+01 -3.191891195797325054e-14
-1.228570666666666682e+02 3.897276527777777488e+01 9.641666666666665719e+00
-1.223026809523809533e+02 4.625257857142857176e+01 8.922619047619047450e+00
-1.180260238095238066e+02 3.572253809523809309e+01 9.428571428571427049e+00
-1.093832874999999945e+02 4.127997500000000031e+01 5.237499999999999822e+00
-1.183578399999999959e+02 4.815225999999999829e+01 5.179999999999998828e+00
-1.122412125000000032e+02 4.552861874999999969e+01 7.737499999999999822e+00
-1.050296250000000100e+02 3.681547499999999928e+01 5.125000000000000000e+00
-1.209858692307692252e+02 3.625671794871794873e+01 1.306153846153846310e+01
-1.117980333333333363e+02 3.887483333333333491e+01 5.685714285714285943e+00
-1.248641111111111144e+02 4.054127407407407446e+01 2.068333333333333712e+01
-1.190277647058823476e+02 3.878715294117647261e+01 9.252941176470589113e+00
-1.206071562500000027e+02 4.209138124999999775e+01 7.449999999999999289e+00
-1.227297400000000067e+02 4.847929599999999795e+01 2.680799999999999983e+01
-1.174860923076923029e+02 3.398537179487179571e+01 1.146410256410256423e+01
-1.158306545454545500e+02 4.446040909090908855e+01 7.727272727272726627e+00
-1.209637111111111096e+02 4.513283703703703509e+01 1.850740740740740620e+01
-1.163003599999999977e+02 4.077953999999999724e+01 5.499999999999999112e+00
-1.105831083333333282e+02 4.411864166666666875e+01 4.991666666666667140e+00
-1.007545000000000073e+02 3.521374999999999744e+01 5.000000000000000000e+00
-1.075147409090909036e+02 3.942980909090908881e+01 9.409090909090922494e-01
-1.187926945945945931e+02 3.759114324324324485e+01 8.029729729729730536e+00
-1.218832320754716960e+02 3.745104905660377170e+01 1.594716981132075517e+01
-1.150227666666666693e+02 3.716048666666666378e+01 5.339999999999999858e+00
-1.069934214285714233e+02 4.533928571428571530e+01 1.071428571428571841e+00
-1.087021666666666704e+02 3.388700000000000045e+01 5.000000000000000000e+00
-1.228216400000000021e+02 4.747813428571429029e+01 2.972571428571428243e+01
-1.125925000000000011e+02 3.710620714285714428e+01 9.635714285714286120e+00
-1.189162964285714281e+02 3.418507500000000476e+01 1.194642857142857117e+01
-1.163315000000000055e+02 3.361932307692307376e+01 1.166538461538461569e+01
-1.146862749999999949e+02 4.784618749999999920e+01 1.027500000000000036e+01
-1.251584000000000003e+02 4.829373749999999887e+01 1.908750000000000213e+01
-1.222009249999999980e+02 4.063989500000000277e+01 1.707000000000000028e+01
-1.115712444444444458e+02 4.215846666666666920e+01 4.444444444444444642e+00
-1.217202625000000040e+02 4.779957499999999726e+01 1.932916666666666927e+01
-1.170803444444444494e+02 3.740972222222222143e+01 5.899999999999999467e+00
-1.020870000000000033e+02 4.240766666666667106e+01 5.000000000000000000e+00
-1.198567428571428621e+02 4.666654285714285777e+01 1.421428571428571530e+01
