346112
651265
2160645
651272
395275
1411085
401422
399375
675856
892272
385042
376853
2224151
2588698
395719
36892
1515549
376863
1519654
1511772
378923
2684977
385078
631700
394932
385086
8868533
380994
77897
77898
77900
376909
1646670
1513551
77904
77905
1517923
77910
1511511
77913
77914
631699
77921
394939
2226277
395366
1511528
381033
1941611
2685036
847981
2162801
393332
677050
3375224
3375226
3375227
3375230
3375231
3375232
3375233
3375234
3375237
3375238
3375239
3375241
3375242
3375243
383116
3375245
2685071
3375248
3375249
172178
3375254
379031
631701
3375257
3375258
653467
3375261
878750
3375263
1217904
2588835
395433
3375276
3375278
865309
383152
3375281
652659
2900148
395977
2160824
1411257
391377
631703
383189
399574
400761
391384
876764
391389
848097
379107
1646822
380625
1043836
411882
1517565
385260
377069
3891438
9918705
385269
2400502
876585
377082
848124
499163
1520342
847233
2689289
2689290
385751
393485
653582
385297
878979
393492
653591
393497
8796442
1646876
385309
1646878
412037
170272
676129
385314
170275
2162980
170277
170280
170282
170283
170284
170285
1511726
170287
1216816
170290
170291
170292
170295
1505596
1517885
876862
379199
1513799
1511752
11227
1509715
379223
653657
1218908
385375
1507683
1214821
1516404
8741224
651625
395636
676216
395644
399745
382181
170373
385414
385417
676236
385421
412049
1051028
377238
676248
1647003
1051036
170399
1647009
848283
1941927
377259
879025
2224562
2398281
651706
1505728
1518326
1051041
2161097
392951
676304
382320
395731
651342
1509846
171769
2224603
8866273
631712
383463
2589160
9855468
676333
9855470
1509871
9855474
399443
1509883
170495
877057
2163202
1516036
1839627
383503
393745
1511954
1505813
879135
653858
1513905
1519367
385580
2223538
2589952
172592
2161201
379445
1520183
1839673
1839675
1839678
653889
383554
1839683
676422
1515617
2224714
1839691
9902672
393811
1514070
383575
846948
384461
651871
170592
377447
887403
891501
393844
631717
2685564
379524
1516993
2161289
1516172
391822
651919
2400912
391833
887450
381595
676509
377627
1215140
2225606
651942
400039
391848
377515
1518254
393904
891570
1647285
9900736
9950326
675276
77903
385740
1942222
879311
1517347
1516246
377559
1546019
2163419
9900768
2161381
1518033
396011
385782
383735
2072020
400130
848643
379466
385797
172806
848647
412424
170455
400144
8868626
171822
394011
400159
848675
381732
376966
2399015
399779
1520426
412466
885552
2161458
1507123
9902901
172859
1219381
383810
1519755
381767
396104
392009
11244
385874
377150
1516372
885593
880783
392034
877415
631656
1516394
385170
2401134
385903
631664
172916
631669
631671
631673
631674
8844155
631676
631677
631679
379777
631683
2401156
1516421
631686
2401159
1368970
631691
631692
1368974
9855469
11152
631698
11155
11156
11157
631702
11159
377752
631705
631706
392091
2900122
631710
631711
11168
9903259
631716
381861
11175
1369000
11177
11180
11181
2225070
1369010
1518515
11188
11189
11190
412599
400312
892404
11194
11195
11196
11197
1369022
381888
1369027
676806
1511244
11211
11212
11213
1219535
11219
11224
170969
400347
2401248
1217506
11235
2589668
173032
11241
377836
1646418
865262
865264
380073
1512442
381948
865283
1511937
400517
411820
865290
865294
2225169
394625
2399254
2161156
3375279
846877
2162181
3171360
392233
654378
384044
171054
379952
1510453
676925
1510462
392373
379403
382030
676945
9919578
9846463
848459
171107
1940580
9950312
2368617
9903213
2368622
9950322
9950324
9950325
1518710
9950328
2686073
382074
390270
400511
386179
1647031
9917576
382091
1647085
887662
1043611
2589853
390302
394401
384164
677222
9903272
1647785
381526
847022
677039
9917620
9917621
885945
8793274
1369019
652481
1215687
877770
390347
1518114
877774
401304
849102
2684120
8844154
1510622
892127
384225
9897189
386280
398569
171243
378094
886001
892147
9917684
390389
378103
892154
2223355
394492
886016
8795393
378114
390404
172929
136456
136457
136460
400654
9917798
136466
1647891
136468
136473
136474
386331
378120
1504544
394530
386342
377735
3157294
1942831
398641
399241
400698
677182
398658
411935
1938657
2161992
847757
8795472
880867
400301
398677
1516888
382297
390492
8865119
877920
631696
1942075
392550
2684272
9917672
8739731
1516921
392570
8795515
1647996
2161557
3720577
1516930
677251
847236
392087
499089
380308
394478
2400329
390559
9898907
8716870
2399654
2684329
677294
384431
499122
1646005
395856
8716874
377077
2072000
1217985
390595
2072006
378785
3157286
380364
378317
892371
1220052
847319
8869339
1517022
2442719
398517
380155
2225638
677355
1648108
2684748
2399729
380402
2686547
390644
380417
1410987
8869380
8744453
677382
1518850
395181
2223638
393817
677404
400926
171553
2590299
400934
2225704
8744489
677418
380459
400944
1044017
1513010
1514064
1518485
406112
171845
400969
380491
400972
878157
677454
11192
8744530
2571859
675412
2689294
2684505
394842
2399835
392797
2588254
1044065
1218147
8744551
2686569
3375244
378235
1218170
677499
1646206
382594
1220227
384646
9897613
9917379
2590360
675481
2572229
2225825
8869538
401115
677543
399644
392875
9846447
399024
9846450
380596
377118
1546052
9846457
2231994
380603
9846461
8869567
390850
376521
376527
9897681
405204
400046
1504985
1410778
1941211
1519329
847586
1513188
398630
2572012
384750
390185
394995
631687
171767
171768
1941460
1410811
390908
384765
2397951
1513222
376583
1519916
2225933
2590483
1509142
8865561
1411376
378659
1511995
411612
1507115
499500
1505070
393523
499508
8867642
399164
1546049
395076
8582981
382790
391248
1546056
1546057
1546058
1546060
1546061
1546062
2588495
876368
380754
378710
892334
884568
2226009
876390
171886
2223988
405365
8794431
876413
2590592
395138
1519493
1941382
2224009
400918
1648523
380812
393101
1511311
391060
401301
411544
876442
376731
395165
2226081
393126
876459
393133
391087
1941425
378802
651427
1517495
2224056
412581
1517498
376763
411580
2684866
384963
1214903
384673
411592
380578
384974
384980
393892
378844
401376
382945
2400227
847849
1214444
382973
2224116
2684917
346102
346104
376829
346110
2160639