376521
376527
849102
376583
651158
376731
11152
651265
651272
376763
651342
376829
376853
376863
376909
499089
376966
651625
651683
651706
377069
377077
377082
9897189
377118
377150
499116
651871
651919
377238
651942
377259
499122
9897613
9897681
377447
652481
377515
377548
377559
652638
652659
377627
680208
377735
377752
9898232
377836
11155
378094
378103
378114
378120
499162
499163
653467
11156
378192
9898907
653582
653591
378235
653651
378285
378295
378300
378307
653657
11157
653858
653889
11159
8582981
378659
378710
378785
378802
378844
378889
378923
654378
9899802
8739731
379031
379107
379199
379223
379403
379445
379466
379524
8741224
865262
846877
865264
846948
847022
379777
847233
847234
847236
379952
847319
865273
380073
380155
847586
380308
865283
380364
380417
380459
847757
380491
865290
847849
380578
847981
380596
380603
865294
380625
848097
848124
865302
380754
380812
848283
848320
8744453
11168
8744489
8744530
8744551
8744555
848459
865309
848643
848647
381033
848675
381526
381537
876368
876370
876390
876413
381595
876434
876442
381629
876459
876585
381732
381767
381827
381861
876764
381888
381948
876862
382030
1043611
382074
382091
877057
382181
382297
382320
382333
382363
877188
382427
499398
877373
877415
1043836
382594
382658
8793274
877651
382790
877770
877774
382945
877920
382973
1044017
8784817
8794431
878157
383116
383152
1044065
383189
8795393
8795515
8795534
11174
383463
878750
383503
11175
383554
383575
878948
879025
383735
879135
11177
8796442
499500
879311
499508
383810
1368968
1368970
8865119
384044
384164
8865561
1368974
1214444
384225
8865660
1214821
1214903
1215140
384431
384461
8866273
1215687
11180
11181
384646
384673
384750
1216816
384765
1369000
384963
384974
384980
1217506
385042
8867642
385078
385086
8867737
1217904
385170
1217985
385260
385269
385297
385309
385314
1218147
1218170
385375
880734
1369010
385414
385417
385421
385580
1218908
8868533
11188
11189
8868626
8868654
385728
385740
385751
1219381
385782
8868767
385797
1219535
385874
385903
1369019
11190
386073
386110
1220052
386179
1369022
11192
8869339
8869380
8869403
1220227
880783
11194
1220347
8869527
8869538
8869567
386280
11195
386331
386342
1369027
11196
9900661
9900736
11197
9900768
9900777
9900778
1546019
388836
388894
11198
880812
9901056
11200
389020
389026
1409362
389083
11202
389100
389109
1546025
389215
1409528
389270
1409590
1409592
11204
389401
389463
389470
9901697
1409933
389606
389683
1546035
9901895
389726
1410184
11207
389863
11209
389898
8902184
1546042
1410352
9902232
880853
880854
389987
390038
1410451
11211
11212
1546048
9902436
1546049
11213
390185
1546052
390270
390302
880867
9902642
390347
1410778
390389
390404
1410811
390443
1410856
390492
1546056
390559
1546057
1546058
390595
1410987
11219
9902901
390644
1411085
1546060
8902189
1546061
9903022
1546062
390839
390850
390883
1411257
9903213
11224
9903272
390908
390912
1411376
11227
391006
391060
1546066
391087
391090
391095
391103
11233
391248
1646005
11235
391377
391384
391389
9846447
1504544
1839627
1646206
9846448
1646343
391565
11238
1646418
9846450
1504985
1505070
1646670
391822
391833
391848
1839667
391917
11241
1646822
1646876
1646878
392009
392034
392087
392091
1839673
1839675
392233
1647003
1647009
1647031
392373
1647085
1839678
1505559
1505596
11244
392550
392570
1505728
1839681
1647285
1505803
1505813
9846457
1647460
1839683
1505994
392797
392875
392951
1839687
1647785
392992
1647891
393101
393126
393133
1647996
1648108
393485
393492
393497
393523
1507115
1507123
1648523
884568
9917379
393723
393745
1938657
9855468
393811
393817
393844
393873
393892
393904
393927
9917576
9917620
9917621
9917670
9917672
9917684
394011
9917730
631656
9917798
9855470
2072000
1939482
394401
394478
394492
394530
394625
394628
394705
9918705
394842
1940580
2072006
1940663
394932
394939
394995
395076
395138
395165
395181
1941211
9855474
395275
1941382
1941425
395366
1941460
395433
1941611
9919578
631664
1941927
395636
395644
1942075
395719
395731
1942222
2072020
395856
395977
1942831
396011
396035
396104
1507465
675276
675412
1507683
2160639
2160645
2160824
2160867
2160878
2442719
675856
2161097
2161156
2161201
2231994
676129
2161289
2161381
676216
676236
676248
2161458
676304
676333
2161557
676422
2232000
1509142
676501
676509
2161992
676806
676925
1509715
2162181
9950325
1509846
1509871
1509883
676940
676945
631669
677039
677050
9950326
631671
677182
1510374
677222
885552
1510453
2162801
677251
1510462
631673
1510594
1510622
2162980
677294
2163105
631674
677355
677382
677396
2163202
677404
677418
885593
677454
677499
677525
677543
2163419
77897
2223355
2223366
1511244
631676
1511311
2223538
77900
1511511
2223638
1511528
398517
1511681
398569
1511726
631677
1511752
1511772
398630
398641
398658
398677
2223988
2224009
2224054
1511937
2224056
1511954
885945
1511995
2224116
2224120
2224151
77905
2368617
398947
631679
2368622
399024
399069
1512442
886001
2224562
2224603
2224648
399164
2224714
399241
2368629
2225070
1513010
399375
2225169
631683
886016
1513188
1513222
399443
399512
1513551
2225606
2225638
2225704
631686
631687
1513799
2225825
1513837
2225933
1513905
2226009
1514064
1514070
2226081
399596
399644
399745
2226277
399767
399779
77921
2397951
887403
2398281
400039
400046
2571859
400130
400144
400159
887450
631691
400262
400301
400312
2572012
400347
2399015
400452
1515549
400511
1515617
2399254
400654
2572229
631692
400698
2399654
400761
1516036
2399835
1516172
1516246
400918
400926
400934
400939
400944
1516372
1516394
1516404
136466
1516421
2400227
400969
400972
887662
2400329
631696
401046
2400502
401115
1516888
1516921
1516930
1516993
1517022
401276
2400912
401301
401304
631698
1517347
2401134
401376
2401156
2401159
631699
2401180
401422
136473
2401248
136474
631700
170373
170399
170455
170495
2689289
631701
411544
170592
2588254
2689290
411580
631702
411592
631703
2588333
411612
631705
411620
2588357
2588393
411655
170277
2588495
631706
170969
171039
171054
2588698
171107
170280
411820
2588835
2689294
171243
891501
170283
411882
2588957
170284
411935
2589160
170287
412037
412049
171553
171767
171768
171769
891570
631710
171806
171822
170291
171845
171886
171983
2589668
631711
631712
172178
2589853
172239
2589952
172317
172398
170295
3171360
172592
412424
2590286
2590299
412466
2590360
172806
412581
412599
172859
2590483
172916
172929
2590592
631716
173032
631717
1517495
1517498
1517565
2684141
2684272
2900122
405144
1517803
405150
2900148
892127
405204
1517885
1517923
2684505
405250
1518033
892147
1518114
892154
2684748
346104
1518254
2684771
1518326
2684866
2684917
405365
405397
1518485
2684977
1518515
1518558
2685036
2685071
1518710
892272
1518769
1518850
346110
1518883
2685564
3157286
631722
1519329
1519367
1519493
892334
1519615
1519620
1519654
2686073
1519755
892358
406010
1519916
892371
2686449
3157294
2686547
2686569
1520183
1520201
892404
1520310
892415
1520342
1520387
1520426
3375224
3375226
3375227
3891438
3375230
3375231
3375232
3375233
3375234
3375237
3375238
3375239
3720577
3375241
3375242
3375243
3375244
3375245
3375248
3375249
3375254
3375257
3375258
3375261
3375263
1051028
1051036
1051041
3375276
3375278
3375279
3375281
