-0.78119284
0.33144087
-0.86218916
-1.4462153
-1.1371504
-1.5506579
-0.82382248
0.38046496
0.36554458
-0.72790578
-1.2479874
-0.60214833
-0.15027411
-0.84300582
0.72576507
0.31225753
0.088451897
-1.3375097
-0.62346315
-0.80037618
-0.25045377
0.10337227
-0.39326308
-0.32505565
-0.10551298
0.094846344
0.30799456
-0.20356116
1.2501097
-0.86645212
-1.2032263
-1.0838633
-0.91547621
0.037296325
-0.41244642
1.1200893
-0.37194826
0.31652049
-1.5826301
-1.8639858
2.467186
0.40391126
-0.050094445
0.64690023
1.5357283
0.39751681
1.4312857
-0.57657055
0.6980558
-0.26963711
-0.7620095
-0.092724089
-0.98155216
-0.46573347
1.0433559
3.2750178
-0.073540749
1.3843931
0.71723914
-0.030911105
0.68739839
-0.95597438
2.4586601
0.48064462
0.26323344
-0.067146303
-0.79824469
-0.84940027
0.062874111
-0.099118535
-0.31226675
-0.83021693
-0.51688904
-0.18864079
1.4888357
-1.1073096
1.5272024
-0.702328
2.3329026
0.16731674
0.72576507
0.33570383
0.073531522
-1.2884856
-0.96023734
-1.2671708
1.6764061
0.90907254
-0.66396132
0.68100395
-0.86432064
-1.1669911
0.46998721
-1.0625485
0.99646331
-1.2543819
0.20568342
1.1179578
-0.44441865
0.28241678
0.40391126
2.232723
0.34636124
0.26323344
-0.54246683
-1.0838633
0.26962788
0.060742629
-0.23340191
-0.61280574
-0.21635006
-1.4376894
-0.1396167
-0.12256484
-0.018122212
1.3097912
0.43801498
-0.23340191
-0.13748521
0.51687982
0.43801498
-0.64477798
-0.37621122
-1.5229486
0.56590391
-0.39752604
-0.28668897
0.31225753
-0.29734638
1.1669819
-0.26750563
-0.3186612
0.66182061
-1.5549209
3.8547809
0.71937063
-0.97302623
0.047953736
3.1641807
-0.12043336
0.8302077
-0.32931861
-1.3545615
0.14387043
-0.51902053
-1.1861745
-0.64051501
-1.0177874
0.37833348
-0.32718713
0.043690771
-0.37407974
-0.99647254
0.024507432
1.693458
-0.0074648013
-1.0433651
0.3399668
0.82594474
-1.1414133
-0.37407974
-0.4508131
-1.0092614
-0.63625205
0.83660215
-0.28882045
-1.5634468
0.61705948
-0.35063343
-0.63198908
0.13534451
1.1243522
1.7701913
-0.15027411
0.58935021
-0.83874286
-1.0476281
0.2674964
0.52753723
-0.12256484
0.89202068
-0.98368364
1.2053486
-1.175517
-0.86858361
-0.40818345
2.7613306
-0.7257743
1.5208079
-0.67248724
1.4057079
0.5786928
1.1307467
-0.0010703547
0.19715749
-1.0263133
-0.70445948
-0.69167058
-0.88563546
0.495565
0.48490758
0.21634083
0.17371118
0.026638914
-0.24192784
1.0625393
0.79823547
-0.73643171
-0.41244642
-0.71724837
4.1126903
3.6096605
1.0987745
-0.18011486
-0.071409267
0.20994638
-1.2970115
-0.026648141
-1.2671708
-1.2181467
-0.20356116
-0.90268732
-0.12895929
-1.1925689
0.0053240919
-0.73430023
0.51474834
-0.19290375
-1.1691226
1.3183171
-0.50410015
1.1030374
-0.20995561
0.78970954
-0.050094445
-0.67888169
-0.077803714
0.11616117
-0.039437034
0.067137075
0.49769648
0.13108154
-1.2437245
2.5417879
1.8639766
0.035164843
0.71297618
-1.3396412
3.0597381
0.10976672
1.1392726
-0.8089021
-0.19503523
0.2078149
-1.4440838
-0.26324266
0.45080387
-0.61280574
0.28667974
1.1946912
-0.13109077
-0.29308341
1.1350097
-1.414243
0.19928897
0.13534451
0.61919096
-0.12043336
-0.11190743
-0.57443906
0.72576507
0.84725956
0.83873363
-0.85579471
0.90694106
-0.78971877
-0.26324266
0.15665933
-0.90055584
-1.1456763
0.041559289
0.63411134
-0.28882045
-0.18011486
0.74281693
-1.2096208
-0.099118535
0.72363359
0.35915014
0.82381325
-0.73856319
0.026638914
0.054348182
-0.42097235
0.66821505
-0.7854558
-0.74708912
0.68739839
0.45080387
-0.16945745
0.20994638
2.4416082
-0.01599073
1.4781783
0.6383743
0.12468709
-1.2160152
0.734291
0.18863156
0.32930938
0.28454826
-0.2355334
0.50409092
-1.5804987
-0.25258525
0.82168177
0.065005593
0.95596515
1.0518818
0.90480958
-0.36981677
-1.1904374
-1.245856
-1.0625485
0.41243719
-0.96876327
-0.14387966
1.4888357
2.22846
-1.5016338
-0.13748521
0.075663004
2.2455119
0.52327426
2.3584804
0.1715797
0.17584267
1.5144135
-1.4270319
2.4970268
0.20994638
-1.3332467
0.97088552
-1.0113929
0.11616117
1.1605874
-1.2138837
-0.1268278
-0.48278533
-1.0263133
-0.81316507
-0.49557422
0.4827761
0.45293535
0.7108447
-0.81316507
-1.1776485
0.39751681
-0.13535373
0.088451897
-0.60001685
0.018112985
-0.8451373
0.013850021
0.041559289
0.6746095
-0.25258525
-0.97515772
-0.87497805
-0.42949828
0.51687982
-0.41884086
0.63624282
-0.033042588
0.40604274
-1.06468
0.18010563
-1.4739245
-0.82808544
-0.39752604
0.92399292
0.24191862
0.734291
-0.63412057
0.79184102
-1.17978
-0.43162976
-1.1669911
-0.54246683
0.060742629
-0.85153175
-0.14387966
-0.93892252
-0.72364282
0.32291494
1.2266634
-1.175517
0.94743922
0.43801498
-1.2010948
0.84725956
-0.020253694
-0.46999644
2.1900933
-0.32931861
1.6785376
0.52327426
-1.6018135
-0.12256484
1.5144135
-0.35702788
-0.067146303
-0.050094445
7.501747
-0.7854558
-0.46999644
-1.6892042
-1.2693023
0.94104477
0.57229835
-0.18864079
-0.33571306
0.45293535
-1.1328874
0.13960747
0.28881122
0.49769648
-0.037305552
-1.5613153
1.635908
0.77265768
-1.0796003
-0.024516659
-0.13748521
-1.6977302
0.92399292
-1.3353782
-0.077803714
0.85578549
1.1414041
0.39112237
0.97727997
4.0871125
-0.033042588
-1.4717931
0.21634083
-0.27390008
-1.056154
-0.18650931
-0.48704829
0.058611147
-1.0859948
-0.19290375
-1.0625485
-0.2589797
-0.42736679
-1.0902578
0.20355194
-1.2543819
0.44227794
-1.3289838
0.39325385
0.26536492
-0.92400214
-1.6231283
-0.90268732
-0.63198908
0.32291494
-1.1627281
-0.17372041
-0.14601114
0.054348182
0.2078149
0.28028529
1.0710652
0.72363359
-1.1307559
-0.050094445
-0.25045377
0.92186143
0.57656132
0.77692064
-0.29734638
0.29520567
3.6586846
-0.63838353
0.23765565
-0.54033535
0.0074555741
1.7019839
0.41883164
-0.74708912
-0.22913895
-0.27390008
0.0031926097
-1.7723321
1.8213469
-0.15453707
2.1432007
-0.50623163
0.40604274
0.83233918
-0.79611321
-0.24192784
0.66608357
0.20142045
0.42735757
-1.1350189
1.1797708
0.84299659
-0.2952149
-1.0881263
1.2053486
-0.43376124
0.6383743
0.64690023
0.60853355
0.29094271
0.13534451
0.32930938
0.35275569
0.12895006
-0.21421857
-1.6700209
1.9662877
-0.44655013
0.77692064
-1.0753374
-0.702328
0.35915014
0.91333551
-0.21421857
0.54032612
0.43801498
0.27175937
0.5424576
-0.65969835
-0.59575389
-0.22700747
0.34422976
-0.44441865
-0.037305552
1.331106
-1.4824505
0.92399292
-0.47639088
1.0369615
-1.303406
1.4483375
0.7705262
-0.65969835
-0.42736679
-1.060417
0.13108154
-1.1435448
0.61066503
0.16518526
0.56590391
-0.67675021
-0.27390008
-0.03517407
0.49130203
2.1218859
0.22912972
1.4419431
-0.96023734
0.0053240919
0.077794486
-0.23340191
-1.0156559
2.0984396
0.07140004
0.66395209
4.3002607
-0.27176859
0.853654
1.2906079
-0.87497805
-0.92400214
0.32930938
1.335369
0.14600192
0.70445025
-0.38047418
0.1843686
-0.73643171
-1.2245411
1.6657487
-0.85579471
-0.58722796
-1.1478078
-0.55738721
0.25897047
-0.70659096
0.59787614
0.25470751
-0.050094445
0.47425017
-1.1947004
-1.3822708
-1.6103394
0.29307419
0.75986879
-0.95597438
2.1730415
-0.55099276
0.19715749
0.36128162
0.48064462
-1.4973709
0.020244467
-1.5783672
-1.4824505
3.8888846
2.05581
0.853654
1.5399913
0.48064462
0.079925969
0.38046496
-0.20995561
1.09238
-0.32292417
0.088451897
-0.83234841
0.7705262
-1.0049985
-1.4035856
-1.0540226
0.36128162
0.026638914
-1.3417727
-0.36342233
-0.2952149
1.5421228
-1.0241818
0.060742629
-0.2355334
0.16518526
-0.72151134
0.86217993
1.1520615
-1.2224096
-0.17158893
0.8067614
1.6657487
-1.0497596
0.55098353
1.3012653
0.2674964
0.33570383
1.9982599
1.1861652
-0.013859248
1.0582763
0.72789655
-0.28029452
-0.79398173
-0.31226675
-1.5655783
0.17584267
1.1030374
1.6145931
0.95809663
0.614928
0.29094271
0.69166136
0.66182061
0.2078149
0.0095870563
1.4526005
-0.37194826
0.12255561
-0.61067426
-0.71298541
-1.1392818
4.9631517
0.32504642
-0.5104946
-0.72151134
1.0071207
-0.91334473
-0.10764446
-1.3012745
-1.2671708
0.4593298
-1.2970115
-1.0518911
-0.32079268
0.25257603
0.21207786
-0.41244642
-0.15666855
-0.022385177
-1.4696616
0.37620199
-0.46573347
-0.97942068
-0.06501482
0.082057451
-1.1627281
-0.071409267
0.42096312
3.1897585
-0.90908177
-0.46786495
-0.73430023
0.68313543
-0.37194826
0.90267809
0.23765565
-0.32931861
1.2202689
-1.6082079
3.3602771
-0.3186612
-0.17158893
-0.022385177
0.1715797
1.1094319
0.16518526
1.3481579
0.33783531
-0.59149092
2.5694972
-1.0497596
0.70658173
-0.57443906
0.72363359
-1.1819115
-0.18437782
0.21847231
-1.3311152
-0.65543539
-1.5847616
-1.1478078
0.78544657
-0.80463914
-1.1691226
-0.047962963
-1.056154
1.392919
-0.079935196
-0.68314466
0.49982796
0.69166136
0.80249843
-1.3907967
0.65755764
0.57442984
-0.45720754
-0.64904094
0.85791697
-0.87071509
-1.5591838
0.088451897
0.46998721
-0.32505565
-0.018122212
0.57016687
0.25257603
0.0031926097
-0.57870203
-0.32718713
1.5399913
-0.3548964
0.70018729
0.39112237
-0.052225927
0.22486676
2.644099
0.82807622
0.70018729
-0.4742594
-0.52328349
0.54672057
-0.36129084
1.0518818
0.15665933
-0.12469632
0.1118982
0.38259644
-1.1243615
-1.1094411
-1.3758764
1.0007263
-0.4145779
-0.026648141
-0.082066678
-1.3439041
0.44867239
0.041559289
0.45719832
0.20142045
-0.87924102
-0.24192784
0.020244467
0.26110195
1.1520615
-0.9048188
-1.0518911
-0.32079268
-0.10764446
-0.48917978
-0.15880004
-0.76840394
-0.93892252
-0.61280574
-1.1392818
-0.41244642
-0.77692987
-1.1200985
2.4543971
0.062874111
-1.5293431
2.7826454
0.48917055
-0.92187066
-0.24192784
-0.20569264
0.21634083
-0.18650931
0.5190113
0.3037316
-1.5549209
0.12468709
0.15665933
-0.93039659
-0.46360199
-0.76414098
-0.32931861
1.4334172
0.22699824
-1.3737449
0.19715749
-1.5613153
-0.63625205
-0.82808544
0.4230946
-1.0923892
-0.45507606
-0.79611321
-1.4163745
-1.060417
1.8725025
0.28881122
0.6746095
-1.476056
-1.3929282
-0.16093152
1.211743
-0.16093152
-0.77692987
0.89628365
0.29733715
0.41883164
0.47425017
-0.13535373
0.44014646
-1.1307559
-0.16732597
0.31865197
-0.84940027
0.21420935
-0.90055584
0.62984837
0.043690771
0.24618158
-0.13748521
0.99859479
-1.1456763
0.53819464
-0.13535373
-1.0902578
-0.19503523
0.37407051
-0.086329642
0.22912972
-1.6209968
0.11402968
-0.27816304
-0.077803714
-0.27816304
-0.44228717
0.99006886
-0.38260567
-0.24192784
-1.7915154
-0.17585189
0.56377243
0.43801498
0.65755764
-0.64051501
-0.39326308
-0.95384289
-1.1392818
-0.51262608
0.14387043
0.84939104
0.011718538
1.0838541
-1.1307559
-0.57870203
-0.28029452
-1.3375097
-0.60854278
-0.95810586
0.41456867
0.78544657
-0.9772892
2.8742991
0.58721873
-0.7492206
0.12255561
-0.78971877
0.26110195
1.5506487
-0.75561505
-1.0540226
-0.17798338
-1.3502986
1.8234784
-0.1396167
1.039093
2.7506732
1.5335968
0.15879081
-1.3716134
-1.1115726
0.71510766
1.2053486
0.35062421
1.2266634
-0.47639088
-1.6401802
-0.93252807
-1.2543819
0.092714862
-1.2863541
-0.79611321
0.10337227
-1.780858
-0.74495764
-1.0454966
3.1130251
0.45506683
-1.23733
-1.4440838
1.751008
0.19715749
-0.092724089
0.72150211
0.33783531
0.97727997
-0.39752604
-0.086329642
-0.59149092
-0.13535373
-0.2355334
1.088117
3.9592236
-1.0135244
-0.42949828
-0.83447989
1.4824412
-0.0095962835
0.34209828
1.6614858
0.74494841
-0.26324266
-1.661495
-1.0710744
0.33570383
1.3140542
0.52753723
0.90480958
4.3407589
0.38472792
1.2906079
1.0284355
-0.88563546
0.67034654
2.7847769
0.54672057
-0.22700747
0.41456867
2.1773044
2.6270472
0.2078149
-0.32505565
0.85791697
0.37833348
0.90267809
-0.67675021
-0.4145779
-0.49770571
-0.12256484
-0.67248724
1.0774596
-0.15880004
1.0582763
0.64050578
-0.92187066
-0.094855571
-1.2181467
-0.38686863
0.0010611275
0.20142045
0.38046496
-0.64690946
-0.40818345
-0.13535373
-0.9645003
-0.56591314
0.32504642
-0.0053333191
-1.0945207
-0.84726878
0.35062421
0.77692064
-1.0838633
0.80036695
1.2053486
-0.53820387
0.77265768
-0.099118535
-0.058620374
-0.63625205
0.29520567
-0.026648141
1.0497504
-1.595419
0.1481334
-0.24405932
0.39538533
-0.78332432
0.3271779
0.065005593
0.19715749
-1.2607763
-0.9772892
-0.11830188
0.29094271
-1.0966522
-0.70445948
0.16518526
0.037296325
0.89628365
-0.092724089
2.3670064
-1.5016338
-0.39326308
0.49130203
3.2963326
0.0053240919
0.47851314
-1.1414133
0.36980755
-0.87497805
2.4309508
-1.2735652
0.079925969
1.8447932
1.088117
0.96022811
0.38899089
0.9495707
0.495565
1.3119227
1.6081987
-0.9048188
1.7808488
1.2287949
1.6188561
-0.74708912
-0.045831481
0.19715749
0.062874111
0.61066503
-0.5467298
-0.94957993
-0.94531697
0.094846344
4.2682885
0.15026488
0.59361318
1.5208079
-1.3588245
-0.65117242
0.092714862
0.086320415
0.58508725
-0.95171141
-1.3332467
-0.32718713
1.211743
-1.06468
-0.5467298
0.37833348
5.0654628
0.39325385
-0.66182983
1.5570431
1.4675209
-0.48491681
1.088117
1.7424821
-0.93892252
-1.4121116
0.75347434
-0.28668897
0.13321302
-0.29095193
-1.4099801
-0.54886128
-0.73856319
1.5890154
-0.24405932
0.91546699
-0.821691
-0.77906135
-0.38047418
-0.44228717
0.0031926097
1.8874229
-0.23340191
0.55311501
-1.2927486
2.3350341
0.46785573
-0.32292417
-1.2309356
0.0031926097
0.041559289
0.47211869
1.3545523
-1.780858
0.44867239
0.23765565
-0.82382248
-0.30160934
1.1158263
-0.99007809
-1.1286244
-0.69167058
-1.4590042
-1.0177874
1.0326985
1.1520615
-0.15453707
-0.018122212
-0.77479839
1.1073004
0.74707989
0.28454826
-0.86218916
-0.39965752
-1.0710744
-0.3548964
-1.5591838
0.2312612
-0.7620095
0.020244467
-0.99860402
0.10124079
-0.18224634
-0.03517407
-0.31226675
1.9300525
-1.3183263
0.56590391
-1.0774689
0.12255561
0.018112985
3.3325678
0.19502601
-0.16093152
-0.81316507
1.9492358
-0.40818345
0.50195944
-0.08419816
-0.5701761
-1.1584652
0.099109308
-0.028779623
-0.80250766
-0.18437782
0.27815381
0.84086511
-0.33358158
-1.1158355
0.16731674
-1.1925689
2.3371656
-1.4355579
0.37620199
-0.11403891
0.54032612
-0.98581513
2.6398361
-0.93039659
1.9385784
0.21207786
-0.29947786
-1.5272116
-0.46573347
-1.1542022
-0.163063
-0.44441865
-0.1033815
0.63624282
0.7108447
-1.0391022
0.69379284
0.11402968
-1.0923892
-0.29947786
-1.0348392
1.0220411
-0.19716672
-1.2096208
0.12681858
0.022375949
1.6721432
-1.2863541
-0.11403891
-1.2224096
0.51687982
-0.92187066
-0.79185025
0.53393168
0.29307419
0.44867239
0.067137075
-1.175517
-0.99860402
-1.0433651
-0.71937985
-0.20142968
1.2543727
0.41670015
1.7851117
-1.3140634
-0.54033535
-1.0113929
-0.43162976
-0.45720754
-0.75774653
0.0010611275
-1.5741042
1.2650301
0.33357235
0.3037316
-0.16519448
0.65968912
0.26323344
-0.84300582
0.734291
0.020244467
-0.68314466
0.29094271
-0.25045377
-0.92826511
-0.61067426
0.34209828
1.1563245
-1.8511969
-0.58296499
-0.16945745
-0.14601114
0.77692064
1.6550913
5.7688519
0.43162053
-0.89202991
-1.2884856
0.2312612
0.69166136
0.53606316
0.59148169
0.058611147
0.6383743
0.60853355
0.23339269
0.028770396
0.51261685
0.35488717
-0.58083351
-0.23979636
0.77478916
-1.29488
-0.37407974
0.37407051
0.42735757
-1.6359172
0.12468709
1.5335968
0.045822254
1.039093
-0.24192784
1.4867042
2.9830047
-0.17372041
0.92825588
-0.35276492
0.2674964
0.19289452
-0.65969835
-0.18224634
0.72363359
0.32078346
0.93038736
0.22273528
-0.41670938
-0.15453707
-1.0476281
0.43162053
1.1477985
0.045822254
0.48064462
-0.40178901
-1.1137041
-0.31439824
3.665079
-0.83234841
0.13960747
0.4593298
0.89628365
0.43801498
0.19076304
0.71937063
-0.1268278
-0.14601114
0.19289452
-0.12469632
-0.29095193
0.065005593
-0.086329642
1.7979006
0.92825588
-0.096987053
0.67247802
0.1715797
1.8256099
-0.42310383
0.48064462
-0.25258525
-0.42523531
-0.16093152
-1.056154
-0.20356116
0.37620199
-1.2437245
0.2440501
-1.3076689
0.29946863
-1.6423116
0.54458909
-1.0391022
-1.7979098
0.46998721
0.63411134
-0.10125002
-0.1396167
0.32504642
0.46146128
-1.5527894
-0.34637047
0.44014646
1.1200893
1.8469247
0.079925969
-0.62346315
0.89202068
0.29094271
-1.3588245
0.72363359
-1.5975505
0.067137075
0.96875404
-0.01599073
-0.25471674
0.12042413
1.7637969
0.62984837
-0.42736679
-0.59575389
0.18650008
-0.72790578
0.75773731
0.57229835
0.41456867
-0.020253694
-1.4014542
-0.163063
0.11402968
-0.013859248
-0.97302623
-0.15453707
-0.90268732
-0.89629287
-0.79398173
-0.7620095
0.96022811
-0.25045377
-0.20142968
-1.1371504
-0.28882045
0.52327426
-0.15027411
0.028770396
-0.20569264
-0.46573347
-0.57230758
0.79610398
1.1627189
-0.70445948
-1.1009152
0.34849272
0.039427807
-1.4312949
0.10124079
1.1989541
0.10124079
0.42096312
1.269293
0.97088552
1.3737357
-1.1243615
-1.8170932
0.52114278
0.58508725
-0.18864079
-1.2565134
-1.0220503
-1.5122912
-1.5186857
-0.86005768
-0.44015569
-1.3780078
-1.1030466
0.8302077
-0.21208709
-0.85366323
0.050085218
2.9020084
0.18010563
1.0135152
2.1453322
-1.2820912
0.065005593
-0.69806503
0.0031926097
1.0007263
0.25257603
2.7847769
3.0021881
0.56164094
-0.062883338
0.10124079
-0.092724089
1.7296932
-1.1243615
0.058611147
-0.028779623
0.47851314
-1.5037653
0.13321302
2.8785621
-0.91973918
-0.58935944
0.35701865
1.8000321
-0.096987053
0.38472792
-0.43589272
0.25044454
-0.47212792
-1.5868931
1.2628986
0.45719832
-0.11190743
-0.90055584
-0.61920019
-0.018122212
-1.4312949
0.53819464
-0.11403891
-0.10764446
-0.5104946
1.9236581
-1.0369707
0.3634131
-0.2589797
0.93678181
-0.30800379
-1.603945
0.060742629
0.77905213
-1.0859948
-0.45507606
0.045822254
0.77905213
0.20355194
-1.8256191
0.74281693
0.91546699
-0.062883338
-0.29095193
-0.94957993
1.5954098
2.166647
1.2287949
0.14387043
0.2674964
-1.0092614
0.020244467
0.28028529
0.57442984
0.55950946
2.4778434
0.25044454
-0.090592607
5.3660018
-0.91334473
0.20994638
-0.58296499
-0.069277785
-0.163063
0.3037316
-1.3844023
-0.16519448
0.18010563
-0.92400214
-0.48278533
-0.42736679
0.069268558
-0.31226675
-0.21421857
-0.53820387
-0.35276492
1.0817226
1.3012653
0.096977826
0.40391126
0.27602233
-0.68101317
-0.024516659
0.12468709
0.97088552
-1.599682
0.66182061
0.96662256
-0.19077227
-1.0199188
-0.32718713
-0.46786495
0.094846344
0.56590391
0.16518526
1.3481579
-0.19716672
1.2799504
0.99220035
-0.15666855
-0.30800379
-1.723308
1.277819
-0.60854278
0.36128162
-1.1414133
0.55311501
-1.0902578
-1.0923892
2.5034212
-0.092724089
-0.14601114
-0.64477798
0.60640207
-0.090592607
-1.3268523
0.28454826
-0.7492206
0.48703907
-0.52541497
-0.98368364
-0.022385177
-0.0074648013
-1.4355579
0.62558541
-1.0412337
5.3020573
0.36980755
0.54672057
-0.17372041
2.4245564
-1.0049985
-0.57230758
-0.052225927
0.037296325
-0.088461125
-0.34423899
-0.19077227
0.17797415
-0.92400214
-0.15453707
-0.55312424
-1.6551005
-1.12223
-0.61067426
-0.78119284
-0.043699999
-0.08419816
0.33144087
0.54032612
-0.44015569
1.6700117
-0.1396167
0.050085218
-1.0796003
-0.58296499
0.31225753
-1.2202782
0.78331509
0.12895006
1.0604078
0.26536492
-0.46999644
-0.90268732
0.54672057
1.0263041
0.21847231
0.16092229
0.12468709
0.7705262
0.8067614
-0.90055584
-0.33571306
-0.77692987
-0.61920019
-0.95597438
0.35701865
0.17797415
-1.0838633
-0.38473715
0.64263727
0.74494841
1.1264837
-0.23766488
-0.69593355
0.614928
-0.282426
1.1797708
0.073531522
1.8000321
-0.043699999
1.0646707
0.38472792
-0.6660928
1.8959488
-0.50410015
0.13534451
-0.87497805
-0.12043336
1.1243522
3.6821309
-1.0966522
1.0604078
0.75773731
-0.81103359
1.3332375
-0.31652972
-0.2952149
-1.2138837
1.1243522
0.19502601
-0.9048188
0.19928897
4.9269165
0.41670015
-0.31226675
-0.045831481
0.096977826
-0.90268732
-0.61280574
0.047953736
1.0263041
-0.9772892
2.0110488
0.25470751
1.030567
-0.163063
7.4719062
0.31225753
-0.20569264
-0.3186612
0.46785573
0.90267809
-1.117967
-0.55738721
-1.0902578
-0.28882045
0.29094271
-1.1627281
0.99220035
-0.29734638
-1.2671708
1.0284355
-1.0881263
-1.4547412
-0.37621122
0.40391126
-1.2351985
0.19289452
0.30586308
0.31652049
-0.3783427
-0.32931861
-0.22700747
0.26323344
0.37407051
-1.0902578
-0.50196867
-0.56378165
-1.6060764
0.79823547
0.20355194
-0.0074648013
-0.099118535
-0.42523531
-0.011727766
0.25897047
0.24191862
0.57016687
-0.62772612
-0.11403891
0.35275569
-0.5701761
1.8682395
0.74068545
-0.8089021
-0.94531697
-1.2010948
1.0838541
-0.16519448
1.2650301
0.45080387
0.058611147
-0.49557422
0.51048537
-1.4611357
0.28241678
-0.11617039
-0.0032018369
-0.85366323
-0.52541497
0.41243719
-1.4632671
-0.97942068
1.20748
0.5190113
0.41243719
-1.8639858
2.1154915
-0.87284657
1.5719635
0.16731674
0.60213911
-0.033042588
-0.31439824
-0.77266691
-1.0241818
-0.6660928
0.42948905
0.35915014
-1.4611357
-1.0476281
-0.88989843
2.4309508
-0.01599073
0.71937063
0.6746095
0.66182061
0.22486676
-0.15880004
-0.163063
0.21847231
0.82381325
0.09058338
1.2501097
0.89841513
-0.020253694
0.86004845
-1.2756967
-0.15453707
1.5101505
-0.18437782
-0.62772612
1.1563245
0.54458909
0.62345393
-0.79611321
-0.49131126
0.72789655
1.3566838
-0.59788537
0.056479664
-0.61067426
-0.21421857
-1.2906171
1.1030374
-0.87924102
-0.75348357
-0.55099276
-0.29734638
-0.37407974
0.7939725
-1.1989633
0.38259644
0.47211869
-0.64264649
0.64050578
-0.282426
-1.5058968
-0.9176077
0.10976672
-0.61280574
-0.71511689
-0.069277785
-0.60427981
-0.36342233
0.23765565
-1.3971912
0.35701865
2.6504935
-1.0817318
-0.23340191
0.83233918
0.082057451
-0.14814263
-0.0053333191
-0.39965752
0.37407051
-0.14601114
-1.0774689
0.84086511
-1.4419523
-0.28029452
-0.067146303
0.46359276
0.71510766
-0.33784454
-0.8813725
2.9318491
-0.93465955
0.35701865
-0.067146303
0.53393168
-0.87071509
0.48703907
0.75773731
-0.33571306
-1.4291634
-1.0476281
0.68739839
0.99433183
0.14387043
0.11829265
-0.77479839
-0.94318548
0.23978713
0.87283734
-0.099118535
-0.028779623
0.21847231
2.2178026
-1.5314746
0.94743922
0.12042413
1.0199096
-1.2756967
0.62984837
0.64476875
-0.11403891
0.21634083
-1.1499393
0.088451897
0.024507432
1.6913265
-0.45720754
0.26962788
-0.30374083
-0.058620374
0.50622241
-0.98155216
4.1979496
-1.2266726
0.2312612
-0.18437782
0.030901878
0.27815381
0.0031926097
0.30160012
-0.0074648013
-1.0518911
-0.78332432
0.6511632
0.19715749
-1.2927486
-0.33358158
-1.7254394
1.0859856
-0.80037618
-0.3548964
1.09238
-1.0263133
-0.63625205
0.76626323
-0.19716672
0.037296325
-1.4632671
-0.16093152
1.3097912
-1.1137041
-1.8192247
0.5786928
-0.37621122
-0.87071509
0.067137075
-0.12469632
1.4057079
-0.51262608
-0.57230758
-0.011727766
-0.50196867
0.34636124
-0.61706871
0.2674964
-0.80037618
-0.26111118
-0.24832229
-0.163063
0.11829265
-1.0774689
-0.32931861
-0.76414098
-1.0582855
-0.39539456
-1.4547412
-0.11830188
1.1414041
-0.028779623
0.30799456
4.978072
-0.52328349
-0.15880004
0.3037316
-0.36555381
2.2689582
0.058611147
-1.356693
-1.1115726
-0.64904094
-0.22487598
0.56164094
0.42096312
0.46146128
0.58508725
-0.094855571
0.15026488
-0.1268278
0.49769648
4.3109181
-0.54033535
-0.57230758
-1.2117522
0.53819464
-1.0497596
-0.49983719
-0.64264649
0.64476875
2.2220656
-0.96236882
-0.53180942
-1.2970115
0.1118982
-0.59575389
-1.0732059
-1.4334264
0.81741881
-1.5058968
-0.78758728
0.28241678
-1.0348392
0.43801498
-0.0010703547
-0.082066678
0.23978713
-0.067146303
0.70658173
-0.51262608
0.0095870563
1.4696524
0.97088552
-0.067146303
0.52540575
-0.51688904
-0.67035576
3.30699
-0.75348357
0.23765565
1.4312857
-0.48065385
-0.75135209
1.9492358
-0.14174818
0.93465033
-0.15453707
-1.6337857
-1.0284448
-1.2842226
0.86857438
-1.3183263
-0.53607238
-1.4419523
-0.8579262
0.47851314
-0.2589797
-0.20356116
0.060742629
-0.06501482
0.12681858
0.80462991
0.015981503
0.9858059
0.55950946
-0.63625205
2.0046544
1.1563245
-1.1435448
-0.29734638
0.20994638
0.25470751
-1.3588245
0.3037316
-1.0689429
-0.62346315
0.49769648
-0.19077227
0.22060379
2.232723
2.8742991
-0.94744845
0.52753723
-0.4380242
1.0689337
0.65755764
0.2078149
0.58935021
-1.1286244
-1.1435448
0.1843686
0.54032612
-0.050094445
-0.46360199
0.46572425
0.65968912
0.92399292
-1.4824505
-0.13109077
0.74921138
0.85152252
0.55311501
0.12042413
-0.84087434
-0.13535373
0.12681858
0.8898892
-1.4696616
-1.1243615
-0.062883338
-0.10551298
-0.33145009
-0.067146303
0.55311501
-1.2351985
-0.21208709
-0.48278533
0.83660215
-0.33571306
1.3907875
1.1307467
0.075663004
-1.0796003
-0.17158893
2.2455119
0.31438901
-0.98794661
0.0522167
-0.013859248
0.099109308
0.7939725
-0.82808544
1.5890154
-0.98581513
-0.43376124
-0.060751856
0.43588349
-0.36981677
-0.071409267
-0.44868161
0.98793738
-1.7062561
-0.8579262
-0.80463914
0.42735757
-0.97515772
1.0945115
-0.75987801
-1.4504782
-0.93679104
-0.092724089
-0.86005768
0.43162053
0.0053240919
-0.74282616
-0.054357409
0.092714862
-0.48917978
-1.4504782
0.2312612
-1.1115726
-0.10977595
-1.3971912
-1.2181467
0.19715749
-0.94318548
-1.1563337
-1.7531487
-0.68740762
0.42522608
0.084188933
-0.38047418
-0.0010703547
-1.2714337
-0.090592607
-0.78971877
-1.1648596
0.3996483
-0.66396132
0.74068545
-0.98581513
-1.3716134
4.1723718
0.60640207
0.87070586
0.87496883
-1.0753374
-0.41244642
2.9467695
1.1073004
-0.87710954
-0.054357409
0.12042413
0.99006886
0.34636124
-0.36129084
0.09058338
-0.03517407
-0.62133167
-0.30374083
0.26536492
1.6700117
2.8551158
0.099109308
-0.1992982
-1.1073096
0.29094271
-1.3375097
0.48490758
-1.780858
0.10976672
-0.63838353
-0.57230758
0.72150211
2.6931231
-0.096987053
0.41456867
0.6746095
0.96875404
-0.42949828
1.755271
0.39112237
-0.079935196
-0.31652972
-0.85366323
-0.22061302
-1.1158355
-1.5229486
-1.6828098
-1.184043
0.3634131
0.047953736
-0.25684822
-0.26324266
-0.85366323
-1.1925689
0.4827761
0.65542616
0.84725956
-0.096987053
1.4803098
-0.2952149
-0.98794661
0.86431141
0.39325385
0.16731674
-0.80250766
0.88775772
-1.1861745
0.76200027
-0.6660928
-1.7979098
0.22699824
-0.050094445
0.92399292
0.25044454
0.096977826
-1.6124709
-1.3055375
0.49982796
0.52753723
0.26536492
-1.0113929
0.10337227
-0.40178901
0.70871321
0.28028529
-0.71724837
1.2501097
-0.97302623
0.73002804
-0.80250766
-1.4312949
-0.83661137
-0.20569264
0.47425017
-0.45507606
-0.24405932
-0.37194826
1.0795911
0.81528732
-0.39965752
0.55311501
0.43801498
0.086320415
-0.64264649
0.26962788
-0.78119284
3.5286642
0.069268558
-0.08419816
-1.0476281
-0.0074648013
-0.028779623
0.39325385
-0.63838353
-0.88563546
0.30586308
0.37193903
-0.2227445
-1.533606
-0.76627246
0.043690771
0.039427807
0.25044454
-0.22913895
0.013850021
0.075663004
0.71510766
-0.31226675
-0.15453707
-1.4163745
0.64690023
-1.0923892
0.82807622
-1.2351985
0.81741881
0.015981503
0.88775772
0.1118982
-0.21635006
-0.27176859
-1.2074893
-1.1904374
0.28454826
1.8533192
-0.13748521
0.20568342
2.1581211
0.85578549
-1.4739245
0.54458909
-0.33145009
-0.020253694
-0.71085392
-1.1328874
0.55950946
-0.69593355
-1.0241818
-0.76414098
0.33570383
1.154193
-1.4675301
-0.33997602
0.062874111
-0.7854558
-0.011727766
-0.91547621
0.50622241
-0.43589272
-0.34850195
-1.1414133
0.58508725
0.30586308
-0.83447989
-0.026648141
0.90480958
-0.25258525
-1.4526097
0.056479664
0.35275569
0.5190113
-0.76414098
-0.21208709
0.55311501
-0.61067426
0.38046496
0.1715797
1.2224004
-1.0476281
-1.4568727
-0.8451373
-0.030911105
0.31225753
-1.1584652
-0.18650931
-1.3588245
0.41456867
-0.68527614
0.077794486
-0.028779623
-0.34423899
0.22912972
-0.037305552
-1.4973709
0.43588349
-0.043699999
-0.91334473
-0.35915936
-0.30587231
0.62132244
1.6103302
-1.1478078
0.1481334
-0.041568516
1.4398116
-1.3055375
-0.81742803
-0.51262608
-1.2437245
-0.59788537
-1.5400005
-0.50836312
0.18223711
-1.0369707
0.069268558
-1.4590042
-0.163063
-0.34423899
0.72150211
0.37620199
-1.2394615
2.9041399
0.25897047
-0.41031494
0.23552417
-0.59788537
-1.1542022
0.73215952
-1.1563337
0.12681858
0.45080387
1.1520615
0.61705948
-0.037305552
-1.4462153
-0.54033535
-0.22061302
-0.71298541
0.54458909
-0.38900011
-0.69593355
0.31865197
2.0707303
0.43801498
-0.64904094
-0.23127043
-0.163063
-1.3481671
0.17584267
0.2312612
-0.15453707
0.31012605
-1.0838633
0.29946863
-0.88350398
1.273556
-1.414243
0.27389085
-0.40392049
-0.039437034
-0.20995561
-0.45294458
1.4632579
-0.84300582
0.37620199
-0.58083351
1.3119227
1.3332375
-0.80463914
0.11829265
-0.1396167
-1.3204578
-0.73003726
0.52327426
0.52540575
-0.87284657
0.93251884
-0.056488892
-0.67248724
0.63624282
-0.26537415
-0.26963711
1.6018043
0.030901878
-0.59575389
-1.1563337
-0.33358158
-1.3716134
-0.96663179
-1.3993227
0.37620199
-0.36129084
-0.020253694
0.19928897
2.2732211
-0.29095193
0.0522167
0.37407051
0.59361318
1.1094319
-0.0010703547
0.93678181
-0.36555381
-0.42736679
0.60427059
-0.88776695
-1.29488
-0.57230758
-0.48704829
1.1371411
0.72150211
-1.2096208
-1.2906171
-0.082066678
-0.13109077
0.42735757
0.87710031
-0.10764446
-0.78971877
-0.48278533
-1.175517
0.33570383
0.25470751
0.14600192
-0.11617039
-1.1392818
0.047953736
0.19928897
1.6252506
-0.21421857
-1.3822708
-0.19077227
-1.4057171
-0.25258525
-0.35915936
-0.66822428
-1.1733856
1.2884764
-0.64477798
0.15665933
-0.11617039
-1.4739245
-0.0095962835
-0.088461125
0.31652049
-0.13748521
-0.83234841
-1.3822708
-1.3929282
0.67247802
-0.043699999
0.11616117
-0.39752604
0.3634131
0.78970954
-1.5762357
0.40817423
-0.47852237
0.22486676
2.4480027
0.9495707
-1.657232
0.61066503
3.3346993
-0.85153175
-0.55525572
-0.36555381
-0.045831481
-0.6660928
1.2330578
1.4462061
0.0053240919
0.29733715
0.13108154
1.2351893
-0.45507606
1.6572228
-0.60214833
-1.245856
0.90480958
-0.64051501
0.092714862
-0.039437034
-0.26750563
0.71723914
0.37193903
-0.32079268
0.03303336
0.50409092
-0.19290375
-0.85366323
-0.058620374
2.3861897
0.37620199
0.52327426
1.3097912
0.33570383
-0.16945745
0.1843686
0.82168177
0.97727997
0.10976672
-0.082066678
1.1200893
0.50409092
-0.71085392
0.030901878
-0.20782413
-0.41244642
-0.89202991
-1.5229486
1.2927393
-1.9172728
-0.30160934
0.83873363
-0.15240559
1.2245319
0.12255561
0.15665933
0.81315584
-0.19077227
-1.0625485
1.9066062
-0.12256484
-1.1861745
0.011718538
-0.18224634
-1.4057171
0.66608357
0.36128162
0.65755764
-0.62772612
-1.8895636
0.44654091
0.22699824
0.28241678
0.65755764
-0.039437034
-0.39326308
-0.039437034
-1.4121116
2.4629231
-0.65117242
-0.21848154
-0.282426
-0.37194826
0.1715797
0.0053240919
0.15239636
0.0074555741
-1.3119319
-0.11617039
-1.0689429
0.64050578
0.086320415
0.25683899
-1.3268523
0.47638166
0.27815381
0.40177978
0.20355194
1.0987745
1.1115633
-0.22487598
-0.3186612
0.55737798
4.5240663
0.41030571
-0.14601114
0.19928897
0.11402968
1.2991338
-1.2160152
-1.5400005
0.31225753
-0.50836312
-1.4632671
-0.93892252
-1.356693
0.060742629
0.10550375
1.5463857
-1.0625485
0.47851314
0.52114278
-1.5613153
0.054348182
0.25683899
-0.21635006
-0.26111118
-0.11830188
0.614928
0.33144087
-0.87497805
1.09238
-0.69593355
0.013850021
-1.0241818
-0.52115201
-0.91334473
-0.71937985
0.19289452
0.2078149
0.041559289
-1.0220503
0.19715749
-0.90695029
0.40177978
1.0817226
0.36128162
1.7211673
-0.67248724
-0.82595396
-0.60214833
-1.1691226
-1.1669911
-0.64051501
-1.126493
0.0074555741
-0.03517407
-0.11830188
0.34422976
-0.49770571
0.3037316
0.62984837
-0.73216875
-1.5677098
3.0298973
1.6828006
-0.020253694
0.6511632
-0.44015569
-1.1712541
1.4270227
3.4156956
-0.85579471
1.4824412
-0.68101317
-1.2351985
0.35062421
-1.3161949
0.10550375
1.3524208
-1.126493
-0.17372041
-0.12895929
-0.32505565
-1.3758764
-0.50196867
0.14600192
1.3652097
-0.094855571
2.6867287
-1.3758764
-0.41670938
0.047953736
-0.10977595
-0.81529655
-1.4035856
0.23765565
-0.18650931
0.27815381
-0.95384289
-1.4590042
-0.94318548
-0.071409267
0.056479664
-0.20782413
1.0263041
-1.2842226
-1.2245411
-0.62346315
-1.1392818
0.050085218
-0.1033815
-1.599682
-1.0327077
0.17797415
-0.19290375
0.21634083
0.84939104
1.7957691
-0.7620095
-1.1200985
0.88562624
-0.87284657
0.33357235
-0.163063
0.83233918
1.2437152
-1.2053578
1.2351893
-0.21421857
-0.84087434
2.0685989
0.10550375
1.0753282
0.51261685
-0.30160934
-0.57657055
-1.5506579
0.42735757
0.57229835
-0.0095962835
-0.57870203
0.62771689
0.25897047
0.15665933
1.392919
-1.6742839
0.31438901
-0.52967794
0.13960747
0.40817423
-1.299143
-0.23127043
1.7360876
-0.30374083
-1.002867
-0.75348357
-0.08419816
1.8895543
-0.63838353
-0.34637047
0.25257603
1.7318247
-0.18011486
-0.96876327
0.050085218
-0.90268732
0.36980755
-0.57657055
-0.069277785
-1.2202782
-1.3694819
-1.0391022
-0.54459831
-0.20142968
-1.2970115
0.72150211
-0.2589797
-0.48278533
0.33144087
0.54458909
0.062874111
-0.037305552
-0.71511689
-0.79398173
-1.0881263
0.20568342
-0.08419816
-0.90268732
-0.075672231
-1.0391022
-0.54033535
0.0095870563
1.932184
-1.3630875
-0.018122212
0.40817423
-0.82808544
-1.6380487
-0.52115201
-1.002867
-0.7854558
0.17584267
0.68952988
-0.49983719
-0.45294458
-0.34637047
-0.29947786
0.78118361
-0.93252807
-0.65543539
-0.06501482
-1.0582855
2.5716286
2.5844175
0.81741881
-0.94318548
-0.83447989
0.7108447
0.20142045
-0.42949828
-1.4014542
0.15239636
0.13108154
0.13747599
0.10976672
-0.0032018369
0.15026488
-0.11617039
0.082057451
0.099109308
0.0095870563
0.59361318
0.092714862
-0.36129084
-0.043699999
-0.7257743
0.5190113
0.013850021
-0.93252807
-1.0881263
0.082057451
-0.93252807
-1.2863541
0.45719832
0.10124079
-1.1947004
0.1843686
-0.37407974
0.12895006
1.0092522
-0.51475756
0.82381325
0.20994638
-1.2053578
0.079925969
-0.056488892
-0.12043336
-0.77266691
2.4863694
-0.76414098
0.12468709
1.5378598
0.71937063
-1.0796003
-0.94318548
0.68100395
0.25683899
1.8064265
0.20355194
-0.78758728
-0.6895391
-0.37194826
0.614928
0.56164094
1.6060672
-0.18437782
0.62132244
-1.2224096
-0.06501482
-0.73216875
1.3161856
-0.80250766
-1.4867134
-0.42949828
-0.97942068
-0.10764446
-1.1861745
-0.0074648013
-1.5804987
0.48064462
0.86857438
-0.89842436
0.58721873
0.79184102
2.4863694
-1.0497596
-0.11617039
-0.14387966
-1.5080283
-0.65543539
-0.95171141
-1.4462153
-0.28455749
-1.0113929
0.33144087
-1.5485264
2.882825
1.0859856
0.59148169
-0.06501482
-0.93252807
0.36980755
0.056479664
-0.30587231
-1.2650393
-0.19290375
-1.0220503
0.32291494
-0.36981677
-0.082066678
0.29733715
0.84725956
-1.0859948
0.32078346
-0.61067426
0.31865197
0.2312612
-0.4145779
0.09058338
0.15452785
-0.33145009
-0.27390008
0.64476875
-0.30800379
0.015981503
-1.8874321
-0.80037618
0.61066503
-0.28455749
0.42735757
-0.64264649
2.232723
-0.58509647
0.35915014
0.68100395
-0.46999644
-0.90695029
-1.0732059
-0.0053333191
-0.33997602
-0.75987801
-0.3186612
0.17371118
2.948901
0.16518526
-1.1350189
-0.98368364
0.30799456
0.91120402
0.12255561
-1.0497596
0.13960747
-0.44228717
-1.2202782
1.2863449
-0.094855571
-0.73216875
0.61066503
-1.0412337
-1.4931079
-0.34850195
1.8938173
-1.2714337
0.12468709
-1.3055375
2.0877822
0.66821505
0.75347434
1.3694727
1.3375005
-1.6444431
0.29733715
0.66821505
-0.61706871
-0.66182983
-0.71937985
0.58721873
0.34849272
-0.83234841
-0.282426
0.21634083
1.9556303
-0.23340191
1.8980803
-1.3971912
-0.033042588
0.37620199
-1.1648596
-0.28882045
-0.97302623
1.2032171
-1.1669911
-0.54246683
1.2586356
0.25683899
0.045822254
0.2674964
0.56377243
1.2351893
1.0113837
-1.7510172
-1.3844023
-1.1158355
-0.020253694
-0.90268732
0.73002804
1.1691134
-0.043699999
-0.25258525
0.48917055
0.75986879
-1.6955987
0.68952988
3.5585049
-0.7257743
0.16092229
0.3996483
-0.74495764
0.64263727
0.096977826
-1.3886653
-0.20142968
-0.85366323
-1.4824505
-1.1435448
0.075663004
0.41456867
-1.1478078
-0.66822428
-1.4973709
-0.026648141
0.47425017
0.30160012
1.4867042
0.3868594
-0.81529655
0.013850021
-0.71085392
-1.2927486
-1.5080283
0.27175937
2.7954343
1.1286152
0.039427807
-1.6913357
0.48917055
-1.1520707
-0.12469632
1.0795911
-0.51262608
0.36767606
3.7162346
-0.83234841
0.38472792
0.38472792
-0.46147051
0.19289452
1.0540133
-0.058620374
-0.94744845
-1.2565134
0.24618158
0.24618158
-0.54246683
0.069268558
-0.93252807
2.3563489
0.0074555741
-0.49557422
0.44014646
0.065005593
-1.2351985
1.0263041
0.14387043
0.64050578
-1.3055375
-0.99434106
0.60853355
0.78757806
1.0625393
-0.55951869
-0.44868161
3.0043195
1.4696524
3.6714735
-1.1371504
-1.2842226
-0.84087434
-0.58935944
-0.54886128
-0.44228717
-1.5868931
1.1328782
-0.54033535
-1.2863541
0.46359276
1.2479782
-0.45720754
-0.12469632
6.2868021
-0.54459831
-1.2351985
4.2235273
-1.3353782
0.062874111
-0.082066678
-1.1712541
0.19715749
0.84299659
-0.99007809
0.30586308
-0.3783427
0.28454826
1.7637969
0.20142045
0.53606316
-0.36555381
3.5180067
0.18650008
0.065005593
-0.31013527
0.64690023
0.97727997
0.94743922
-0.8813725
-0.51475756
-0.29734638
1.4419431
-1.5357375
-1.1904374
-0.63198908
-0.060751856
-0.69167058
-1.3950597
2.409636
-1.1307559
1.1968226
0.57229835
0.29946863
-0.26537415
-1.6785468
1.039093
-0.4508131
-0.67461873
0.026638914
-0.35276492
1.0795911
-0.026648141
-0.24619081
-0.0074648013
0.21420935
0.013850021
0.29946863
1.0774596
0.38046496
1.039093
-1.3247208
-0.58296499
-0.61493723
-0.87924102
0.5190113
-0.5104946
2.5737601
1.1392726
0.13747599
0.32930938
-0.13109077
-0.68314466
-0.20142968
-1.2842226
-0.020253694
-0.99860402
0.58082428
1.4526005
0.26323344
-0.37194826
0.25470751
-1.2884856
0.15879081
-1.3161949
0.33357235
0.32504642
0.36128162
-0.058620374
-0.24832229
2.9403751
-0.81955952
-0.48491681
0.91333551
-1.1605967
0.043690771
0.045822254
1.3524208
-0.12895929
1.3673412
-0.21848154
-0.70445948
0.41243719
-0.20569264
-0.29308341
2.6547565
1.1307467
0.4593298
-1.6380487
0.0522167
0.63197986
-1.2650393
0.2440501
-0.32292417
0.030901878
0.018112985
-1.1925689
-0.98581513
-1.4973709
-1.0391022
-0.55525572
-0.95810586
1.2266634
0.80036695
-0.82808544
0.61919096
-0.17372041
-0.93679104
0.084188933
-1.542132
-1.5847616
-0.78119284
-0.34850195
0.42948905
-0.99860402
0.045822254
-1.4462153
0.54458909
-1.23733
-1.5549209
0.68952988
-0.96663179
3.2920696
0.54032612
-0.17798338
-0.91547621
-1.1776485
1.5506487
0.66821505
-0.10764446
0.80036695
0.024507432
-0.74708912
-0.85579471
0.026638914
1.0838541
-0.23340191
0.19715749
0.79184102
-1.4121116
-0.34423899
0.30586308
0.28028529
-0.33358158
-1.1733856
0.41030571
-1.2202782
-0.44228717
-0.70445948
-0.8089021
0.0522167
-0.088461125
0.088451897
2.9105343
-0.62559464
-1.6551005
-0.10977595
0.30799456
0.11402968
-0.39965752
2.2241971
0.31652049
0.069268558
-1.1883059
0.10976672
-0.92187066
-0.25258525
-1.2330671
-0.32505565
2.4501342
-0.056488892
0.0074555741
0.495565
0.20994638
0.28667974
-0.16519448
-1.1137041
1.8959488
-0.75987801
-0.47852237
-1.0732059
0.24831306
0.69379284
0.64263727
-0.20995561
0.87923179
-1.1947004
0.58082428
0.60213911
-0.46573347
-1.2266726
0.52327426
-0.47852237
-0.4380242
0.6383743
0.011718538
-0.38473715
-0.024516659
-1.2863541
4.5560386
0.72363359
0.2078149
0.71297618
-0.25258525
0.32504642
-0.17372041
0.31865197
-1.7616746
-1.5400005
-1.2394615
0.44867239
0.28454826
-0.54246683
0.97088552
1.6081987
0.14387043
-0.36555381
-0.51902053
-0.2952149
-0.99434106
0.85791697
-0.13748521
-1.1605967
-1.1051781
-1.3012745
0.18863156
0.16518526
0.45080387
0.66821505
0.27389085
0.16944822
0.041559289
-1.5101597
0.088451897
-0.51262608
-1.6018135
-0.95171141
0.37833348
-0.21421857
-0.89202991
-0.57657055
-0.16093152
-1.0881263
-0.74495764
-0.33145009
-0.34637047
-0.17372041
1.9982599
-0.5339409
0.077794486
-0.88776695
4.2810774
-0.20995561
-0.87071509
-0.23127043
1.8021636
-0.28668897
-0.55099276
0.028770396
-0.74282616
0.12042413
-0.49557422
0.77478916
-0.32931861
1.0369615
-0.20142968
0.38472792
0.49130203
-0.702328
-0.91334473
-1.06468
0.70018729
5.1571165
0.22060379
0.2312612
0.61279652
0.022375949
0.97941145
-1.5527894
-0.85366323
-0.25045377
0.1715797
0.19289452
1.0987745
1.096643
-1.5165542
1.1158263
0.3271779
-0.19077227
0.069268558
-0.30374083
-1.1819115
-0.10551298
-0.011727766
-0.28882045
1.5272024
0.73215952
0.0095870563
-0.16093152
-1.5677098
-0.079935196
5.6558834
0.13747599
-0.90268732
0.18863156
0.16092229
0.082057451
-0.73856319
-1.4909764
3.0554751
0.26536492
0.67887246
0.2312612
-1.0007355
0.20355194
0.020244467
-0.90695029
0.73855397
-0.24619081
-1.1947004
0.97941145
0.56164094
3.2963326
0.33357235
0.91759847
-0.077803714
0.68313543
-0.26537415
-1.0092614
-0.22700747
0.0095870563
0.11829265
-0.071409267
-1.1947004
-1.1392818
-0.26750563
-1.2288041
0.37407051
0.26110195
0.69166136
-1.0412337
0.39751681
-0.70445948
0.48703907
-0.018122212
-0.98368364
1.6614858
0.13534451
-1.1669911
0.48064462
-1.0391022
0.55950946
-0.64690946
-0.30587231
0.63411134
2.9105343
0.1715797
-0.069277785
-0.48704829
1.2671615
0.23978713
-0.14387966
0.0074555741
0.18650008
-0.43162976
-0.38260567
-0.7854558
-1.1542022
-1.0113929
-0.53607238
-0.65330391
0.28881122
-0.65330391
-0.702328
0.16944822
0.0522167
-1.1435448
0.65968912
-0.45720754
0.075663004
-0.54246683
2.1538581
0.32504642
0.66182061
0.15239636
0.27175937
-0.58509647
-0.16519448
1.631645
-0.27176859
-0.2355334
0.13321302
-0.2589797
-1.0796003
-0.98581513
-0.24192784
-0.84087434
0.28454826
-0.0074648013
0.12681858
0.19928897
1.0412244
0.47638166
0.26962788
-0.24192784
0.13108154
1.2501097
0.13108154
0.082057451
-0.21208709
-0.77053543
0.66821505
-0.28668897
-0.047962963
-0.13322225
1.1691134
-0.39326308
-0.97089475
1.4035764
-1.365219
0.49343351
-0.39752604
0.40391126
0.07140004
0.64903171
0.99220035
-0.64904094
-0.84940027
0.20568342
2.6995176
0.4230946
-1.0156559
0.15026488
6.9347727
0.78544657
-0.0053333191
-0.12256484
0.61705948
-0.1033815
0.33144087
-0.026648141
-1.2309356
0.78544657
-1.2479874
-0.15027411
0.77692064
-1.1243615
0.035164843
0.18223711
-0.71511689
-0.34423899
-0.71724837
0.75347434
0.36980755
0.056479664
-0.041568516
1.0220411
0.054348182
-0.97302623
-0.50623163
1.0753282
-1.0391022
-0.88350398
-1.1968319
1.030567
0.59574466
0.069268558
-1.3119319
0.44440942
-0.12043336
0.34209828
-0.98794661
-1.7126506
1.1200893
0.24831306
-0.6660928
0.33783531
-0.3911316
-0.050094445
0.096977826
-0.22913895
-1.1648596
0.63197986
0.63411134
0.73855397
2.9680843
-1.4590042
1.5399913
-0.23979636
0.096977826
-0.74282616
0.79610398
-0.45933903
0.34636124
-0.86218916
-1.2266726
0.32291494
1.0369615
0.1715797
0.047953736
-0.71724837
0.44440942
-1.1499393
-0.97942068
2.0046544
0.030901878
-0.55738721
0.49982796
-1.0582855
-0.052225927
1.932184
-0.54246683
0.99646331
-0.10551298
-0.5104946
1.7957691
-0.6064113
0.1118982
-1.1520707
0.87710031
-0.63198908
-0.75348357
-0.83447989
-0.49131126
0.17797415
-0.30374083
0.62345393
1.6401709
0.46146128
0.41670015
0.734291
-0.22700747
0.57442984
0.13321302
-1.3716134
0.43162053
-1.3332467
-0.31439824
-0.16093152
-0.96236882
1.2607671
-0.20142968
2.2156711
0.043690771
-0.19077227
1.0241726
-0.5339409
-0.60214833
-0.36555381
0.37407051
-0.9645003
-0.03517407
0.28454826
-0.87284657
0.72789655
-0.094855571
-0.01599073
1.2884764
-1.3716134
-0.062883338
-0.62559464
3.1641807
0.056479664
-0.59149092
0.38046496
-0.62772612
0.056479664
-0.35915936
-0.54033535
0.42948905
-1.599682
-0.33571306
-0.2227445
2.3691378
1.3865246
-0.49131126
1.8213469
1.1200893
-1.9194043
-0.8451373
0.59361318
-0.71724837
-0.12043336
3.0362918
-1.2863541
0.39751681
-0.073540749
0.013850021
1.2863449
-1.4781875
0.7108447
1.5570431
0.45719832
-0.70019651
2.6888602
0.38259644
0.14387043
0.24831306
-0.25684822
0.26536492
0.44227794
-1.1094411
2.4991583
0.95809663
-0.043699999
-1.8128302
-0.10551298
-1.2629078
1.2224004
0.40177978
0.2078149
-0.85153175
0.52540575
-1.1307559
0.50195944
0.85791697
1.0156467
-0.24832229
-0.8089021
0.026638914
-0.93252807
0.26110195
1.4568635
0.46572425
0.47851314
-1.1115726
-0.37194826
-0.18864079
0.25897047
0.28241678
-1.1499393
1.2309264
2.1645156
0.81315584
0.22486676
-0.33358158
0.13321302
-1.2160152
1.1179578
-0.52967794
-1.0284448
0.28454826
0.6511632
1.9300525
-0.62772612
-0.40818345
0.082057451
0.58295577
-0.60854278
0.54885205
-0.28455749
0.87496883
0.94743922
0.33144087
2.3201138
-0.073540749
1.0731967
-1.657232
0.48490758
0.50622241
0.0053240919
0.094846344
0.69592432
-0.90268732
0.50195944
-0.94318548
0.49130203
0.50409092
-1.480319
-0.19290375
-0.27816304
0.14173895
0.66182061
-0.10977595
-0.58296499
-0.39965752
0.37407051
0.13960747
0.64263727
0.0074555741
-0.052225927
-0.96236882
-0.63198908
-0.68314466
-0.46573347
0.077794486
-0.024516659
1.3438949
-0.34850195
-0.96023734
-1.3524301
1.0817226
0.6383743
0.74921138
0.19928897
-1.0412337
0.33783531
-1.1392818
-0.38900011
-1.1115726
-1.4057171
-0.24192784
0.5552465
-0.12469632
-0.48065385
0.81315584
1.1477985
1.3779986
0.099109308
-0.42736679
0.50622241
-0.18864079
-0.24832229
-0.34850195
-0.037305552
0.77478916
0.018112985
0.32078346
-1.0987837
-0.30587231
-1.5634468
-0.21635006
0.043690771
0.35701865
-0.85366323
-0.37621122
1.4184968
0.60000762
1.1030374
-0.64690946
-1.3076689
1.0561448
-1.484582
-0.8579262
-0.092724089
-0.73430023
0.4593298
-0.32931861
2.0963081
-0.69593355
-0.3548964
-0.37621122
0.3399668
0.54672057
-0.49557422
-1.2650393
0.36767606
0.87496883
-0.4380242
-0.073540749
2.825275
0.062874111
0.2440501
2.3734008
0.1118982
-0.0074648013
-0.18011486
0.54672057
-1.4590042
-0.86005768
-1.6529691
-0.12043336
-0.66822428
-1.422769
1.14993
-0.08419816
1.866108
-0.88989843
0.51687982
-0.83021693
0.2674964
-0.7620095
-1.12223
2.3563489
0.12468709
-1.2735652
-0.67675021
-1.356693
-0.01599073
-1.303406
0.035164843
-0.282426
-1.0497596
-0.60001685
-1.2330671
-1.5634468
-0.28882045
-0.31652972
-1.0327077
-0.36342233
0.47211869
0.15452785
0.44867239
-0.49770571
-1.537869
-0.34850195
-0.35702788
-1.533606
1.7232987
4.3002607
0.94743922
-0.0032018369
0.99646331
-1.356693
0.24831306
-0.18864079
1.5058876
0.60427059
0.25044454
-1.6849413
1.154193
-0.18864079
-0.5467298
-0.28882045
-1.3822708
2.9595584
-0.14387966
-0.16732597
0.95383367
-1.0113929
0.2078149
-0.91547621
-0.93039659
0.64263727
2.3243767
0.043690771
-1.1456763
-0.0053333191
0.7939725
1.088117
-0.84940027
0.83447066
-0.056488892
1.0859856
-0.93465955
0.3037316
-0.2227445
-0.48704829
2.3094563
1.8725025
-0.14387966
-0.40392049
1.9961285
0.0522167
0.27175937
-0.99220957
-0.34637047
2.8956139
0.7705262
0.61066503
-1.002867
-0.077803714
0.8302077
-0.58296499
-0.19503523
0.94530774
-0.95810586
-0.41884086
-1.2245411
-0.67461873
0.17797415
0.16305377
-0.6660928
-1.2863541
1.4781783
0.4593298
0.17797415
0.086320415
-1.2799597
-1.2437245
-0.36768529
-1.7467543
0.55098353
0.79823547
0.25257603
0.47211869
0.97727997
0.42948905
0.25897047
0.22273528
0.30799456
0.23978713
0.2312612
-1.3545615
-0.0010703547
-0.01599073
-0.33997602
0.7705262
-0.12895929
-0.11190743
0.1118982
-1.8746432
-1.0497596
-0.27390008
0.54885205
-0.52328349
-0.071409267
0.10976672
0.65542616
-0.37621122
0.16731674
0.91333551
-0.85579471
-1.3865338
-0.87924102
0.19289452
1.0518818
0.52540575
0.3399668
0.64476875
-0.90908177
-0.84300582
0.37833348
0.060742629
-0.95384289
-0.013859248
-0.46573347
-0.57443906
-0.10551298
0.23765565
0.056479664
1.0859856
1.0625393
-0.89416139
-0.73216875
0.43801498
0.0010611275
0.39538533
5.5855445
0.25470751
-0.26750563
2.2625637
1.0049892
-0.82382248
0.11829265
0.0053240919
-0.32505565
0.4593298
0.23339269
-1.0199188
1.4014449
0.045822254
0.63624282
0.094846344
1.3950505
-0.26324266
4.7649238
0.62558541
-0.86858361
-0.49344274
-0.11617039
0.12681858
-1.4334264
0.17584267
1.5954098
-0.82595396
1.4675209
-0.50623163
0.39538533
0.079925969
-0.069277785
-0.93252807
-0.0010703547
0.32291494
-0.088461125
0.54672057
0.32930938
0.33144087
-0.68101317
0.31225753
0.35275569
-0.37194826
0.45293535
-1.0668115
0.11402968
-0.22061302
0.39112237
-1.3588245
0.2312612
0.46998721
0.96662256
-0.1033815
-0.61493723
0.45719832
0.2674964
-0.18864079
-0.35702788
-1.2586448
-0.077803714
0.64476875
0.13534451
0.53180019
-0.50410015
-0.941054
0.067137075
-0.077803714
0.57016687
-1.603945
-0.44441865
-1.6998617
-0.18864079
0.19502601
-0.71724837
0.22699824
-0.84940027
-1.2501189
-0.51262608
0.50409092
-0.92826511
0.73855397
0.64690023
0.49982796
0.27389085
-0.7257743
-0.20142968
-0.67675021
-1.2288041
-0.90695029
0.0010611275
-1.29488
-0.86005768
1.689195
2.05581
-0.045831481
-0.90908177
3.2707548
-0.20142968
-1.1669911
0.70231877
-1.2394615
0.23978713
1.1264837
0.15239636
0.25683899
0.073531522
1.0412244
-0.49557422
0.23765565
-1.1776485
-0.61493723
0.4827761
-0.58935944
5.5620982
1.2181375
-0.73643171
1.4078394
-0.062883338
0.10124079
0.30586308
0.3634131
1.5378598
-0.97942068
-1.8810376
-0.29095193
-0.0032018369
0.46998721
1.1200893
0.49769648
-0.59788537
0.56377243
-0.47212792
-1.6060764
-0.27816304
0.2078149
-0.97942068
-0.18864079
-1.117967
-0.64051501
0.13534451
3.430616
-0.40392049
-1.1819115
0.25044454
0.52114278
-0.99434106
0.29520567
-1.4995023
0.13534451
-0.020253694
-1.0327077
0.89415217
0.40604274
0.062874111
0.26323344
-0.018122212
-0.36555381
-0.58935944
1.1371411
-0.26537415
-0.14814263
0.90267809
-1.0987837
-0.67461873
1.1094319
0.050085218
-0.9772892
-0.61280574
-0.42097235
0.19715749
-0.87710954
-1.3502986
-1.0838633
0.28028529
-0.84726878
0.5424576
1.3630782
0.15026488
-1.2074893
-0.25471674
0.41883164
-0.9772892
-1.060417
2.3691378
0.83660215
1.627382
-1.0156559
0.84939104
0.086320415
0.041559289
-0.18011486
-0.56591314
0.043690771
1.1179578
-0.77053543
0.14173895
3.0341603
0.67887246
-1.5868931
-0.79185025
0.013850021
0.096977826
-1.3311152
1.1605874
0.40391126
0.21847231
0.22699824
-0.33358158
-1.3630875
1.2671615
0.19289452
-0.42523531
0.7939725
-0.21421857
1.0497504
-0.16945745
1.3033967
-0.78758728
0.99433183
0.74068545
-0.71724837
1.2607671
0.44227794
-0.03517407
-0.024516659
0.11616117
-0.37194826
-0.024516659
0.81102436
0.64263727
-0.3548964
-1.1030466
-0.82808544
-0.55099276
0.31865197
-1.1968319
0.82381325
-0.15666855
-0.36555381
0.75986879
0.81528732
-0.27390008
-0.13535373
0.51687982
-1.1989633
-0.0095962835
0.020244467
0.16518526
-0.30800379
-0.27603156
0.92186143
-0.14814263
-0.89416139
1.2607671
-0.28668897
0.43375201
0.75347434
-1.2927486
-1.0859948
-0.60001685
-0.23340191
1.6145931
6.6470226
-0.26750563
-0.42736679
-1.0540226
-0.56591314
-0.68101317
-1.2032263
0.2674964
1.0476189
0.28667974
0.28241678
-0.18437782
0.28241678
1.158456
-1.0945207
-0.81955952
-0.21421857
0.0074555741
1.1776393
-1.1669911
-0.33571306
-1.1542022
0.46359276
-0.73003726
-0.28882045
-0.74069467
1.4867042
-1.3481671
-1.0689429
2.2156711
-0.37407974
-0.15453707
1.4419431
-1.2522504
-0.69806503
-1.1733856
0.015981503
1.3609468
-0.03517407
-0.282426
-1.1947004
-0.26537415
0.17371118
-1.5911561
-1.0305763
-0.51475756
0.32504642
0.88349475
0.70231877
0.09058338
0.40177978
-0.14601114
-0.28882045
-1.4057171
0.89841513
-0.0053333191
-0.46999644
-0.094855571
-1.1627281
-0.92187066
2.2987989
-0.79398173
-1.0497596
0.42948905
0.60213911
1.1414041
-1.1051781
-0.17798338
-0.23766488
-0.62133167
0.84512807
-1.5890246
-0.4380242
-0.31226675
-1.1691226
-0.50623163
0.020244467
-0.37194826
-0.78758728
-0.1396167
-0.16093152
0.43162053
-0.024516659
-0.61920019
-0.33784454
-1.3545615
-0.75987801
-1.3545615
-0.32505565
-0.33145009
2.1453322
0.38472792
0.85578549
-0.18437782
-1.4824505
1.1243522
-0.6298576
-0.87497805
-0.43589272
-0.93892252
-0.34850195
-1.17978
-1.5826301
-0.62133167
0.15239636
-0.0095962835
0.29733715
-0.27390008
0.41883164
-0.56165017
0.58935021
-1.1733856
-0.2589797
-0.63412057
0.35062421
-0.099118535
-0.36555381
1.3204486
0.16944822
0.13534451
-0.037305552
-1.0135244
-1.6828098
-1.06468
0.31225753
-1.537869
4.3173126
-1.3332467
-0.65543539
-0.23340191
-0.32718713
0.14600192
2.4842379
-1.2245411
-0.18650931
1.0433559
0.9858059
-1.480319
-0.16945745
0.084188933
-0.12469632
0.51048537
-1.2863541
-0.52754646
-0.64051501
1.216006
-0.33784454
-0.082066678
-0.46360199
0.092714862
0.40177978
3.0128455
-1.6977302
0.38046496
0.58935021
1.7915062
-0.53820387
0.84086511
0.086320415
-0.80677062
-0.27176859
1.0646707
1.4440746
-0.25045377
-0.30587231
-1.299143
-0.028779623
-1.06468
-1.1414133
0.6980558
-1.0817318
-0.011727766
-1.4952394
0.10124079
0.18010563
-0.20569264
0.35701865
-0.21208709
0.68526691
0.34209828
-0.22913895
-1.603945
0.20355194
-0.25684822
-0.94318548
-0.079935196
-1.3630875
0.58721873
-0.77692987
1.5208079
-0.31439824
-1.0007355
0.59574466
-0.19290375
1.2394523
1.0433559
0.31652049
-0.282426
-1.0284448
0.086320415
1.5911468
-0.71085392
0.026638914
1.0582763
-0.80250766
1.8405303
0.49130203
0.30799456
0.45719832
-1.0540226
-1.3012745
2.2092767
0.40177978
-0.29308341
-0.84940027
-0.39539456
0.99220035
1.6423024
0.46146128
-0.34637047
2.8742991
-0.82808544
4.0956384
-0.70445948
-0.047962963
1.1563245
-1.117967
-1.5932876
-0.42097235
0.6980558
0.83660215
-0.099118535
-0.83021693
-0.94318548
-1.4568727
0.45080387
-1.6316542
-0.32079268
-1.2778282
-0.23340191
0.31012605
-0.052225927
1.0220411
-1.2245411
1.0625393
-0.27176859
1.1435356
-0.30587231
-0.11830188
0.21207786
0.11829265
0.40817423
-0.1396167
0.49343351
-0.088461125
2.0494155
-0.41244642
0.72576507
-1.414243
-0.77266691
-0.17372041
0.32291494
-0.33784454
0.34636124
0.36980755
-0.2355334
-0.92826511
1.7360876
-0.8089021
-0.62133167
-0.5936224
-1.7105191
3.187627
0.37193903
0.20355194
-0.95597438
-0.13109077
0.10763524
-0.93252807
-0.35276492
0.21847231
-1.4312949
0.51687982
-0.44441865
-0.27176859
-0.18011486
0.28241678
-1.0732059
-0.86432064
1.3545523
0.22912972
-0.81529655
1.8767655
-0.73003726
0.075663004
-0.58509647
1.8362673
0.81741881
-0.062883338
0.5552465
0.77692064
0.10550375
-1.2565134
2.1645156
-0.4380242
1.3822616
1.030567
0.34209828
-0.3783427
-1.5506579
0.21420935
-0.93465955
-0.14387966
-0.35702788
0.058611147
-0.75348357
0.80036695
-0.15027411
-0.69806503
-0.22700747
0.075663004
-1.0007355
-1.4398208
0.71510766
0.86217993
0.74068545
0.013850021
0.18650008
-0.32718713
0.2440501
-0.71511689
1.3161856
-0.35276492
0.14387043
2.0344951
-0.44228717
3.1386029
0.19715749
-0.58722796
-0.4508131
0.53819464
0.16518526
-0.95171141
-1.4014542
0.11402968
0.0095870563
-0.19503523
0.25044454
0.043690771
0.45719832
-1.0987837
1.5335968
-0.95810586
0.0053240919
1.1136948
-1.0092614
-1.303406
-0.18224634
-0.28029452
0.91972995
-0.99220957
-0.1033815
-0.93039659
-0.60427981
0.51261685
-0.7854558
-0.87284657
-0.55738721
0.39112237
-0.62559464
0.54885205
1.1371411
-1.1158355
-0.69806503
-0.41670938
-0.50623163
0.079925969
0.15665933
-0.99007809
-0.14814263
0.24191862
-1.1499393
-0.086329642
-0.54886128
-0.26111118
-0.15666855
0.31865197
0.28881122
-0.92826511
0.2312612
-0.29308341
-0.082066678
0.015981503
-1.0412337
-0.73643171
0.14600192
-1.056154
-0.090592607
-1.356693
-0.4508131
-0.78332432
0.011718538
-0.12043336
-0.96876327
1.0582763
0.20355194
-0.41670938
-0.74069467
1.8106895
-1.002867
0.13960747
-0.29095193
-0.31439824
-0.36129084
0.91333551
-1.3929282
-0.49344274
-1.0156559
-0.11190743
-0.67461873
-0.0074648013
-1.1286244
-0.88350398
0.38046496
0.46998721
-1.245856
-0.56804462
-0.20142968
1.3566838
-1.3460356
-0.36555381
1.3716042
-0.28029452
-0.6064113
-0.56804462
-0.022385177
-0.98368364
0.65968912
0.39325385
-0.51262608
1.4142338
-1.3673504
-0.49131126
0.47425017
-0.15027411
-0.93252807
-1.3524301
-0.94957993
-0.78119284
1.1477985
-0.47639088
0.96022811
-1.5250801
-1.5677098
-0.38047418
0.33783531
-0.84087434
-0.10551298
-1.0263133
-0.38473715
2.4565286
-0.13322225
0.1843686
-1.1435448
-1.2032263
0.84512807
-0.702328
-0.63838353
0.25470751
-0.27390008
-0.99647254
-0.24832229
0.39112237
1.3524208
1.3033967
-0.19503523
-0.32718713
0.039427807
-0.84940027
-0.13322225
-1.0113929
-0.70872244
-1.0071299
-0.41670938
0.55098353
-1.418506
-0.75348357
0.7108447
-1.241593
-1.1115726
0.067137075
1.3204486
-0.53607238
-1.3311152
-0.32292417
0.38899089
0.49982796
-0.98581513
-0.48917978
0.1481334
-0.08419816
-1.1584652
-0.29734638
-0.90908177
0.11829265
0.088451897
-0.037305552
-1.3439041
0.43801498
0.21634083
0.099109308
0.15452785
-0.8089021
1.2479782
-0.38473715
-0.31652972
0.68100395
0.64476875
-1.6892042
2.3265082
0.68100395
-0.19077227
-1.2671708
1.3119227
0.78331509
-0.99007809
0.058611147
1.1009059
-0.73430023
0.013850021
0.12681858
0.31438901
-0.87497805
-0.082066678
-1.4632671
0.33570383
0.5786928
0.5786928
0.40391126
-0.20569264
-0.62559464
-0.71724837
-0.34423899
-0.63625205
-1.4270319
-0.16519448
-0.99860402
1.8810284
-0.30800379
-0.23127043
0.84725956
0.15452785
-0.86645212
0.0010611275
3.846255
-0.93892252
-0.95810586
0.61919096
0.59574466
-1.1051781
-1.2479874
-1.1627281
0.64903171
-0.95384289
0.16944822
-1.0518911
-0.32718713
-0.11403891
0.32930938
-0.31226675
2.6313102
0.67674098
0.17584267
-0.24405932
1.6188561
-1.0220503
-0.87284657
-0.54459831
-0.98581513
-0.48704829
0.17797415
-0.48278533
2.0003914
1.8213469
-0.32079268
3.4071697
-1.1073096
-0.47212792
-0.90908177
0.72789655
-1.1542022
-1.3183263
-1.1648596
-1.5186857
0.8898892
0.69379284
1.0113837
0.41883164
0.72150211
-0.15880004
-1.1478078
-0.37407974
-0.77266691
-1.5186857
-0.24832229
-0.83234841
-1.5911561
0.55737798
-0.52967794
-0.63412057
-0.75774653
-0.15666855
0.75986879
2.2987989
-0.99647254
-0.6660928
-0.87284657
0.92186143
0.495565
0.39112237
-1.0220503
-0.51688904
0.0074555741
-0.08419816
1.0731967
-1.2138837
-0.37194826
-0.47212792
-0.38047418
0.23552417
-0.76840394
-0.96236882
-0.46360199
-0.11830188
0.65755764
-0.2355334
-0.66396132
3.9315143
-0.83447989
0.062874111
0.36980755
1.7147728
1.3652097
-1.1115726
-0.83874286
0.43588349
-0.39539456
0.74068545
0.27815381
-0.83447989
0.44014646
-0.18224634
0.22912972
0.98367442
-0.46999644
-0.89842436
-1.5144227
