0.63693575
0.52759425
-0.1612572
0.057425802
-3.0041362
0.1886356
0.024623352
-1.0359892
1.2273799
1.019631
-0.15032305
-0.1612572
0.2323722
0.22143805
-0.2049938
-0.5986232
-3.0041362
0.3417137
-0.095652299
1.0633676
1.2055116
-0.1393889
0.57133085
0.35264785
0.11209655
1.3367214
0.30891125
0.11209655
0.046491652
0.068359952
-0.25966455
-1.0250551
-1.0141209
0.37451615
-3.0041362
-0.095652299
-0.17219135
0.068359952
0.13396485
-3.0041362
-3.0041362
0.0027550515
-0.2268621
0.2542405
0.30891125
0.41825275
0.52759425
-0.6204915
0.013689202
0.17770145
0.76814556
-0.8173062
-0.80637205
1.2929848
-0.095652299
-0.54395245
-0.1393889
-0.2705987
-0.051915699
0.30891125
-3.0041362
0.090228252
-0.062849849
0.73534311
0.1011624
0.079294102
0.144899
0.5603967
1.6319434
0.2542405
-0.073783999
-0.98131845
-0.040981549
1.2273799
-0.292467
0.26517465
0.079294102
-0.28153285
0.75721141
0.4947918
0.4510552
0.22143805
-0.12845475
0.3417137
-0.17219135
-0.019113249
0.44012105
-3.0041362
-0.82824035
0.26517465
0.1886356
-0.062849849
0.13396485
-0.030047399
0.079294102
0.090228252
0.046491652
0.144899
-3.0041362
0.2542405
1.238314
0.87748706
-0.051915699
1.5772727
0.35264785
0.024623352
0.1667673
1.1945774
1.3695238
-3.0041362
0.5166601
0.44012105
0.5166601
0.41825275
-0.8173062
0.77907971
-1.1781332
0.068359952
0.17770145
-1.0141209
0.1886356
-3.0041362
0.024623352
-0.1175206
-3.0041362
-0.4674134
0.5603967
0.19956975
-0.084718149
0.35264785
-0.0081790986
-0.292467
0.144899
0.079294102
0.33077955
-0.71889885
0.4291869
-0.073783999
-0.15032305
0.1011624
-0.1175206
0.44012105
0.2761088
-0.084718149
-0.0081790986
-0.073783999
-0.095652299
1.3476555
-0.030047399
-0.12845475
0.0027550515
-0.292467
0.090228252
0.54946255
0.57133085
1.1180384
-0.2705987
0.41825275
0.74627726
0.079294102
-0.073783999
-0.1612572
-0.3143353
-0.12845475
0.046491652
-0.084718149
0.4073186
0.013689202
0.4073186
0.068359952
0.11209655
0.1886356
0.35264785
-0.12845475
0.090228252
0.0027550515
-0.1175206
-0.095652299
-0.095652299
0.19956975
0.1230307
0.48385765
1.5882068
0.15583315
0.11209655
-3.0041362
-0.084718149
-0.1175206
-3.0041362
0.0027550515
0.11209655
0.057425802
1.4241946
-0.062849849
-0.10658645
0.3198454
0.61506745
-0.030047399
0.046491652
0.44012105
0.090228252
-0.80637205
0.024623352
2.25519
0.1886356
-0.1612572
0.83375046
-3.0041362
0.144899
2.4629388
-0.062849849
-0.2487304
0.068359952
-1.0141209
0.93215781
0.6260016
0.1886356
0.24330635
0.2761088
-3.0041362
-0.17219135
0.19956975
0.2323722
1.0524335
-0.7735696
-0.41274265
-0.82824035
-0.1612572
1.4351287
-0.084718149
-3.0041362
-0.12845475
0.15583315
-0.65329395
-0.062849849
-3.0041362
0.75721141
0.52759425
-0.1393889
-3.0041362
0.079294102
0.1230307
0.6697382
-3.0041362
-3.0041362
2.1349143
0.39638445
0.1230307
-0.051915699
0.013689202
0.013689202
1.1180384
-0.051915699
2.25519
0.61506745
0.4073186
0.1667673
0.39638445
-0.15032305
0.035557502
0.057425802
-0.0081790986
-0.1393889
0.2105039
-0.051915699
-3.0041362
-3.0041362
-0.084718149
-0.2705987
1.3585897
0.046491652
0.30891125
-0.1393889
0.89935536
0.090228252
1.0524335
0.1011624
-0.062849849
0.090228252
-0.073783999
-3.0041362
-3.0041362
-0.2487304
0.2323722
-0.051915699
0.024623352
-0.17219135
1.4788653
-0.073783999
-0.34713775
0.41825275
0.013689202
-0.030047399
0.363582
-0.073783999
0.46198935
0.26517465
0.6916065
0.090228252
-0.062849849
-3.0041362
0.26517465
0.1230307
-0.051915699
-0.17219135
0.81188216
-1.0250551
0.4729235
0.6916065
-0.10658645
1.4897995
0.035557502
-0.98131845
0.090228252
-0.0081790986
0.3417137
0.24330635
0.26517465
-0.2705987
-3.0041362
0.41825275
-3.0041362
0.013689202
0.2761088
-0.084718149
0.15583315
0.024623352
-3.0041362
1.6975483
-0.073783999
-3.0041362
0.2979771
-3.0041362
-0.8173062
-0.17219135
-0.1393889
0.83375046
0.6478699
0.26517465
-0.040981549
-0.39087435
-3.0041362
0.0027550515
0.363582
2.036507
-3.0041362
0.39638445
-0.084718149
0.057425802
0.024623352
-1.1125283
-0.4236768
0.24330635
-0.8391745
0.2761088
0.22143805
-0.15032305
-0.7954379
1.3695238
0.46198935
-0.2049938
0.5603967
0.13396485
0.87748706
1.1289725
-0.084718149
-0.040981549
0.61506745
-0.12845475
-0.0081790986
-0.1612572
0.068359952
-0.084718149
0.1886356
-0.073783999
-0.4892817
0.046491652
0.1011624
0.2105039
-3.0041362
0.22143805
-0.2268621
-0.65329395
-0.095652299
-0.051915699
0.057425802
-0.65329395
0.035557502
-0.4018085
0.22143805
-3.0041362
-0.7517013
-0.17219135
-0.051915699
1.4460629
-0.15032305
0.013689202
0.19956975
0.013689202
0.52759425
-0.2487304
1.3913921
1.8615606
-0.12845475
0.28704295
0.33077955
-0.4892817
0.33077955
0.22143805
0.22143805
-0.23779625
0.0027550515
1.1508408
1.0852359
-3.0041362
-0.12845475
0.363582
2.0911777
0.15583315
0.17770145
0.057425802
0.24330635
-3.0041362
-0.4236768
-0.5767549
-0.3580719
-0.17219135
-0.019113249
-0.084718149
1.4897995
0.2542405
-0.040981549
-0.084718149
-0.073783999
2.4410705
-3.0041362
0.22143805
-0.56582075
2.4520047
-0.095652299
-3.0041362
-0.1393889
0.4073186
0.2323722
0.6916065
0.74627726
0.3417137
0.85561876
-1.0250551
0.52759425
0.63693575
0.54946255
0.0027550515
0.079294102
-0.7735696
1.5882068
0.1886356
-0.12845475
0.17770145
-0.1175206
-3.0041362
0.013689202
-0.073783999
-0.051915699
1.4679312
-0.019113249
-0.0081790986
0.057425802
-3.0041362
0.1886356
-0.76263545
-0.051915699
0.1667673
-0.85010865
0.24330635
0.090228252
-3.0041362
0.3417137
0.92122366
0.2323722
0.2323722
0.4510552
0.50572595
1.0305652
-0.3143353
-0.073783999
0.5385284
-3.0041362
0.4073186
0.035557502
-3.0041362
0.144899
-0.1175206
-0.8173062
0.72440896
0.24330635
-0.8610428
-0.095652299
-0.0081790986
0.024623352
0.73534311
1.1836433
-0.095652299
0.4510552
-0.10658645
1.161775
-0.0081790986
1.019631
0.1230307
0.1667673
-0.095652299
-0.28153285
0.057425802
-1.0250551
-0.4455451
-0.25966455
0.4510552
0.2105039
2.0583753
0.26517465
-3.0041362
0.4947918
-0.1831255
-0.1393889
-3.0041362
1.599141
0.068359952
0.5603967
0.72440896
2.3754656
-0.062849849
0.52759425
-0.7079647
-0.1175206
0.035557502
0.2761088
-0.019113249
0.77907971
0.28704295
-0.040981549
-3.0041362
0.2761088
-0.040981549
0.2542405
0.24330635
0.26517465
0.70254065
-3.0041362
0.68067235
-3.0041362
0.2979771
0.4947918
0.48385765
0.035557502
0.46198935
0.92122366
0.35264785
-0.25966455
-3.0041362
0.35264785
-0.051915699
0.046491652
0.44012105
-0.030047399
0.5385284
-3.0041362
0.22143805
-0.073783999
0.3854503
0.090228252
-0.2487304
0.48385765
0.17770145
0.013689202
-3.0041362
-0.030047399
0.2105039
0.33077955
-0.21592795
1.0305652
1.3695238
0.33077955
1.0086969
-1.0141209
1.0524335
0.2105039
-0.1831255
0.1011624
-0.095652299
0.2542405
-0.15032305
0.7134748
0.1886356
0.28704295
0.94309196
-0.21592795
-0.17219135
0.1230307
0.48385765
-0.2487304
1.9271655
-3.0041362
0.39638445
-0.23779625
0.035557502
-3.0041362
-0.80637205
0.19956975
0.079294102
-0.1175206
1.3913921
0.35264785
0.1667673
-0.56582075
0.44012105
-0.4455451
-0.2487304
-0.2049938
-0.073783999
0.50572595
0.3854503
-0.073783999
1.4023263
0.0027550515
0.3854503
-0.52208415
-0.095652299
-0.0081790986
0.80094801
2.3207949
0.24330635
0.6260016
-0.23779625
0.87748706
0.37451615
0.2105039
0.37451615
0.5385284
-0.1612572
-0.1831255
1.4897995
-0.073783999
-3.0041362
1.3257872
-3.0041362
-0.19405965
0.39638445
-3.0041362
0.52759425
-3.0041362
0.3198454
0.57133085
-0.073783999
-0.91571355
0.33077955
0.13396485
-0.4236768
1.1180384
1.3913921
0.2542405
-0.12845475
0.2761088
0.15583315
-0.292467
0.013689202
-0.15032305
0.5166601
-0.1175206
0.013689202
1.3257872
-0.019113249
0.1667673
-0.292467
-3.0041362
0.82281631
-0.10658645
-0.1175206
-0.2487304
0.6260016
0.144899
1.456997
0.26517465
1.2820506
2.2005192
-0.1175206
-0.23779625
0.19956975
-0.12845475
-3.0041362
0.013689202
0.4073186
-3.0041362
0.046491652
-0.17219135
0.079294102
0.44012105
-0.17219135
0.68067235
0.82281631
-0.030047399
-0.1175206
0.84468461
1.2711165
0.98682856
0.2979771
0.2979771
-0.3799402
-0.7517013
0.079294102
-0.084718149
1.2055116
0.4729235
-0.10658645
0.5385284
0.057425802
1.2601823
0.4510552
1.6647459
0.079294102
1.6538117
-0.073783999
-3.0041362
0.4073186
0.024623352
0.79001386
-0.084718149
1.1945774
0.26517465
-3.0041362
0.15583315
-3.0041362
-0.1175206
-3.0041362
0.0027550515
0.0027550515
0.2323722
-0.095652299
0.17770145
0.3198454
0.6697382
-0.23779625
-0.095652299
0.37451615
0.2761088
-0.084718149
0.83375046
-0.15032305
0.046491652
-0.1393889
-0.12845475
-3.0041362
1.8396923
-3.0041362
-0.4892817
-3.0041362
-0.17219135
0.13396485
-0.040981549
0.88842121
0.2323722
0.046491652
0.15583315
0.024623352
0.057425802
0.88842121
1.2273799
0.5385284
-0.073783999
0.2979771
-0.50021585
0.068359952
-0.051915699
-0.30340115
0.2761088
1.8068898
-0.030047399
1.4132604
0.024623352
-0.5767549
0.0027550515
-3.0041362
0.035557502
-3.0041362
0.22143805
0.090228252
0.0027550515
-0.74076715
1.8396923
1.3367214
1.1289725
0.3198454
-0.17219135
0.1667673
0.52759425
0.3854503
0.1230307
1.3695238
-0.051915699
0.035557502
1.6975483
-0.030047399
0.17770145
-0.43461095
-0.019113249
0.0027550515
0.11209655
-0.65329395
-1.1343966
0.068359952
1.4897995
-0.8829111
0.87748706
0.44012105
-0.17219135
0.144899
0.15583315
0.4291869
-0.47834755
0.035557502
0.19956975
-0.2049938
0.44012105
0.2761088
0.4947918
-0.10658645
-0.0081790986
0.013689202
0.057425802
0.4510552
1.1180384
-0.12845475
-0.8391745
0.1886356
-3.0041362
-3.0041362
1.8396923
0.86655291
0.19956975
-0.3799402
0.1886356
0.2542405
0.89935536
0.1011624
0.19956975
-3.0041362
2.2879924
0.63693575
0.48385765
-0.030047399
1.1836433
-0.54395245
-0.030047399
-0.040981549
-3.0041362
0.46198935
0.15583315
-3.0041362
0.1230307
1.3257872
0.41825275
0.59319915
0.4073186
0.88842121
0.035557502
-0.8610428
-0.1393889
0.11209655
0.22143805
0.1230307
0.65880405
-0.062849849
0.057425802
0.46198935
0.5166601
1.0086969
0.11209655
0.48385765
0.068359952
0.068359952
1.1508408
0.59319915
1.0743018
0.91028951
0.33077955
-0.1612572
0.4291869
-3.0041362
0.3198454
1.238314
-0.12845475
0.0027550515
-0.019113249
-0.19405965
0.4510552
-0.040981549
0.057425802
0.87748706
-0.040981549
-0.10658645
0.5385284
-0.15032305
-0.040981549
0.024623352
-0.1612572
-0.50021585
0.4291869
-3.0041362
-0.56582075
0.44012105
-0.78450375
-0.12845475
1.4023263
-0.1175206
-0.095652299
-0.10658645
0.057425802
-0.1393889
-0.084718149
0.144899
-0.062849849
-0.1393889
0.5603967
0.24330635
0.1886356
-0.51115
0.22143805
-0.3799402
-0.17219135
0.057425802
0.3417137
1.0852359
-0.19405965
0.5166601
0.37451615
0.3854503
0.26517465
0.079294102
-0.062849849
0.2979771
0.41825275
0.1886356
-0.2487304
0.46198935
-0.2487304
1.3148531
-0.019113249
0.5385284
0.46198935
0.87748706
-0.2049938
-0.095652299
0.4291869
0.024623352
0.30891125
0.89935536
-0.073783999
-0.3143353
-0.040981549
0.17770145
-3.0041362
-0.2268621
0.068359952
-0.084718149
0.22143805
0.74627726
0.13396485
1.3585897
0.6041333
0.33077955
0.068359952
-0.073783999
0.4073186
-0.45647925
-0.21592795
0.013689202
-0.2049938
-0.80637205
0.19956975
0.035557502
-0.1175206
-0.040981549
1.2601823
0.024623352
0.19956975
-0.030047399
0.3854503
-0.030047399
-0.1831255
0.94309196
0.7134748
-0.21592795
0.19956975
1.3476555
-0.062849849
-0.8610428
0.28704295
0.50572595
-0.062849849
0.15583315
-3.0041362
1.5882068
1.5007336
-0.1612572
-0.17219135
0.95402611
-0.12845475
-0.10658645
-0.051915699
0.24330635
0.5166601
-0.10658645
2.4192022
0.2323722
-0.65329395
-0.019113249
-3.0041362
0.61506745
0.11209655
0.2542405
0.96496026
0.068359952
1.4788653
-3.0041362
-0.095652299
0.30891125
0.30891125
0.2323722
-0.051915699
0.582265
-0.25966455
-0.040981549
1.3367214
0.2105039
0.144899
0.82281631
0.17770145
-0.6204915
0.4947918
-3.0041362
0.19956975
0.3198454
0.1886356
0.013689202
-3.0041362
-0.084718149
0.068359952
0.99776271
-0.12845475
0.6697382
0.144899
-0.93758185
-3.0041362
1.0086969
0.024623352
-0.1831255
0.2105039
0.2761088
0.0027550515
0.6260016
-0.9922526
0.013689202
2.0583753
2.25519
1.8068898
0.013689202
1.3695238
-0.040981549
-0.073783999
2.5613462
1.456997
0.26517465
-3.0041362
-0.7735696
-0.4236768
-0.78450375
0.1230307
0.013689202
-0.1612572
-0.51115
-0.1175206
-0.58768905
-0.040981549
-0.1175206
0.17770145
-0.21592795
0.068359952
-0.1175206
1.4241946
-0.8173062
0.13396485
-0.062849849
0.28704295
0.3854503
-0.36900605
2.1349143
-0.062849849
0.28704295
0.6041333
0.70254065
0.068359952
0.057425802
0.035557502
-0.062849849
-0.19405965
0.26517465
0.52759425
-0.10658645
-0.7954379
1.238314
0.2979771
0.7134748
0.35264785
1.6647459
0.1667673
0.363582
0.090228252
0.079294102
0.59319915
0.15583315
0.6041333
2.2770583
-0.0081790986
-0.30340115
0.41825275
-0.1393889
-0.1393889
1.238314
0.2323722
-0.12845475
-0.28153285
-0.1831255
-0.23779625
1.0414993
0.13396485
-0.3143353
0.035557502
0.65880405
0.046491652
0.0027550515
0.046491652
-0.19405965
0.50572595
-3.0041362
0.4291869
2.1567826
0.0027550515
0.035557502
0.15583315
-0.10658645
1.1289725
-0.0081790986
-1.0250551
0.1886356
0.144899
-0.1393889
0.6478699
0.068359952
0.4073186
0.035557502
0.090228252
-0.1612572
0.95402611
0.013689202
-0.1612572
0.80094801
1.4241946
-3.0041362
0.6260016
0.3417137
-0.63142565
0.4729235
0.99776271
1.0414993
-0.030047399
-0.0081790986
-0.073783999
-0.7517013
1.7959557
0.72440896
-0.21592795
-0.15032305
0.33077955
-3.0041362
-0.1612572
-0.28153285
-0.5330183
0.6041333
-0.1175206
-0.12845475
1.0086969
1.4460629
-0.2487304
1.6100751
0.50572595
0.582265
0.41825275
1.5007336
1.1180384
0.144899
0.3198454
-3.0041362
-0.52208415
-0.040981549
-3.0041362
0.582265
0.2761088
-0.051915699
0.0027550515
0.1011624
-0.19405965
-0.9266477
0.3417137
0.22143805
-3.0041362
0.079294102
0.144899
0.87748706
0.28704295
-0.85010865
0.057425802
-0.030047399
-0.1831255
-0.47834755
0.3198454
0.144899
0.068359952
-0.82824035
0.19956975
0.0027550515
0.046491652
0.046491652
-0.23779625
-0.040981549
0.046491652
0.26517465
1.6538117
-1.0469234
1.2492482
0.3417137
-0.095652299
-0.80637205
0.0027550515
-0.9703843
-0.030047399
0.82281631
-0.051915699
-0.073783999
0.19956975
0.068359952
-0.084718149
-0.0081790986
-0.030047399
-0.2049938
-3.0041362
1.3913921
-0.15032305
0.035557502
-0.1831255
0.2323722
-0.98131845
0.1011624
0.2761088
-0.63142565
0.6916065
-3.0041362
0.3854503
0.035557502
0.1011624
1.2711165
0.2105039
0.1230307
0.035557502
1.7740874
0.057425802
-0.051915699
0.4291869
-0.1612572
0.068359952
-0.051915699
0.024623352
-0.9703843
0.1230307
0.19956975
0.1886356
0.54946255
0.54946255
-0.051915699
0.17770145
-0.12845475
-0.019113249
0.3854503
-0.10658645
0.1011624
-0.19405965
0.013689202
0.33077955
-0.019113249
0.3854503
0.3417137
0.3417137
0.013689202
0.5603967
0.079294102
-0.69703055
0.94309196
0.035557502
1.019631
-0.040981549
-0.34713775
0.7134748
2.6050828
-0.9047794
-0.073783999
0.1667673
-0.051915699
0.87748706
-0.073783999
-0.0081790986
-0.1175206
-0.084718149
0.2761088
0.3198454
-0.019113249
-0.073783999
2.7034901
0.11209655
-0.15032305
0.7134748
-3.0041362
0.1667673
0.2979771
0.035557502
-3.0041362
-0.019113249
1.4023263
0.74627726
0.68067235
0.1886356
0.035557502
-0.56582075
-0.12845475
-0.2705987
-0.1612572
0.013689202
0.33077955
1.3148531
-0.1393889
-3.0041362
0.85561876
0.68067235
0.2105039
-0.4236768
-3.0041362
-0.062849849
1.5882068
-0.7954379
0.13396485
0.30891125
0.057425802
-0.39087435
-0.051915699
-3.0041362
1.5663385
0.13396485
-0.062849849
-3.0041362
1.2601823
0.50572595
0.15583315
0.2542405
0.090228252
-0.7079647
-0.040981549
0.11209655
-3.0041362
-0.019113249
0.068359952
-0.062849849
-0.019113249
0.144899
-0.040981549
0.1230307
-0.1393889
0.1230307
0.013689202
0.68067235
0.4510552
0.046491652
-0.095652299
-0.1831255
1.9052972
-0.5330183
0.22143805
0.30891125
-0.051915699
-0.062849849
-3.0041362
0.3198454
-0.948516
-0.062849849
0.11209655
0.035557502
0.2105039
0.1230307
-0.15032305
-0.7735696
0.1011624
-0.095652299
0.057425802
-0.1831255
-0.69703055
0.13396485
-3.0041362
-0.51115
0.1011624
0.079294102
0.2105039
-0.19405965
-0.1831255
0.079294102
-3.0041362
0.046491652
-0.12845475
-0.1612572
-0.69703055
-0.17219135
1.456997
0.28704295
-0.040981549
-0.32526945
0.2761088
1.456997
0.0027550515
0.5166601
-3.0041362
-0.23779625
0.24330635
0.59319915
-0.095652299
-3.0041362
0.1011624
-0.1175206
-0.040981549
0.63693575
2.7362926
0.7134748
-0.3799402
-0.051915699
0.57133085
-0.1393889
0.2979771
1.0524335
-3.0041362
1.7959557
-0.051915699
-0.3362036
0.013689202
-3.0041362
-0.051915699
-0.051915699
1.4241946
0.079294102
0.33077955
1.5663385
-0.019113249
0.68067235
0.013689202
0.26517465
0.1011624
1.1508408
-3.0041362
0.37451615
0.44012105
0.024623352
-0.15032305
-0.030047399
-0.15032305
0.99776271
0.024623352
0.6916065
-3.0041362
-0.8391745
0.30891125
-0.030047399
0.035557502
1.3476555
0.19956975
0.28704295
0.11209655
0.4510552
0.057425802
0.046491652
-3.0041362
-0.019113249
0.4073186
0.1886356
0.13396485
0.046491652
1.9052972
0.33077955
0.035557502
2.0911777
0.11209655
0.46198935
0.96496026
-0.1175206
0.024623352
-0.50021585
0.91028951
-0.040981549
0.079294102
-0.1831255
0.81188216
0.1011624
-0.3799402
0.30891125
0.22143805
0.2105039
-0.084718149
-1.1125283
-0.1393889
1.2273799
0.2542405
0.3198454
0.046491652
0.2105039
0.0027550515
-0.040981549
0.090228252
0.2542405
-3.0041362
-3.0041362
-0.084718149
0.5166601
-0.51115
0.046491652
0.24330635
-0.19405965
-0.21592795
0.35264785
1.7412849
0.1230307
-0.030047399
0.2979771
0.046491652
0.090228252
0.22143805
0.39638445
0.15583315
0.54946255
0.3854503
-0.2049938
0.2323722
-0.040981549
-3.0041362
-0.030047399
-3.0041362
-0.2268621
-0.10658645
-0.084718149
0.2979771
-0.6423598
0.2761088
-0.051915699
2.1349143
0.33077955
0.4510552
0.72440896
0.046491652
0.33077955
-0.7079647
-0.23779625
0.57133085
1.2929848
0.079294102
2.3754656
0.1230307
-0.292467
1.67568
-0.030047399
1.0414993
-0.095652299
-3.0041362
0.63693575
0.37451615
0.2323722
0.82281631
0.6041333
0.28704295
0.363582
-3.0041362
0.5166601
-0.062849849
0.88842121
0.54946255
0.2105039
1.3257872
-0.1612572
0.2761088
-0.3143353
-0.25966455
-0.1393889
0.26517465
-0.062849849
0.144899
0.2323722
0.61506745
0.59319915
0.3854503
0.046491652
-0.80637205
0.89935536
0.11209655
-3.0041362
0.24330635
0.3854503
-3.0041362
-3.0041362
-0.051915699
-0.0081790986
-3.0041362
0.0027550515
0.2761088
-0.1831255
0.52759425
-0.030047399
-0.39087435
-0.80637205
-0.28153285
-0.019113249
-3.0041362
0.26517465
0.035557502
1.1289725
-3.0041362
1.9380996
-0.1393889
-0.4892817
0.2542405
-0.12845475
0.1667673
0.24330635
0.6916065
1.238314
-0.28153285
0.3417137
-0.2705987
0.17770145
-0.8391745
0.4729235
0.26517465
0.0027550515
0.3417137
1.3039189
0.30891125
0.88842121
-0.292467
0.15583315
-0.019113249
-0.5548866
-0.85010865
-0.084718149
0.046491652
0.22143805
-1.09066
-0.1612572
0.090228252
0.057425802
0.61506745
-0.0081790986
-3.0041362
-3.0041362
-0.21592795
-0.019113249
0.079294102
-0.1831255
0.17770145
-0.0081790986
-0.7735696
-3.0041362
1.0414993
1.1727091
-0.85010865
0.1886356
0.28704295
-3.0041362
0.363582
-0.0081790986
0.26517465
0.33077955
-0.10658645
0.54946255
-0.17219135
-0.0081790986
0.41825275
0.24330635
-0.040981549
2.5176096
0.046491652
1.456997
-0.1175206
1.0852359
-0.56582075
-3.0041362
-0.1831255
1.4679312
0.079294102
0.59319915
0.6041333
0.057425802
-0.084718149
0.88842121
0.4291869
2.3207949
0.73534311
-0.8173062
0.068359952
-0.1393889
-0.030047399
-0.2268621
0.26517465
0.046491652
-1.0031868
1.2601823
0.46198935
-0.8391745
1.5226019
0.2323722
-3.0041362
-0.3799402
0.363582
0.1011624
0.41825275
2.4848071
0.30891125
-0.030047399
0.13396485
0.1667673
-0.98131845
0.1230307
0.013689202
0.013689202
-0.051915699
-0.15032305
0.363582
0.046491652
0.5603967
0.1667673
1.1508408
0.090228252
0.090228252
-3.0041362
0.4291869
-0.062849849
0.363582
0.0027550515
-0.073783999
0.92122366
2.6269511
0.2979771
1.2164457
-0.095652299
-0.030047399
-3.0041362
0.1886356
-0.52208415
0.65880405
-0.051915699
-3.0041362
-3.0041362
-0.8391745
0.0027550515
0.1667673
-0.019113249
0.48385765
-0.051915699
-0.3362036
0.6916065
0.1667673
-0.030047399
0.4291869
-0.10658645
0.54946255
-0.030047399
-0.062849849
-0.23779625
1.3913921
-0.1612572
0.39638445
-0.019113249
0.090228252
-0.23779625
1.7303508
-3.0041362
0.2542405
0.068359952
-3.0041362
-0.095652299
-0.073783999
-0.21592795
-0.1612572
0.99776271
0.363582
1.2711165
0.33077955
1.4679312
-3.0041362
0.17770145
-3.0041362
0.2323722
0.144899
2.6050828
0.28704295
0.3417137
0.11209655
-0.1175206
0.5385284
0.68067235
0.079294102
0.44012105
-3.0041362
2.4301364
0.144899
0.30891125
0.024623352
-0.12845475
1.4132604
0.76814556
-3.0041362
0.96496026
0.2323722
0.37451615
-0.062849849
-0.1175206
-0.095652299
-0.019113249
-0.4674134
0.2323722
0.26517465
-0.98131845
0.1011624
0.013689202
-0.10658645
-0.019113249
0.22143805
0.99776271
0.68067235
1.0305652
0.61506745
-0.030047399
-3.0041362
0.11209655
-3.0041362
0.2323722
-0.095652299
-0.030047399
-0.10658645
-0.1393889
-0.084718149
0.63693575
-0.1393889
-0.12845475
0.83375046
0.144899
-0.2049938
-0.1612572
0.2323722
0.068359952
1.0524335
0.079294102
1.0743018
0.2105039
-0.23779625
0.52759425
0.3198454
-0.25966455
-0.5986232
0.1667673
1.9052972
-0.040981549
-3.0041362
1.9599679
0.39638445
-0.10658645
0.2761088
-0.28153285
0.11209655
0.2979771
0.3417137
1.6428776
-0.2487304
1.4679312
-0.93758185
0.3417137
0.046491652
1.9490338
0.41825275
0.48385765
-0.051915699
-0.095652299
-0.8829111
-1.0141209
0.079294102
-0.062849849
-0.71889885
0.84468461
-0.2487304
-0.1831255
0.6041333
-0.1612572
0.5166601
-0.67516225
0.15583315
-0.040981549
0.84468461
0.46198935
0.013689202
0.144899
0.19956975
0.85561876
0.13396485
0.3198454
0.26517465
-0.095652299
-0.095652299
0.5603967
0.30891125
0.19956975
0.99776271
-0.15032305
-0.1831255
-0.12845475
-3.0041362
0.144899
-0.15032305
-3.0041362
0.7134748
-3.0041362
0.13396485
-0.23779625
0.22143805
-0.1831255
-3.0041362
0.144899
0.144899
-0.17219135
1.1945774
-0.10658645
0.1011624
-0.89384525
-0.062849849
2.3426632
0.3417137
0.046491652
0.19956975
-0.8173062
0.22143805
-0.084718149
0.024623352
0.15583315
0.1886356
-0.6860964
0.2323722
-0.89384525
0.15583315
-0.1393889
0.15583315
0.59319915
0.2105039
1.3695238
0.0027550515
-0.1612572
-0.34713775
0.0027550515
1.5663385
0.144899
-0.0081790986
2.0911777
-0.8173062
0.2761088
-0.8829111
0.2761088
0.7134748
0.6697382
0.22143805
1.3476555
-0.9703843
-0.12845475
0.17770145
0.3417137
0.61506745
-0.040981549
-3.0041362
1.5007336
-0.948516
-1.0141209
-0.1831255
-0.82824035
-0.1175206
1.4788653
0.28704295
0.5385284
1.8287581
0.37451615
0.4073186
1.2711165
2.3426632
0.30891125
-0.062849849
0.11209655
0.74627726
0.19956975
0.17770145
-0.1175206
2.3645315
-0.60955735
-0.084718149
0.5385284
1.4460629
0.057425802
-0.3799402
0.2979771
-0.82824035
-1.0141209
0.26517465
-0.084718149
0.3854503
1.2820506
0.11209655
0.28704295
0.44012105
-0.76263545
1.1508408
-0.062849849
1.3367214
-3.0041362
-0.073783999
0.046491652
-0.1831255
0.090228252
0.4073186
0.035557502
-0.1612572
-0.084718149
1.3148531
1.2711165
0.6260016
0.82281631
0.3417137
-3.0041362
-0.91571355
-0.1175206
-0.1393889
-0.084718149
0.22143805
2.0474411
-0.21592795
0.363582
0.0027550515
-0.073783999
0.13396485
0.013689202
-0.17219135
0.22143805
-0.1393889
-3.0041362
0.11209655
-0.095652299
0.35264785
-0.1831255
-0.8173062
-0.051915699
0.057425802
-3.0041362
0.1886356
0.3417137
1.3695238
0.6041333
0.079294102
0.144899
-0.2268621
-3.0041362
0.26517465
-1.0469234
-3.0041362
1.1399067
0.59319915
-0.073783999
-1.0359892
0.26517465
0.22143805
-0.084718149
0.76814556
-0.91571355
-0.051915699
-0.019113249
1.9927704
0.2761088
-0.8173062
0.144899
0.4510552
-3.0041362
-3.0041362
1.4897995
-0.1393889
-0.6642281
-0.292467
0.54946255
-0.1612572
-0.10658645
0.17770145
0.76814556
0.13396485
0.11209655
-0.095652299
0.144899
1.6647459
-0.040981549
-0.073783999
-0.10658645
0.35264785
-0.040981549
-0.74076715
0.24330635
0.1011624
-0.051915699
0.72440896
-0.0081790986
0.4947918
-0.040981549
0.013689202
1.4241946
1.3476555
-0.10658645
-0.073783999
-0.073783999
0.80094801
-0.32526945
-0.3362036
0.1667673
-3.0041362
0.24330635
0.035557502
0.090228252
-0.19405965
1.0305652
-3.0041362
1.1836433
0.024623352
0.013689202
-0.1612572
0.50572595
0.22143805
-0.062849849
-0.12845475
-0.073783999
0.35264785
0.1011624
-0.030047399
0.2105039
1.2273799
0.1886356
-0.47834755
-0.948516
1.0524335
-0.030047399
-1.1234624
0.13396485
-0.12845475
-0.15032305
0.3854503
0.22143805
0.035557502
0.4947918
0.1011624
-0.030047399
-0.030047399
0.0027550515
-0.084718149
1.4351287
-0.095652299
0.6260016
2.3207949
0.11209655
-0.051915699
1.1180384
0.68067235
-0.98131845
-3.0041362
-0.1612572
0.6697382
0.0027550515
-0.25966455
0.80094801
-0.10658645
0.26517465
0.068359952
0.1011624
0.4729235
-0.4455451
-0.10658645
-0.17219135
-0.040981549
0.15583315
-0.3799402
0.1886356
0.3854503
0.73534311
0.057425802
0.3854503
-0.073783999
-0.2049938
0.079294102
-0.1175206
1.3367214
0.068359952
0.26517465
-0.3580719
0.13396485
0.079294102
0.35264785
0.68067235
0.013689202
1.4460629
-3.0041362
-0.1831255
0.057425802
0.44012105
-0.084718149
-0.1831255
-0.095652299
-0.3580719
0.057425802
0.144899
1.9271655
0.68067235
-0.4018085
-0.051915699
0.1011624
0.11209655
0.6041333
-0.17219135
0.3198454
-0.10658645
0.99776271
0.046491652
-3.0041362
0.057425802
0.035557502
0.5603967
1.1071042
-0.21592795
-0.12845475
2.4520047
-0.9922526
0.13396485
-0.69703055
-0.1175206
-0.030047399
-0.030047399
-0.1831255
0.090228252
-0.21592795
0.94309196
0.22143805
0.35264785
0.068359952
-0.15032305
0.88842121
0.24330635
0.11209655
0.35264785
-0.9703843
0.6478699
0.95402611
-3.0041362
-0.030047399
-0.78450375
2.0146387
-3.0041362
-0.051915699
0.2542405
-0.084718149
0.73534311
-0.1612572
0.3198454
-0.7954379
0.1886356
-0.19405965
-3.0041362
0.22143805
-3.0041362
0.57133085
0.65880405
1.7631532
0.0027550515
0.44012105
-0.4892817
0.2761088
-0.084718149
-0.1175206
-0.8173062
0.15583315
0.1886356
-0.084718149
1.4460629
1.5772727
0.75721141
0.17770145
-0.15032305
0.5603967
0.83375046
2.2223875
0.24330635
0.6260016
-3.0041362
0.30891125
0.046491652
0.54946255
-0.1175206
0.1667673
0.3198454
0.52759425
2.4082681
1.7850215
0.013689202
0.96496026
1.8615606
0.59319915
0.4729235
-0.8173062
-0.1831255
-0.062849849
0.5166601
-3.0041362
0.024623352
-3.0041362
0.17770145
0.1886356
-0.051915699
-0.12845475
-0.15032305
-0.051915699
-0.062849849
0.2979771
-0.1612572
0.013689202
0.035557502
0.1230307
0.52759425
-0.12845475
0.2542405
0.3198454
0.19956975
1.0633676
0.2761088
0.26517465
0.013689202
0.63693575
0.35264785
-3.0041362
-1.0797258
0.1011624
-0.4892817
0.1667673
0.079294102
-0.12845475
0.6260016
-3.0041362
0.52759425
-0.76263545
0.54946255
1.4132604
0.2979771
0.013689202
0.37451615
1.4023263
-0.10658645
-0.030047399
-0.56582075
0.63693575
0.0027550515
2.0693094
0.090228252
1.6975483
-0.21592795
1.6866142
0.0027550515
-0.10658645
-0.2268621
1.3695238
-3.0041362
0.1667673
2.2333217
0.4947918
0.24330635
0.65880405
0.6041333
0.13396485
1.0524335
-3.0041362
1.894363
-0.1831255
-0.051915699
-0.0081790986
-0.12845475
-0.12845475
0.1011624
0.77907971
-3.0041362
0.22143805
-0.095652299
0.59319915
0.057425802
0.39638445
2.5941486
0.3417137
-0.15032305
-3.0041362
-3.0041362
0.024623352
0.24330635
0.090228252
0.582265
-0.019113249
-0.60955735
0.41825275
1.0305652
0.013689202
-0.948516
-0.095652299
-0.019113249
0.013689202
-0.073783999
-0.21592795
-0.1612572
1.2492482
1.1071042
-0.0081790986
0.144899
0.76814556
-0.10658645
0.73534311
0.068359952
0.4947918
-0.051915699
0.013689202
1.4023263
-0.019113249
-0.56582075
0.17770145
0.2105039
-3.0041362
-0.2705987
0.0027550515
1.3476555
-0.1612572
0.22143805
0.057425802
-0.9266477
-3.0041362
-3.0041362
0.4947918
1.5335361
-3.0041362
1.2601823
-0.019113249
0.079294102
-0.41274265
0.1230307
-3.0041362
0.4510552
-0.0081790986
0.2105039
-3.0041362
0.11209655
-0.10658645
0.079294102
-1.0578575
0.024623352
-0.69703055
0.4510552
0.11209655
0.024623352
0.2323722
0.26517465
0.5603967
0.28704295
-3.0041362
0.1230307
0.87748706
-0.10658645
0.4073186
0.090228252
-3.0041362
0.2542405
-0.6642281
-0.084718149
1.0633676
-0.15032305
-0.019113249
0.4510552
-3.0041362
0.73534311
1.8506264
0.6916065
-3.0041362
0.4510552
-0.98131845
0.46198935
0.024623352
0.30891125
1.1071042
-0.084718149
-0.095652299
0.48385765
0.35264785
0.48385765
0.28704295
0.035557502
-0.17219135
0.52759425
-3.0041362
-0.030047399
2.036507
-0.7954379
0.024623352
1.0961701
0.0027550515
-0.28153285
-0.030047399
0.582265
-0.7954379
-0.3362036
-3.0041362
0.3417137
-3.0041362
0.4510552
1.2601823
0.7134748
0.144899
0.50572595
0.11209655
-0.8173062
-0.1612572
-0.43461095
0.15583315
0.28704295
0.090228252
0.3198454
0.63693575
-0.019113249
0.024623352
0.11209655
0.1886356
-3.0041362
1.1289725
-3.0041362
0.37451615
-0.32526945
1.4023263
1.7850215
-0.073783999
0.6916065
-0.28153285
0.24330635
0.1230307
-0.12845475
0.035557502
0.39638445
-0.1393889
-0.23779625
-3.0041362
0.079294102
1.1508408
1.9927704
-0.45647925
0.1886356
0.26517465
0.17770145
0.1230307
0.65880405
-0.8610428
-0.1831255
-0.15032305
0.2105039
1.3913921
2.0146387
0.6041333
0.582265
-0.095652299
-0.0081790986
0.11209655
1.8396923
0.24330635
0.2542405
-0.1393889
1.9818362
0.19956975
-0.040981549
0.41825275
0.97589441
-0.87197695
2.1349143
0.19956975
0.33077955
0.5603967
0.5385284
-1.1343966
0.22143805
0.1886356
-3.0041362
-3.0041362
-0.019113249
0.013689202
0.17770145
0.0027550515
-0.1393889
0.4291869
-3.0041362
0.4510552
0.3854503
-0.019113249
-0.19405965
-0.8829111
1.8834289
-0.17219135
-0.1831255
-0.10658645
-0.073783999
-0.12845475
0.079294102
-0.030047399
-0.15032305
2.0583753
0.1886356
-3.0041362
-3.0041362
-3.0041362
-0.15032305
0.57133085
0.26517465
0.035557502
1.9927704
1.4460629
-0.030047399
-0.1175206
0.87748706
-0.1175206
0.068359952
-0.9047794
-0.051915699
-0.084718149
-0.1831255
-0.095652299
1.1508408
0.99776271
0.6697382
0.76814556
0.090228252
0.19956975
-0.084718149
-0.1393889
0.5385284
-3.0041362
-0.1612572
-0.040981549
-0.0081790986
0.4729235
1.2601823
1.2711165
0.057425802
0.046491652
0.090228252
0.144899
0.013689202
1.161775
0.19956975
-3.0041362
0.4510552
0.024623352
-0.051915699
-3.0041362
0.2105039
-0.084718149
0.70254065
-0.19405965
-0.10658645
-0.062849849
0.6260016
0.11209655
0.046491652
-0.12845475
0.3854503
-0.85010865
1.0743018
-3.0041362
-1.0031868
-3.0041362
1.3257872
0.2323722
0.97589441
0.33077955
0.1011624
-0.062849849
0.19956975
1.0524335
-0.43461095
0.013689202
0.65880405
0.5385284
0.73534311
0.013689202
-3.0041362
-0.15032305
0.5166601
1.9818362
0.013689202
0.89935536
0.35264785
0.363582
0.4947918
-0.9703843
-0.1612572
-0.1831255
-0.019113249
0.079294102
1.1945774
0.76814556
0.2323722
0.013689202
1.1508408
0.1886356
0.1230307
1.5116678
-0.2487304
-0.15032305
-0.073783999
1.380458
0.87748706
0.4729235
1.2273799
0.2105039
-0.82824035
-0.292467
-0.98131845
-0.23779625
-3.0041362
0.19956975
0.057425802
-3.0041362
0.3198454
-3.0041362
0.54946255
0.144899
-0.030047399
-3.0041362
0.26517465
0.024623352
0.28704295
0.2323722
-0.2268621
-0.15032305
1.2929848
0.54946255
0.89935536
0.48385765
0.4073186
-0.030047399
-0.95945015
-3.0041362
0.22143805
0.144899
0.1230307
-0.12845475
0.2323722
0.1011624
0.0027550515
0.6041333
0.1230307
-0.7954379
-1.0031868
-0.1175206
0.5385284
-0.0081790986
1.4132604
0.035557502
0.6041333
0.30891125
-0.91571355
-0.019113249
0.65880405
-0.030047399
-3.0041362
-3.0041362
-0.8829111
-3.0041362
0.50572595
0.17770145
-0.073783999
0.98682856
0.2323722
-0.062849849
-0.1393889
1.1289725
0.52759425
0.046491652
0.013689202
-0.019113249
0.22143805
0.4947918
0.17770145
0.4947918
1.8506264
0.1886356
0.4510552
0.090228252
-0.030047399
0.057425802
-3.0041362
0.046491652
0.1011624
-0.019113249
0.4510552
2.3973339
-0.030047399
1.0743018
0.6260016
0.39638445
-3.0041362
-0.030047399
1.2820506
-0.095652299
0.013689202
-3.0041362
-0.0081790986
-0.019113249
-0.9703843
-0.47834755
0.74627726
1.5882068
-3.0041362
0.3417137
0.39638445
-0.17219135
-0.1612572
-0.019113249
1.3039189
-3.0041362
0.33077955
0.17770145
-0.1393889
-0.948516
0.013689202
0.035557502
1.6100751
0.24330635
0.046491652
1.599141
-0.062849849
1.019631
2.3098607
0.0027550515
-3.0041362
0.013689202
0.068359952
0.11209655
0.22143805
-0.17219135
-0.948516
-0.1612572
0.28704295
-0.30340115
0.19956975
-0.19405965
-0.10658645
2.6050828
0.2323722
-0.0081790986
-0.2268621
-0.43461095
1.7194166
-3.0041362
-0.6204915
1.0961701
0.4073186
0.363582
-0.19405965
0.1230307
-0.95945015
-0.051915699
0.1886356
-0.74076715
1.3039189
0.22143805
0.22143805
-0.15032305
-0.1831255
-3.0041362
0.046491652
-3.0041362
-0.040981549
-0.89384525
0.1011624
0.2105039
0.35264785
1.1289725
1.2164457
-0.8173062
0.090228252
0.63693575
0.96496026
1.4351287
-0.062849849
0.079294102
-0.58768905
-0.040981549
-0.030047399
-0.10658645
0.2979771
1.7412849
-0.030047399
0.41825275
0.5166601
0.363582
0.2979771
2.1021119
0.3854503
0.7134748
-0.7735696
0.1011624
-0.1393889
0.7134748
-0.10658645
-0.74076715
-0.9266477
0.068359952
-0.36900605
0.54946255
0.33077955
0.4729235
-0.17219135
1.0414993
0.93215781
0.2105039
1.3476555
0.19956975
-0.0081790986
0.090228252
0.19956975
-0.073783999
0.0027550515
0.1667673
0.17770145
0.22143805
-3.0041362
0.057425802
1.2929848
1.4897995
0.1230307
0.013689202
1.3476555
0.94309196
-0.7079647
-0.21592795
-0.051915699
0.3417137
-0.030047399
-0.5548866
0.024623352
0.090228252
-0.95945015
-0.040981549
0.024623352
-0.23779625
0.24330635
1.1399067
-3.0041362
0.1886356
0.1230307
0.13396485
-3.0041362
-0.040981549
1.1071042
1.1836433
-0.1612572
0.4073186
0.1011624
-0.8391745
0.2542405
1.4351287
0.046491652
-0.10658645
0.28704295
0.144899
-0.040981549
-0.7735696
0.37451615
-0.729833
-0.062849849
-0.7735696
0.5603967
0.024623352
-0.0081790986
-0.50021585
0.61506745
0.3198454
0.079294102
0.2761088
0.2761088
-0.019113249
0.2323722
0.035557502
0.22143805
-0.1175206
1.1945774
1.1399067
0.30891125
-0.3580719
0.6916065
0.11209655
0.046491652
0.013689202
-0.19405965
0.144899
0.96496026
0.5603967
-0.051915699
1.9052972
0.44012105
2.5176096
0.17770145
0.013689202
0.4947918
0.144899
-0.073783999
-0.030047399
0.057425802
-0.98131845
0.95402611
-0.1393889
-0.8610428
0.82281631
-0.10658645
-0.040981549
0.2105039
-0.0081790986
0.2323722
-0.019113249
0.65880405
0.54946255
0.39638445
-0.019113249
-0.030047399
1.3039189
0.80094801
-0.3580719
0.4073186
-3.0041362
1.3257872
0.19956975
0.2105039
2.5722803
-0.051915699
-0.10658645
-0.15032305
0.11209655
-0.062849849
1.1399067
0.28704295
-0.56582075
-0.51115
0.079294102
0.15583315
-3.0041362
-3.0041362
-0.019113249
-0.030047399
-0.030047399
-3.0041362
0.44012105
0.93215781
-3.0041362
0.046491652
-0.2268621
-3.0041362
0.68067235
0.37451615
0.24330635
0.2542405
0.13396485
-0.15032305
0.1667673
-0.030047399
-0.030047399
-3.0041362
-0.051915699
-0.43461095
-0.030047399
-0.073783999
-3.0041362
0.82281631
-0.10658645
0.30891125
0.74627726
1.8724947
-0.80637205
-0.78450375
0.024623352
1.6428776
-0.60955735
0.41825275
-0.10658645
0.19956975
-3.0041362
-0.52208415
0.86655291
-0.6204915
0.2979771
-0.25966455
0.144899
1.3367214
-0.51115
-0.21592795
-0.292467
0.1230307
-3.0041362
0.37451615
-0.729833
0.33077955
0.144899
0.079294102
0.5166601
0.61506745
-0.2049938
-0.062849849
-0.89384525
-0.4236768
-0.1393889
0.2979771
-0.36900605
-0.040981549
0.17770145
0.1886356
2.331729
-0.8173062
0.2105039
-0.095652299
0.33077955
0.63693575
0.33077955
-3.0041362
2.7581609
2.6160169
-0.084718149
0.1230307
0.090228252
1.2492482
1.2273799
-0.6204915
0.6916065
-0.019113249
-3.0041362
0.079294102
0.013689202
-0.36900605
1.1180384
0.22143805
0.19956975
0.80094801
0.63693575
-0.1393889
0.3417137
0.11209655
-0.5986232
0.46198935
0.1011624
-0.15032305
0.28704295
0.52759425
0.3417137
0.1230307
-0.073783999
0.3417137
-0.948516
0.2105039
-3.0041362
0.4073186
-0.2049938
0.5385284
0.19956975
-0.1175206
0.2979771
-0.19405965
-0.030047399
0.4073186
2.1895851
0.013689202
-0.030047399
1.456997
-0.073783999
0.057425802
0.090228252
0.5603967
0.50572595
0.33077955
0.024623352
-0.9266477
1.6210093
0.144899
0.013689202
0.0027550515
0.65880405
0.26517465
-0.7735696
-3.0041362
0.3854503
-3.0041362
0.50572595
-0.25966455
0.5166601
-0.1393889
-0.1831255
-0.80637205
0.035557502
-0.729833
-0.1175206
-0.39087435
0.91028951
1.1836433
-0.65329395
0.1011624
0.2761088
0.024623352
0.54946255
-3.0041362
0.024623352
-0.1831255
1.2055116
-0.1612572
-0.019113249
0.2542405
0.0027550515
1.2492482
0.4291869
0.057425802
0.2761088
-0.084718149
0.2323722
0.363582
0.19956975
0.5603967
-3.0041362
-3.0041362
0.41825275
0.22143805
0.582265
-0.10658645
0.2979771
-3.0041362
0.41825275
-0.1175206
-0.0081790986
0.70254065
0.88842121
0.1011624
0.65880405
0.22143805
-0.15032305
-3.0041362
0.30891125
-0.062849849
-3.0041362
-0.1175206
-0.1393889
1.3148531
-0.2487304
-0.85010865
0.013689202
0.13396485
-0.10658645
-0.040981549
0.024623352
0.1011624
0.3198454
0.2323722
0.41825275
0.4947918
-0.1831255
2.5066754
-0.2705987
0.13396485
-3.0041362
0.24330635
0.50572595
-0.43461095
0.0027550515
-0.23779625
0.079294102
0.33077955
-3.0041362
0.068359952
0.144899
-0.084718149
-0.19405965
-0.1175206
-0.030047399
0.0027550515
-3.0041362
-0.1831255
0.3417137
0.013689202
-0.019113249
-0.95945015
-0.095652299
0.26517465
0.2761088
1.894363
0.013689202
0.035557502
1.1399067
-0.8391745
0.013689202
1.4788653
0.0027550515
0.013689202
0.44012105
0.63693575
-0.073783999
1.6210093
0.26517465
1.7084825
-3.0041362
0.046491652
0.144899
-0.1175206
0.11209655
1.238314
0.3417137
0.6260016
1.9927704
0.24330635
-3.0041362
1.5772727
1.2055116
-3.0041362
0.013689202
0.13396485
-0.74076715
0.046491652
-3.0041362
-0.062849849
-0.0081790986
-0.95945015
-0.12845475
0.0027550515
0.035557502
0.37451615
-0.040981549
1.0743018
0.22143805
0.82281631
0.5603967
-3.0041362
0.5166601
0.54946255
-0.12845475
-3.0041362
0.090228252
0.2105039
1.5444702
-3.0041362
-0.1175206
-0.1175206
0.76814556
-0.85010865
-0.0081790986
-3.0041362
0.2761088
0.17770145
0.1667673
0.057425802
0.50572595
0.46198935
-0.062849849
-0.7517013
0.97589441
0.2979771
1.5663385
0.057425802
0.15583315
-3.0041362
-0.051915699
-0.095652299
-0.030047399
0.068359952
2.692556
0.057425802
0.013689202
-3.0041362
-0.10658645
-0.10658645
0.0027550515
2.4410705
0.65880405
0.97589441
-0.12845475
0.2761088
1.4897995
0.6041333
0.72440896
0.28704295
-0.030047399
0.30891125
1.1727091
-0.32526945
-3.0041362
0.090228252
0.090228252
-0.084718149
-0.095652299
-0.10658645
-0.1831255
-0.12845475
-0.21592795
0.079294102
1.4023263
1.1727091
0.2542405
-0.084718149
0.13396485
0.057425802
0.2979771
0.24330635
1.8615606
-3.0041362
-0.21592795
0.33077955
0.3854503
0.4073186
0.77907971
1.0524335
0.88842121
0.48385765
0.52759425
0.068359952
0.19956975
0.057425802
0.1667673
-0.65329395
0.2542405
0.57133085
0.046491652
0.0027550515
-0.17219135
-0.8173062
1.2164457
-0.1612572
-0.019113249
2.2879924
-0.10658645
0.024623352
0.22143805
0.2323722
-0.2268621
-0.1393889
0.19956975
0.035557502
0.5166601
-0.0081790986
0.19956975
-0.2049938
0.2105039
-0.1393889
-0.062849849
0.057425802
-0.0081790986
-3.0041362
1.4351287
0.363582
0.4291869
-0.095652299
-0.10658645
-0.030047399
-0.1393889
0.2323722
-0.030047399
0.13396485
-0.12845475
0.2323722
0.37451615
0.4510552
0.57133085
1.2492482
-0.76263545
0.41825275
0.13396485
0.19956975
2.0146387
0.1667673
0.363582
0.5166601
-0.095652299
-0.9703843
0.13396485
0.046491652
0.068359952
0.3417137
0.1886356
1.599141
-0.0081790986
0.582265
-0.39087435
-0.1393889
1.9927704
-0.0081790986
-0.43461095
-0.12845475
-3.0041362
0.2542405
0.1667673
-0.040981549
-1.1125283
1.1180384
1.6975483
-0.17219135
0.079294102
-0.095652299
0.75721141
0.24330635
0.090228252
0.52759425
1.3585897
-0.019113249
1.0852359
0.1230307
0.17770145
-0.292467
0.046491652
-0.7517013
-0.12845475
-0.10658645
-0.040981549
0.1011624
0.079294102
0.1886356
-0.062849849
-0.0081790986
1.0086969
-0.040981549
-0.019113249
0.17770145
0.068359952
-3.0041362
0.079294102
-0.21592795
-3.0041362
-0.74076715
-0.1175206
0.46198935
-0.9922526
-0.5548866
0.77907971
-0.095652299
0.65880405
0.2323722
0.59319915
0.2105039
-0.062849849
0.89935536
0.19956975
0.59319915
-0.1831255
-0.095652299
1.238314
0.63693575
0.33077955
0.024623352
-3.0041362
0.17770145
1.3148531
1.019631
0.65880405
-3.0041362
0.013689202
-3.0041362
0.057425802
2.4520047
-0.15032305
0.0027550515
1.2164457
-0.15032305
-0.2705987
0.6478699
0.1886356
-0.095652299
-3.0041362
2.0255728
0.59319915
-1.0250551
0.363582
0.76814556
-0.10658645
0.5603967
0.4947918
-0.19405965
0.22143805
-3.0041362
1.0086969
-0.084718149
0.39638445
1.0961701
-0.051915699
1.1071042
0.363582
-0.1393889
0.15583315
-0.2049938
0.13396485
-0.729833
-0.030047399
0.3198454
0.3854503
1.6428776
0.013689202
0.1011624
0.1886356
-0.10658645
1.8724947
-0.15032305
-0.54395245
0.0027550515
0.079294102
0.4073186
0.46198935
-3.0041362
0.090228252
-0.1612572
0.37451615
-0.0081790986
0.363582
-0.74076715
-3.0041362
0.6260016
0.013689202
0.17770145
0.0027550515
0.090228252
-0.1393889
-0.17219135
-3.0041362
0.046491652
-3.0041362
1.2711165
0.013689202
-3.0041362
-0.10658645
1.1289725
0.24330635
-0.47834755
-3.0041362
-0.051915699
-0.1393889
-0.040981549
-0.69703055
-3.0041362
0.035557502
0.0027550515
0.046491652
0.26517465
0.13396485
0.046491652
1.6319434
0.2542405
-0.062849849
-0.948516
-0.948516
0.046491652
1.1727091
0.2323722
0.15583315
-0.98131845
1.4897995
0.035557502
0.26517465
-0.10658645
-0.040981549
-0.040981549
0.68067235
-0.0081790986
-0.051915699
0.0027550515
-3.0041362
-0.15032305
-0.25966455
0.54946255
-3.0041362
1.6538117
-0.062849849
-0.019113249
-0.073783999
0.1011624
0.1667673
-3.0041362
1.3257872
0.91028951
0.046491652
-0.1393889
-3.0041362
0.4947918
-3.0041362
-3.0041362
0.024623352
-3.0041362
0.6041333
-3.0041362
-0.39087435
0.11209655
0.046491652
-0.8610428
-0.10658645
0.30891125
0.4947918
-0.051915699
0.22143805
-0.073783999
0.090228252
0.068359952
0.70254065
0.2979771
-3.0041362
0.046491652
-0.084718149
0.090228252
0.046491652
-0.6860964
0.1667673
-0.10658645
0.079294102
1.6100751
1.5444702
0.046491652
-0.019113249
-0.1175206
0.4073186
1.8396923
-0.21592795
0.2761088
0.1011624
0.50572595
0.144899
0.024623352
-0.095652299
-0.82824035
0.61506745
-0.1175206
0.11209655
-0.1175206
-0.2487304
-3.0041362
0.013689202
1.4351287
-0.19405965
-0.12845475
0.046491652
-0.4455451
0.3417137
0.99776271
0.2761088
-0.12845475
0.144899
-0.12845475
-0.019113249
0.41825275
-0.062849849
-0.095652299
-0.030047399
0.28704295
-0.062849849
-3.0041362
-0.051915699
0.0027550515
-3.0041362
0.17770145
0.363582
0.090228252
0.30891125
-0.17219135
-0.9703843
1.1289725
1.5882068
-0.15032305
1.3148531
-0.6642281
-0.095652299
0.2761088
0.363582
-0.040981549
-0.1393889
0.68067235
0.4947918
0.82281631
1.4679312
0.2105039
1.8396923
0.19956975
-0.1831255
-0.030047399
0.35264785
0.057425802
0.52759425
-0.1831255
0.63693575
0.26517465
-3.0041362
-0.12845475
0.1011624
-0.095652299
-0.040981549
-0.23779625
-0.073783999
-0.073783999
0.17770145
0.079294102
-0.084718149
0.363582
1.2492482
-0.062849849
0.090228252
0.2761088
0.024623352
0.65880405
-0.2268621
-0.15032305
0.3854503
0.068359952
-0.0081790986
0.6041333
-0.0081790986
0.46198935
0.17770145
0.079294102
-0.5986232
-0.12845475
0.1886356
-0.084718149
0.3417137
0.035557502
0.19956975
1.1727091
0.84468461
-0.41274265
0.2761088
0.19956975
0.1230307
0.17770145
0.22143805
-0.21592795
-0.15032305
-3.0041362
0.090228252
0.15583315
-0.80637205
0.13396485
-0.74076715
0.090228252
0.1886356
0.144899
0.73534311
1.3476555
0.4729235
0.19956975
0.50572595
1.9490338
1.161775
0.0027550515
0.046491652
0.28704295
-0.76263545
0.2105039
-0.051915699
0.83375046
0.1667673
0.93215781
1.456997
0.63693575
-0.56582075
-0.062849849
0.1011624
1.4023263
-0.084718149
-0.12845475
-0.084718149
2.7034901
0.2979771
0.59319915
0.4291869
0.59319915
0.024623352
-3.0041362
-0.073783999
-0.084718149
0.057425802
0.013689202
0.068359952
-0.15032305
0.024623352
0.2105039
0.2761088
-0.12845475
-0.10658645
-0.073783999
-0.1831255
1.161775
0.4729235
-0.040981549
1.5882068
-0.2049938
-0.0081790986
0.6916065
0.079294102
-0.1175206
-0.19405965
0.5166601
0.39638445
-0.030047399
-0.2487304
0.1230307
0.37451615
0.024623352
0.33077955
0.046491652
0.5385284
-0.095652299
1.2164457
-0.729833
0.24330635
-0.1393889
1.1289725
-0.019113249
-0.1393889
0.4729235
0.1667673
-0.051915699
0.4291869
0.4510552
0.079294102
0.28704295
-0.2705987
-0.1393889
-0.7954379
0.24330635
0.88842121
-3.0041362
-0.98131845
0.79001386
0.2761088
0.5166601
0.11209655
1.0524335
0.17770145
-0.10658645
-0.95945015
0.11209655
-0.1612572
0.013689202
0.26517465
0.11209655
0.72440896
1.5335361
-0.1175206
-0.12845475
-0.1393889
0.24330635
-0.030047399
0.44012105
0.13396485
-3.0041362
0.4510552
-0.1393889
-3.0041362
0.0027550515
0.013689202
-3.0041362
0.013689202
-0.084718149
-0.2268621
1.6647459
-0.39087435
-0.019113249
0.13396485
0.035557502
0.2105039
-0.25966455
-0.2049938
0.17770145
0.1886356
0.19956975
-3.0041362
-0.062849849
2.5176096
-0.051915699
-0.095652299
-0.729833
-0.1612572
0.046491652
0.2105039
0.4510552
0.2979771
0.15583315
0.2979771
0.057425802
-0.040981549
-0.10658645
-0.095652299
0.079294102
-0.1612572
-0.1393889
-1.1234624
0.2105039
-0.095652299
-0.062849849
-0.15032305
-0.1175206
0.144899
-0.39087435
0.30891125
1.238314
0.1667673
0.57133085
-0.1175206
0.1230307
-0.2268621
-0.1175206
-0.15032305
2.1021119
0.6916065
0.17770145
-0.095652299
-0.1831255
1.4460629
0.4947918
-0.030047399
0.5603967
0.4073186
0.13396485
-0.28153285
-0.21592795
0.57133085
-0.051915699
-3.0041362
-0.47834755
-3.0041362
0.65880405
0.024623352
1.1289725
0.57133085
0.3854503
0.1667673
-0.8610428
-0.019113249
-0.4674134
0.068359952
0.079294102
2.2223875
-0.21592795
0.98682856
0.15583315
-0.9047794
-0.0081790986
0.013689202
-0.030047399
0.2761088
0.2979771
0.44012105
0.1667673
-0.1175206
-0.1175206
0.22143805
1.2273799
0.76814556
0.2761088
-3.0041362
-0.3580719
0.59319915
-0.084718149
0.035557502
0.1230307
0.035557502
-0.0081790986
1.4788653
0.068359952
-0.051915699
-0.073783999
2.0037045
-0.948516
-0.8391745
0.1886356
-0.17219135
-0.4236768
-3.0041362
-0.948516
-0.1175206
0.17770145
0.22143805
0.37451615
-3.0041362
0.13396485
0.3417137
-0.15032305
0.057425802
0.4291869
0.1667673
0.13396485
-0.93758185
-0.019113249
0.93215781
0.079294102
0.57133085
-0.084718149
-0.56582075
0.33077955
0.144899
-0.084718149
-0.084718149
0.057425802
0.13396485
-0.7517013
0.090228252
0.3198454
1.2711165
0.024623352
-0.1175206
0.1011624
0.19956975
-0.3799402
0.024623352
-0.040981549
-3.0041362
1.9162313
0.046491652
1.2929848
1.1508408
-0.030047399
0.63693575
0.2323722
-0.82824035
0.035557502
1.456997
0.2323722
-0.8173062
0.4291869
0.22143805
-0.1393889
-0.1393889
0.090228252
-0.084718149
0.11209655
-0.15032305
0.2979771
0.6478699
-0.019113249
-0.10658645
0.6260016
-0.50021585
-0.040981549
0.582265
2.5176096
0.0027550515
0.37451615
0.96496026
0.1667673
1.4023263
-0.084718149
2.6160169
0.144899
0.4947918
0.5385284
-3.0041362
-0.28153285
-0.12845475
0.37451615
1.7959557
0.046491652
0.13396485
0.19956975
0.1230307
0.4729235
1.8834289
0.89935536
0.6041333
0.35264785
0.1886356
0.068359952
0.99776271
-0.93758185
0.17770145
0.15583315
-0.12845475
0.0027550515
-0.4674134
1.3695238
-0.1393889
0.6697382
-0.9703843
0.057425802
0.1230307
0.013689202
0.046491652
-0.040981549
2.5176096
-3.0041362
-3.0041362
-0.2487304
1.3585897
-0.8829111
0.28704295
-0.4455451
0.2105039
-0.12845475
0.2105039
1.1289725
0.89935536
-0.062849849
0.057425802
0.72440896
-0.63142565
0.0027550515
1.4460629
-0.8391745
-0.040981549
0.26517465
0.024623352
0.013689202
-0.36900605
0.54946255
-0.19405965
2.5722803
1.6647459
-0.062849849
0.0027550515
-3.0041362
-0.1831255
0.013689202
0.65880405
-0.084718149
-0.084718149
-0.4236768
0.4073186
-0.040981549
0.37451615
-0.1831255
0.22143805
-0.095652299
-0.019113249
-0.051915699
-0.084718149
0.24330635
0.035557502
-0.051915699
-3.0041362
0.46198935
0.582265
-0.040981549
0.3854503
0.41825275
-0.10658645
-0.051915699
1.2164457
0.33077955
-0.0081790986
0.28704295
-0.1393889
-0.1612572
0.22143805
0.84468461
0.79001386
-0.23779625
0.035557502
0.1886356
0.92122366
-0.095652299
2.0802436
0.73534311
0.1667673
-0.019113249
0.74627726
0.7134748
0.24330635
-0.051915699
2.3973339
0.91028951
0.013689202
-0.084718149
0.11209655
0.80094801
0.079294102
0.6478699
-0.1393889
-3.0041362
-3.0041362
0.013689202
0.2542405
0.3854503
0.1230307
0.4510552
-0.8173062
0.19956975
-0.2268621
1.2711165
-0.7517013
0.4510552
0.1667673
0.44012105
-0.062849849
-0.051915699
-0.15032305
-3.0041362
0.013689202
0.19956975
2.0583753
0.30891125
-0.062849849
-0.10658645
1.7194166
-0.1612572
1.0633676
-0.2268621
0.11209655
1.0524335
-0.23779625
0.4291869
-0.1612572
0.92122366
-3.0041362
0.13396485
-0.062849849
0.035557502
2.3754656
-3.0041362
0.035557502
0.79001386
-3.0041362
-0.2049938
0.30891125
-0.095652299
-1.1234624
0.44012105
0.28704295
-0.15032305
-3.0041362
-0.095652299
-0.12845475
-0.15032305
0.057425802
0.144899
0.24330635
0.24330635
-0.292467
0.39638445
0.363582
-0.19405965
0.068359952
-0.12845475
0.035557502
-3.0041362
-0.051915699
1.161775
0.82281631
1.1508408
-1.0469234
0.057425802
0.5385284
0.5603967
0.5166601
0.2105039
-0.4674134
-0.10658645
-0.93758185
0.046491652
0.11209655
-0.15032305
-0.051915699
-0.051915699
0.57133085
-0.23779625
0.057425802
0.046491652
0.2761088
-0.45647925
-0.1393889
1.5116678
-0.78450375
-0.073783999
2.3207949
0.5166601
-0.051915699
-3.0041362
-0.051915699
-0.1831255
0.28704295
0.26517465
-0.040981549
0.2761088
-0.41274265
-0.71889885
-0.17219135
-0.6423598
1.9052972
0.090228252
0.068359952
0.363582
0.33077955
1.0961701
0.3854503
-0.1175206
-0.062849849
-3.0041362
0.6041333
-0.019113249
-0.19405965
-0.062849849
0.013689202
-0.051915699
-0.25966455
-0.073783999
-0.1393889
-0.062849849
0.582265
0.057425802
1.2055116
-0.10658645
-0.073783999
-0.74076715
-0.0081790986
0.024623352
0.035557502
-0.9703843
0.41825275
0.5166601
-3.0041362
-3.0041362
0.1886356
0.80094801
0.79001386
-3.0041362
-0.51115
-3.0041362
0.63693575
-0.17219135
0.26517465
0.2979771
0.1886356
-0.040981549
2.2223875
0.024623352
0.57133085
-0.051915699
-1.0687917
-0.80637205
0.013689202
-0.91571355
-0.051915699
1.5335361
0.3854503
-0.2268621
-0.12845475
-0.0081790986
0.11209655
0.2323722
1.7194166
0.013689202
-0.1393889
0.024623352
-0.19405965
-0.25966455
1.2820506
-0.9266477
-0.1393889
0.3417137
-0.084718149
-0.10658645
-0.095652299
0.0027550515
0.61506745
2.3207949
1.2601823
0.15583315
-0.0081790986
0.046491652
0.5385284
-0.062849849
0.17770145
-0.030047399
-0.051915699
0.85561876
0.046491652
1.2929848
0.1667673
0.1230307
0.13396485
-0.051915699
0.1011624
0.65880405
0.068359952
-0.095652299
1.7194166
1.0852359
1.3476555
-1.0031868
0.19956975
0.2323722
0.11209655
-0.8610428
0.3417137
0.26517465
0.28704295
0.582265
-0.040981549
-0.1612572
0.144899
0.73534311
0.15583315
0.013689202
-0.17219135
-0.12845475
0.057425802
0.068359952
-0.17219135
-0.1175206
-0.073783999
1.5226019
0.0027550515
-0.1831255
-0.17219135
-0.6860964
-0.8391745
-0.2268621
0.090228252
-0.3580719
1.7850215
-0.2049938
-0.9047794
-0.54395245
0.024623352
0.15583315
0.24330635
-3.0041362
-3.0041362
0.63693575
-0.073783999
0.1667673
0.37451615
0.1886356
-0.1831255
0.48385765
-0.56582075
-0.8391745
1.5116678
0.26517465
-0.65329395
-0.10658645
0.19956975
-3.0041362
1.3913921
0.2542405
-0.030047399
0.85561876
0.2542405
0.0027550515
0.2105039
-0.10658645
0.2761088
1.1508408
-0.9703843
1.380458
0.1230307
-0.084718149
0.4073186
0.22143805
-0.084718149
0.1886356
-0.8173062
0.090228252
0.50572595
0.19956975
-0.4455451
-0.062849849
0.057425802
-3.0041362
-3.0041362
0.11209655
-3.0041362
1.4788653
0.068359952
-0.28153285
0.2542405
0.2323722
0.4510552
-0.15032305
0.3198454
-1.0578575
-0.9922526
0.24330635
-0.41274265
-0.12845475
-0.17219135
0.17770145
0.013689202
-0.948516
0.26517465
0.17770145
-0.7517013
-0.948516
-0.084718149
-0.12845475
0.52759425
-3.0041362
1.894363
0.3417137
0.33077955
-0.292467
0.0027550515
-3.0041362
1.3913921
0.95402611
0.024623352
0.2761088
0.3198454
-0.095652299
-0.8610428
0.17770145
0.2761088
0.144899
0.3417137
-0.095652299
-3.0041362
-0.040981549
-0.1393889
0.80094801
0.48385765
0.035557502
-0.729833
-0.19405965
-0.36900605
-0.7735696
-0.15032305
0.2323722
0.44012105
-0.062849849
-0.2487304
1.8615606
-0.2049938
1.4679312
0.3854503
1.4788653
0.28704295
-3.0041362
-0.25966455
0.11209655
1.817824
0.73534311
0.0027550515
0.024623352
1.6538117
0.22143805
-0.095652299
-0.040981549
0.2979771
0.2761088
0.89935536
-0.040981549
-0.28153285
-3.0041362
0.4729235
0.363582
-0.7954379
-0.8173062
-0.15032305
-0.30340115
0.079294102
-0.1831255
0.3198454
-3.0041362
-0.2268621
0.86655291
0.30891125
0.013689202
0.37451615
0.3198454
0.090228252
0.19956975
-3.0041362
-0.10658645
0.2542405
-0.25966455
0.2105039
0.1886356
1.1180384
-0.67516225
-0.095652299
1.3148531
-0.2487304
0.33077955
0.068359952
-0.062849849
0.4073186
0.2323722
-0.040981549
0.26517465
0.013689202
-0.1612572
-0.030047399
0.33077955
0.068359952
-3.0041362
-0.1831255
-0.084718149
-0.15032305
-0.0081790986
-0.030047399
-0.1175206
0.96496026
0.11209655
-1.0250551
-3.0041362
0.024623352
0.7134748
2.1458485
0.057425802
-3.0041362
-0.17219135
0.013689202
-3.0041362
1.1508408
-0.0081790986
1.161775
2.2661241
0.3198454
0.19956975
-0.10658645
-0.21592795
0.4073186
-0.2487304
2.5394779
-0.2049938
-0.3799402
0.2323722
-0.073783999
-0.8610428
-0.12845475
0.61506745
1.3367214
0.22143805
-0.17219135
0.35264785
-3.0041362
-0.39087435
-0.80637205
0.24330635
-0.54395245
-0.084718149
0.28704295
-0.19405965
1.5444702
-3.0041362
-1.1234624
0.013689202
-0.4892817
-0.729833
0.46198935
0.1667673
2.1021119
0.0027550515
-0.3362036
0.54946255
0.30891125
-0.062849849
-0.21592795
1.817824
0.57133085
0.4947918
-3.0041362
-0.073783999
0.3854503
0.1667673
2.4629388
-0.17219135
-0.36900605
0.50572595
0.4947918
-0.030047399
0.4510552
0.024623352
0.046491652
0.1667673
0.1230307
0.4729235
0.2323722
1.2164457
0.50572595
-0.1612572
0.4510552
0.3854503
0.4291869
1.4023263
-0.91571355
0.39638445
0.1886356
-0.19405965
0.2323722
0.024623352
0.28704295
-0.084718149
0.013689202
0.92122366
-3.0041362
-0.98131845
-0.019113249
-3.0041362
2.1895851
-0.030047399
-0.7517013
0.013689202
2.2989266
-0.1393889
-3.0041362
-0.073783999
1.9818362
-0.073783999
-0.051915699
0.6478699
0.068359952
0.61506745
0.046491652
0.144899
0.5385284
-0.040981549
-0.062849849
-0.1175206
0.1230307
-0.2268621
0.144899
-1.0797258
-0.21592795
0.57133085
0.079294102
1.7631532
0.035557502
-3.0041362
0.72440896
-0.87197695
-0.0081790986
-0.073783999
-0.8391745
-1.0031868
-0.7517013
-0.98131845
0.24330635
-0.17219135
0.2323722
0.079294102
0.3198454
-0.15032305
-0.1393889
-0.1175206
0.26517465
0.41825275
-3.0041362
0.6916065
-0.062849849
0.2761088
-0.15032305
-0.1175206
0.15583315
-0.47834755
-0.095652299
-0.43461095
-0.2487304
-3.0041362
0.17770145
0.582265
-0.073783999
-0.10658645
0.6478699
0.024623352
-3.0041362
0.1667673
-0.062849849
-1.0687917
1.6866142
0.46198935
-0.9047794
-0.23779625
0.090228252
2.5832145
-0.80637205
-3.0041362
-0.030047399
-0.095652299
-0.15032305
-0.292467
0.11209655
-0.095652299
0.363582
0.37451615
-0.52208415
-0.10658645
0.79001386
0.44012105
1.4351287
-0.1612572
0.1886356
0.2323722
-0.0081790986
0.1011624
0.024623352
1.3585897
-0.040981549
-0.019113249
0.4073186
0.11209655
0.2105039
-0.1175206
-0.1175206
-0.030047399
-0.23779625
-0.28153285
2.8784365
-1.0578575
-0.0081790986
-0.91571355
0.39638445
0.82281631
-0.10658645
0.024623352
-0.084718149
0.013689202
0.15583315
-0.12845475
-0.040981549
0.090228252
0.28704295
-3.0041362
-0.28153285
-0.12845475
0.2761088
1.2055116
-0.019113249
-0.21592795
0.11209655
0.82281631
0.013689202
0.046491652
-0.2705987
-0.1612572
1.6428776
0.7134748
-0.095652299
0.44012105
0.144899
2.6160169
0.41825275
0.70254065
0.079294102
-0.8173062
0.090228252
-3.0041362
0.87748706
0.4947918
0.046491652
-0.1393889
0.24330635
0.94309196
0.4729235
1.0305652
-0.1175206
0.1011624
0.6478699
-0.85010865
-0.084718149
-3.0041362
-0.19405965
-0.1393889
-0.0081790986
1.3476555
0.22143805
0.046491652
-0.17219135
-0.10658645
0.3854503
0.3854503
-0.040981549
-0.23779625
-0.2049938
-0.2049938
0.1011624
0.3417137
-3.0041362
-3.0041362
