-146.875,-47.5
116.875,-34.5
-151.875,10.5
-114.375,27.5
45.625,-89.5
70.625,66.5
-30.625,-6.5
-131.875,-76.5
153.125,-42.5
-1.875,-39.5
44.375,33.5
-124.375,-2.5
24.375,43.5
-38.125,-21.5
6.875,64.5
-155.625,-67.5
-34.375,83.5
120.625,-76.5
104.375,21.5
126.875,-71.5
-106.875,-55.5
65.625,78.5
83.125,-76.5
-31.875,-26.5
-50.625,-6.5
14.375,-60.5
53.125,66.5
129.375,72.5
135.625,31.5
-48.125,-11.5
-164.375,3.5
176.875,-83.5
-110.625,-75.5
146.875,50.5
3.125,84.5
-168.125,8.5
-168.125,11.5
-64.375,14.5
100.625,55.5
-69.375,89.5
-40.625,89.5
58.125,59.5
94.375,33.5
9.375,-21.5
75.625,48.5
48.125,-75.5
-66.875,64.5
63.125,-85.5
124.375,25.5
164.375,62.5
-124.375,-34.5
130.625,-85.5
-20.625,-78.5
26.875,-46.5
-46.875,5.5
-65.625,-70.5
-154.375,-11.5
5.625,63.5
-63.125,7.5
-141.875,48.5
95.625,89.5
-70.625,-11.5
-44.375,4.5
65.625,-34.5
-76.875,76.5
34.375,75.5
-9.375,64.5
-86.875,-48.5
76.875,-55.5
-174.375,60.5
-73.125,-3.5
-150.625,-82.5
148.125,-13.5
69.375,-53.5
108.125,-82.5
150.625,-26.5
124.375,76.5
86.875,29.5
-66.875,-42.5
-36.875,59.5
-49.375,66.5
-123.125,29.5
178.125,26.5
-158.125,36.5
86.875,1.5
-36.875,79.5
155.625,-31.5
-80.625,86.5
155.625,-80.5
-3.125,-18.5
118.125,58.5
-83.125,-60.5
-13.125,79.5
146.875,-13.5
153.125,72.5
-89.375,-62.5
54.375,74.5
94.375,-22.5
-64.375,-89.5
103.125,43.5
41.875,-69.5
-50.625,-39.5
-94.375,16.5
141.875,-51.5
51.875,63.5
61.875,76.5
-16.875,-11.5
88.125,-36.5
-111.875,-55.5
-171.875,88.5
-159.375,79.5
-138.125,80.5
-163.125,74.5
19.375,54.5
-179.375,-84.5
-38.125,-36.5
-129.375,-77.5
-58.125,-5.5
-83.125,-16.5
-100.625,-86.5
105.625,-79.5
49.375,87.5
-114.375,57.5
-109.375,1.5
-4.375,81.5
-96.875,-66.5
14.375,-36.5
-14.375,40.5
164.375,-19.5
-25.625,-26.5
39.375,18.5
50.625,-82.5
-68.125,30.5
-109.375,56.5
-165.625,-26.5
-148.125,-68.5
-40.625,46.5
-80.625,80.5
-108.125,-7.5
-60.625,32.5
-161.875,-64.5
-20.625,62.5
150.625,64.5
58.125,28.5
-164.375,-14.5
-133.125,16.5
-125.625,57.5
130.625,-45.5
56.875,58.5
-63.125,76.5
-34.375,25.5
86.875,70.5
151.875,79.5
-38.125,47.5
40.625,-32.5
60.625,-53.5
88.125,75.5
-103.125,-37.5
120.625,-37.5
-96.875,-19.5
-50.625,7.5
174.375,-3.5
169.375,-71.5
165.625,-6.5
30.625,-76.5
40.625,20.5
99.375,47.5
68.125,15.5
-158.125,-58.5
-28.125,16.5
133.125,-76.5
9.375,73.5
-53.125,44.5
-138.125,3.5
-83.125,-10.5
-104.375,27.5
60.625,8.5
-88.125,-2.5
-140.625,-6.5
-124.375,78.5
109.375,60.5
121.875,44.5
119.375,-69.5
-21.875,-15.5
-44.375,-15.5
-108.125,84.5
-174.375,26.5
153.125,20.5
109.375,86.5
25.625,76.5
-120.625,26.5
24.375,72.5
66.875,-71.5
36.875,36.5
61.875,9.5
-128.125,-26.5
-53.125,63.5
-113.125,75.5
130.625,74.5
-45.625,66.5
46.875,74.5
-70.625,-80.5
-49.375,25.5
21.875,-52.5
-121.875,74.5
98.125,-4.5
-46.875,57.5
-80.625,88.5
15.625,80.5
90.625,-61.5
133.125,-15.5
150.625,2.5
-110.625,52.5
-150.625,-80.5
-33.125,-41.5
41.875,-37.5
-169.375,34.5
113.125,52.5
-136.875,77.5
-11.875,87.5
99.375,19.5
-143.125,72.5
-64.375,52.5
-169.375,-40.5
-23.125,-74.5
-53.125,-66.5
-76.875,-83.5
175.625,9.5
134.375,-54.5
58.125,31.5
26.875,89.5
-158.125,8.5
55.625,68.5
-168.125,-76.5
23.125,67.5
-140.625,88.5
-106.875,-40.5
-46.875,-32.5
89.375,18.5
60.625,88.5
-69.375,79.5
73.125,-22.5
-158.125,40.5
-49.375,-89.5
149.375,-89.5
80.625,-65.5
31.875,-28.5
-133.125,32.5
60.625,16.5
-69.375,-18.5
20.625,74.5
-161.875,-39.5
-45.625,6.5
19.375,-52.5
-128.125,-58.5
-54.375,-49.5
68.125,52.5
84.375,-28.5
49.375,9.5
50.625,59.5
-83.125,11.5
-75.625,16.5
-165.625,24.5
115.625,-25.5
36.875,18.5
-114.375,86.5
23.125,85.5
23.125,15.5
145.625,3.5
-179.375,-47.5
28.125,27.5
-51.875,-62.5
-114.375,-4.5
-28.125,-50.5
-174.375,-65.5
16.875,-42.5
-125.625,73.5
-64.375,78.5
78.125,-14.5
100.625,-6.5
-139.375,87.5
168.125,-89.5
94.375,31.5
118.125,-23.5
-168.125,-12.5
-0.625,24.5
39.375,9.5
36.875,-53.5
-40.625,78.5
-171.875,-70.5
-81.875,-30.5
9.375,11.5
-20.625,-3.5
-70.625,40.5
-153.125,62.5
143.125,51.5
-76.875,-26.5
-8.125,30.5
-138.125,55.5
163.125,-19.5
-176.875,87.5
58.125,43.5
-74.375,-17.5
-58.125,24.5
54.375,-0.5
-33.125,-55.5
175.625,-82.5
-91.875,-35.5
-164.375,-35.5
-101.875,74.5
-5.625,-50.5
-68.125,-63.5
-116.875,-81.5
53.125,46.5
-75.625,79.5
-96.875,65.5
-8.125,62.5
171.875,52.5
160.625,2.5
-176.875,-89.5
93.125,-31.5
-54.375,-21.5
-33.125,-4.5
56.875,43.5
-44.375,-62.5
-68.125,-25.5
-103.125,27.5
-24.375,82.5
159.375,-48.5
-70.625,-65.5
-100.625,-89.5
-173.125,70.5
121.875,85.5
-65.625,-84.5
74.375,2.5
30.625,-0.5
-41.875,-41.5
66.875,-76.5
5.625,-25.5
-108.125,77.5
-91.875,-66.5
174.375,83.5
165.625,34.5
-78.125,-51.5
63.125,-66.5
-100.625,86.5
3.125,-18.5
-98.125,76.5
36.875,-8.5
23.125,75.5
-133.125,-77.5
-46.875,-66.5
45.625,-16.5
-56.875,-74.5
145.625,58.5
158.125,60.5
110.625,6.5
-66.875,-80.5
159.375,-59.5
-163.125,-56.5
95.625,32.5
146.875,-30.5
-25.625,-14.5
-115.625,-57.5
-175.625,-46.5
103.125,-1.5
-56.875,21.5
145.625,46.5
-108.125,14.5
36.875,79.5
-161.875,9.5
-99.375,-19.5
15.625,5.5
-101.875,39.5
-91.875,-63.5
-98.125,-69.5
-169.375,-19.5
136.875,35.5
54.375,-78.5
-134.375,87.5
-120.625,65.5
-164.375,20.5
-169.375,-73.5
163.125,-16.5
-89.375,-7.5
148.125,-20.5
-168.125,-74.5
-69.375,-62.5
-138.125,-63.5
51.875,-17.5
-55.625,85.5
-38.125,-70.5
-150.625,-9.5
95.625,-8.5
15.625,-60.5
-85.625,77.5
1.875,-3.5
43.125,73.5
146.875,79.5
124.375,42.5
178.125,7.5
151.875,-45.5
63.125,-68.5
-179.375,9.5
-95.625,69.5
109.375,-24.5
-84.375,-68.5
-161.875,50.5
116.875,44.5
14.375,-5.5
123.125,6.5
-121.875,-15.5
-100.625,-54.5
-171.875,-39.5
11.875,89.5
-148.125,10.5
-64.375,54.5
75.625,-65.5
24.375,49.5
-60.625,13.5
26.875,31.5
171.875,61.5
129.375,-88.5
-115.625,-63.5
-121.875,-66.5
173.125,-72.5
130.625,10.5
-114.375,-12.5
-153.125,64.5
81.875,-71.5
21.875,-28.5
-153.125,-61.5
156.875,-10.5
126.875,29.5
86.875,-48.5
-160.625,86.5
-45.625,-19.5
-109.375,-68.5
125.625,-60.5
-94.375,20.5
18.125,-89.5
131.875,14.5
110.625,-76.5
136.875,-74.5
166.875,-37.5
-51.875,-35.5
-108.125,-27.5
110.625,-39.5
-48.125,-87.5
34.375,-29.5
-159.375,47.5
-74.375,-45.5
-149.375,53.5
-21.875,15.5
-19.375,-78.5
73.125,-55.5
-174.375,63.5
-61.875,76.5
-88.125,-12.5
45.625,2.5
-163.125,88.5
-69.375,24.5
90.625,19.5
76.875,-11.5
123.125,-69.5
173.125,-18.5
-26.875,23.5
11.875,69.5
-84.375,84.5
-125.625,-21.5
-58.125,-83.5
123.125,13.5
-118.125,28.5
-74.375,-79.5
-9.375,62.5
-156.875,67.5
53.125,83.5
-70.625,-49.5
-70.625,-33.5
-11.875,31.5
-144.375,-22.5
99.375,-77.5
28.125,-34.5
-133.125,-51.5
126.875,3.5
78.125,66.5
-166.875,-33.5
70.625,89.5
153.125,67.5
121.875,35.5
-46.875,81.5
-58.125,31.5
-159.375,-12.5
-178.125,-79.5
53.125,-35.5
-75.625,-24.5
-51.875,-75.5
41.875,23.5
123.125,14.5
136.875,-18.5
-154.375,-40.5
55.625,-51.5
-78.125,4.5
-141.875,-29.5
134.375,5.5
-125.625,-49.5
-78.125,77.5
59.375,-47.5
-59.375,-53.5
131.875,-23.5
-178.125,-19.5
21.875,-78.5
103.125,-16.5
-143.125,-78.5
-95.625,-68.5
158.125,3.5
-24.375,58.5
-116.875,30.5
109.375,-67.5
-73.125,42.5
35.625,89.5
-1.875,-34.5
171.875,0.5
85.625,27.5
-169.375,85.5
-119.375,-53.5
-85.625,-62.5
26.875,-71.5
-123.125,-43.5
23.125,-54.5
53.125,16.5
-35.625,-48.5
49.375,-87.5
55.625,-7.5
125.625,64.5
161.875,70.5
-55.625,26.5
144.375,-34.5
158.125,53.5
-144.375,7.5
71.875,88.5
-50.625,-25.5
74.375,-7.5
50.625,66.5
66.875,65.5
-134.375,76.5
53.125,-74.5
111.875,82.5
134.375,50.5
-179.375,25.5
-153.125,73.5
-115.625,-58.5
-179.375,69.5
-131.875,69.5
153.125,49.5
4.375,-39.5
41.875,65.5
124.375,7.5
148.125,88.5
-69.375,41.5
-90.625,3.5
-128.125,63.5
-15.625,62.5
111.875,68.5
-83.125,58.5
78.125,88.5
-149.375,-20.5
-128.125,66.5
-70.625,-47.5
-23.125,18.5
-5.625,56.5
160.625,-32.5
-80.625,-12.5
114.375,73.5
121.875,81.5
51.875,19.5
-30.625,-26.5
171.875,50.5
-160.625,7.5
-179.375,-53.5
164.375,-59.5
155.625,64.5
80.625,-73.5
-104.375,-86.5
-26.875,-41.5
3.125,-13.5
129.375,17.5
50.625,40.5
-130.625,19.5
51.875,66.5
119.375,11.5
115.625,-37.5
44.375,74.5
129.375,57.5
65.625,-37.5
173.125,2.5
159.375,-7.5
26.875,52.5
-101.875,-26.5
-33.125,-62.5
49.375,-66.5
-125.625,88.5
113.125,-29.5
136.875,5.5
36.875,50.5
-6.875,82.5
149.375,-82.5
136.875,-23.5
-145.625,38.5
108.125,20.5
36.875,-51.5
-109.375,62.5
145.625,72.5
136.875,-81.5
179.375,49.5
-99.375,-65.5
123.125,5.5
-141.875,62.5
116.875,17.5
46.875,-32.5
101.875,-32.5
63.125,75.5
160.625,-62.5
14.375,0.5
-95.625,-30.5
-21.875,-68.5
71.875,27.5
120.625,35.5
-61.875,-33.5
111.875,-65.5
-106.875,-24.5
-99.375,-57.5
131.875,-79.5
71.875,-32.5
-6.875,41.5
121.875,77.5
149.375,47.5
-93.125,63.5
-145.625,17.5
166.875,-0.5
84.375,-71.5
161.875,27.5
109.375,82.5
-178.125,-47.5
-79.375,88.5
-90.625,-64.5
31.875,58.5
121.875,-89.5
19.375,-34.5
-34.375,86.5
-176.875,-63.5
-139.375,-43.5
33.125,-78.5
-165.625,-82.5
23.125,56.5
64.375,63.5
-75.625,-67.5
78.125,-35.5
-11.875,-51.5
-55.625,70.5
163.125,24.5
-129.375,77.5
-115.625,77.5
153.125,-0.5
-30.625,66.5
173.125,22.5
174.375,65.5
44.375,13.5
-68.125,-19.5
166.875,-56.5
-124.375,42.5
-49.375,-12.5
8.125,-72.5
-68.125,81.5
-28.125,-55.5
-56.875,-2.5
-61.875,-64.5
113.125,-82.5
59.375,-75.5
133.125,63.5
-4.375,-48.5
143.125,-72.5
30.625,-43.5
23.125,-57.5
131.875,68.5
126.875,-0.5
141.875,75.5
-130.625,0.5
-174.375,89.5
64.375,-13.5
41.875,-74.5
101.875,82.5
71.875,-14.5
148.125,17.5
-20.625,14.5
-136.875,-27.5
85.625,17.5
-3.125,-37.5
28.125,-37.5
18.125,-7.5
75.625,24.5
-174.375,-54.5
48.125,-48.5
-19.375,-55.5
-80.625,69.5
-171.875,70.5
66.875,-84.5
-58.125,-72.5
-144.375,38.5
-158.125,59.5
156.875,-44.5
85.625,-29.5
-31.875,-61.5
-71.875,60.5
101.875,2.5
75.625,-38.5
165.625,74.5
81.875,-70.5
108.125,-20.5
149.375,-61.5
43.125,79.5
111.875,84.5
5.625,-34.5
68.125,58.5
-18.125,-38.5
79.375,29.5
51.875,-43.5
149.375,-26.5
-23.125,88.5
-125.625,-20.5
-40.625,84.5
-171.875,8.5
71.875,84.5
-56.875,19.5
-21.875,66.5
-110.625,-59.5
-159.375,12.5
25.625,45.5
-171.875,37.5
-178.125,-38.5
-155.625,8.5
159.375,28.5
-81.875,-51.5
168.125,-28.5
108.125,19.5
-141.875,-57.5
149.375,19.5
-23.125,8.5
-6.875,50.5
170.625,12.5
-164.375,-89.5
24.375,-50.5
-149.375,89.5
121.875,-83.5
160.625,-88.5
109.375,70.5
70.625,53.5
-106.875,77.5
-31.875,-37.5
-116.875,62.5
-36.875,77.5
66.875,47.5
-156.875,54.5
143.125,-15.5
-176.875,-56.5
124.375,-42.5
-164.375,71.5
-171.875,2.5
-18.125,-32.5
-165.625,-70.5
4.375,34.5
156.875,23.5
-91.875,-65.5
-3.125,-61.5
19.375,-59.5
-108.125,-11.5
175.625,-48.5
101.875,75.5
-134.375,-66.5
-29.375,14.5
176.875,19.5
-175.625,-17.5
-118.125,-88.5
-118.125,64.5
68.125,-20.5
-119.375,58.5
-35.625,-76.5
150.625,-51.5
128.125,-45.5
5.625,-43.5
-13.125,60.5
91.875,-4.5
10.625,-10.5
90.625,-32.5
-13.125,-34.5
61.875,68.5
-123.125,-50.5
53.125,80.5
56.875,-13.5
78.125,-51.5
90.625,37.5
36.875,75.5
0.625,55.5
-45.625,-4.5
76.875,12.5
40.625,-10.5
18.125,-82.5
174.375,-85.5
-21.875,14.5
155.625,-46.5
-85.625,-83.5
134.375,-36.5
-41.875,-47.5
-171.875,24.5
71.875,52.5
69.375,51.5
-70.625,68.5
-100.625,-66.5
64.375,-81.5
100.625,-27.5
-139.375,5.5
29.375,-33.5
14.375,50.5
121.875,50.5
-40.625,79.5
-61.875,7.5
50.625,50.5
143.125,-17.5
-164.375,77.5
4.375,-43.5
-123.125,-6.5
-108.125,-72.5
-123.125,74.5
-56.875,82.5
30.625,87.5
0.625,-50.5
105.625,-74.5
26.875,45.5
68.125,-84.5
-60.625,-19.5
116.875,57.5
-100.625,-51.5
23.125,47.5
-135.625,76.5
34.375,84.5
96.875,-44.5
-78.125,-45.5
49.375,-31.5
89.375,39.5
-173.125,-47.5
-29.375,-66.5
-13.125,10.5
-89.375,19.5
156.875,-87.5
-158.125,49.5
116.875,63.5
-76.875,87.5
101.875,41.5
-108.125,-52.5
81.875,52.5
-0.625,-37.5
-103.125,62.5
-19.375,-38.5
9.375,12.5
-83.125,-83.5
64.375,78.5
90.625,61.5
-90.625,34.5
-8.125,22.5
-85.625,-42.5
45.625,49.5
-179.375,36.5
-94.375,65.5
-158.125,45.5
68.125,-40.5
-94.375,-16.5
-70.625,61.5
21.875,-10.5
64.375,-80.5
-163.125,-46.5
-118.125,-34.5
120.625,-42.5
65.625,-39.5
65.625,-25.5
133.125,21.5
-31.875,48.5
28.125,84.5
-9.375,-22.5
174.375,-52.5
-91.875,-0.5
-109.375,20.5
-78.125,15.5
-115.625,-61.5
-21.875,-35.5
20.625,10.5
25.625,32.5
-33.125,-52.5
-46.875,11.5
19.375,-73.5
-98.125,-49.5
-109.375,-2.5
85.625,39.5
148.125,-21.5
78.125,6.5
-78.125,-70.5
-138.125,-31.5
-71.875,86.5
-25.625,-67.5
-139.375,79.5
-11.875,-80.5
-64.375,-1.5
43.125,-48.5
-159.375,-8.5
69.375,26.5
173.125,11.5
-59.375,-54.5
58.125,33.5
69.375,17.5
136.875,-20.5
-75.625,-1.5
-63.125,1.5
-84.375,61.5
54.375,68.5
-80.625,-54.5
-171.875,-72.5
-118.125,66.5
-113.125,-63.5
119.375,-3.5
98.125,79.5
-54.375,-59.5
70.625,-45.5
-133.125,58.5
-129.375,-33.5
-148.125,-36.5
-69.375,47.5
-140.625,42.5
-66.875,78.5
40.625,-1.5
-49.375,42.5
-13.125,-30.5
50.625,41.5
89.375,76.5
-24.375,-28.5
128.125,67.5
89.375,-37.5
-19.375,2.5
-123.125,-36.5
149.375,52.5
135.625,-35.5
-169.375,17.5
-136.875,19.5
173.125,-31.5
-144.375,33.5
-143.125,-27.5
70.625,-34.5
-130.625,40.5
-141.875,60.5
-133.125,38.5
-26.875,-23.5
-139.375,-88.5
95.625,33.5
121.875,75.5
-134.375,1.5
8.125,40.5
60.625,-75.5
74.375,61.5
39.375,-68.5
76.875,-32.5
76.875,-29.5
-6.875,19.5
98.125,9.5
58.125,-28.5
-83.125,-69.5
120.625,7.5
-163.125,-18.5
105.625,-9.5
-44.375,-77.5
103.125,-27.5
-68.125,-64.5
104.375,14.5
-84.375,19.5
20.625,-62.5
-143.125,34.5
-148.125,-21.5
-48.125,0.5
145.625,-26.5
103.125,-81.5
89.375,-2.5
-138.125,-52.5
-3.125,-59.5
21.875,-77.5
-85.625,-23.5
-114.375,-55.5
-53.125,27.5
-170.625,-87.5
91.875,-27.5
-71.875,55.5
103.125,25.5
-29.375,77.5
66.875,-89.5
25.625,-61.5
170.625,-60.5
89.375,17.5
100.625,8.5
-143.125,-54.5
73.125,17.5
76.875,36.5
-146.875,6.5
170.625,43.5
114.375,-34.5
-143.125,7.5
115.625,-63.5
-121.875,69.5
-50.625,-70.5
-151.875,63.5
-40.625,-88.5
-121.875,-41.5
116.875,-19.5
-44.375,-21.5
-0.625,-39.5
-25.625,32.5
131.875,-55.5
-135.625,-88.5
-125.625,51.5
-68.125,-50.5
93.125,-28.5
79.375,56.5
-146.875,25.5
135.625,48.5
-159.375,4.5
113.125,-14.5
31.875,-44.5
-173.125,57.5
-13.125,55.5
73.125,-75.5
176.875,40.5
-128.125,-67.5
78.125,-31.5
-120.625,-89.5
-65.625,44.5
-179.375,57.5
129.375,77.5
-21.875,12.5
125.625,88.5
131.875,9.5
93.125,-12.5
-140.625,-53.5
55.625,28.5
129.375,-34.5
130.625,79.5
-120.625,-84.5
105.625,85.5
-24.375,-46.5
-39.375,16.5
-156.875,29.5
-171.875,63.5
-166.875,-24.5
16.875,28.5
-41.875,-56.5
-126.875,-81.5
144.375,69.5
81.875,-59.5
109.375,-51.5
0.625,-51.5
104.375,66.5
-8.125,-54.5
98.125,-8.5
-168.125,-6.5
93.125,-45.5
143.125,-52.5
30.625,41.5
64.375,88.5
-21.875,-75.5
-68.125,-68.5
9.375,-83.5
-108.125,-16.5
-150.625,-16.5
58.125,-1.5
-38.125,-65.5
106.875,24.5
-75.625,-72.5
61.875,30.5
-145.625,18.5
81.875,42.5
94.375,30.5
106.875,40.5
41.875,22.5
105.625,-71.5
-35.625,-83.5
-139.375,-14.5
-90.625,-2.5
44.375,64.5
-96.875,64.5
-144.375,-63.5
123.125,-65.5
38.125,0.5
-174.375,44.5
-34.375,-47.5
-128.125,-44.5
-5.625,17.5
-34.375,-11.5
51.875,59.5
125.625,33.5
143.125,17.5
20.625,-17.5
-34.375,54.5
113.125,13.5
115.625,-86.5
45.625,-48.5
-171.875,-29.5
-68.125,-41.5
90.625,-29.5
79.375,-53.5
28.125,-14.5
144.375,-26.5
-111.875,28.5
65.625,-14.5
-108.125,-37.5
-80.625,-13.5
-148.125,-50.5
134.375,-62.5
-51.875,31.5
-101.875,-63.5
-50.625,-58.5
-159.375,31.5
-124.375,-8.5
56.875,-56.5
174.375,42.5
-156.875,13.5
151.875,-0.5
171.875,-1.5
106.875,0.5
148.125,-38.5
19.375,46.5
-168.125,-68.5
23.125,-7.5
18.125,-66.5
139.375,70.5
-138.125,67.5
-65.625,17.5
-100.625,-3.5
-60.625,64.5
-164.375,86.5
-34.375,-32.5
25.625,-52.5
-36.875,13.5
-31.875,28.5
-75.625,-54.5
-100.625,1.5
-24.375,-42.5
-23.125,-0.5
-136.875,-79.5
-5.625,74.5
84.375,-23.5
76.875,8.5
-168.125,-56.5
-63.125,-61.5
48.125,-30.5
-143.125,70.5
29.375,-8.5
14.375,64.5
23.125,-66.5
-100.625,-16.5
-174.375,-8.5
161.875,-36.5
26.875,-62.5
-148.125,82.5
-126.875,-31.5
41.875,-25.5
50.625,-85.5
-91.875,-49.5
163.125,-64.5
58.125,-47.5
-54.375,26.5
163.125,36.5
-84.375,80.5
-41.875,-71.5
126.875,-67.5
-79.375,-34.5
124.375,-1.5
-179.375,15.5
-46.875,37.5
-128.125,88.5
-4.375,60.5
126.875,7.5
-49.375,-68.5
-131.875,-29.5
-120.625,2.5
95.625,37.5
-168.125,-50.5
34.375,-65.5
175.625,-69.5
143.125,-64.5
-55.625,52.5
108.125,-35.5
-40.625,-49.5
73.125,-53.5
30.625,-68.5
-95.625,-25.5
-96.875,59.5
-63.125,89.5
-89.375,-70.5
105.625,24.5
-111.875,83.5
164.375,-35.5
-126.875,77.5
-156.875,58.5
-25.625,7.5
93.125,61.5
51.875,33.5
148.125,-86.5
96.875,-78.5
158.125,71.5
-51.875,86.5
176.875,59.5
73.125,63.5
-119.375,-45.5
-54.375,-57.5
-163.125,-81.5
-123.125,64.5
46.875,19.5
36.875,8.5
-33.125,-65.5
-140.625,-23.5
-66.875,-8.5
41.875,-78.5
161.875,-78.5
9.375,46.5
-96.875,8.5
-31.875,71.5
-14.375,13.5
146.875,2.5
-59.375,-56.5
46.875,76.5
150.625,65.5
156.875,-47.5
-145.625,-80.5
110.625,-43.5
179.375,48.5
-65.625,-55.5
1.875,-84.5
-54.375,32.5
-101.875,-85.5
80.625,59.5
-51.875,-39.5
-150.625,11.5
159.375,-70.5
-149.375,-22.5
128.125,73.5
-101.875,14.5
80.625,-10.5
-105.625,21.5
-85.625,78.5
151.875,84.5
45.625,-57.5
-143.125,20.5
-74.375,24.5
-138.125,6.5
174.375,-24.5
-93.125,-79.5
-115.625,-19.5
-88.125,69.5
-3.125,-74.5
-83.125,64.5
-149.375,83.5
154.375,66.5
88.125,-19.5
-6.875,-5.5
-13.125,-51.5
170.625,42.5
-151.875,-18.5
89.375,-14.5
41.875,-59.5
-29.375,-9.5
-30.625,1.5
88.125,-30.5
-133.125,-2.5
-64.375,30.5
101.875,-2.5
1.875,26.5
-114.375,-82.5
110.625,59.5
-5.625,26.5
-68.125,35.5
-124.375,-36.5
-60.625,58.5
3.125,3.5
-28.125,39.5
106.875,5.5
-4.375,2.5
114.375,49.5
100.625,68.5
25.625,33.5
-170.625,10.5
39.375,80.5
-109.375,-29.5
-31.875,13.5
-170.625,41.5
-176.875,-31.5
-179.375,66.5
-11.875,24.5
19.375,-35.5
30.625,77.5
23.125,-84.5
-15.625,-56.5
33.125,76.5
146.875,-37.5
-48.125,77.5
-24.375,-64.5
-68.125,-42.5
119.375,-57.5
-40.625,-81.5
66.875,18.5
-75.625,39.5
-74.375,79.5
-34.375,-52.5
149.375,25.5
-151.875,69.5
84.375,5.5
23.125,14.5
-176.875,-28.5
-173.125,-29.5
-113.125,40.5
109.375,-13.5
94.375,-46.5
-74.375,31.5
-159.375,20.5
-135.625,-41.5
-38.125,87.5
-135.625,32.5
-3.125,76.5
-36.875,-4.5
-59.375,-1.5
13.125,30.5
-4.375,-55.5
-41.875,51.5
-83.125,-35.5
74.375,-23.5
171.875,34.5
-171.875,-75.5
-13.125,69.5
160.625,-1.5
168.125,2.5
-54.375,14.5
175.625,46.5
54.375,-56.5
-174.375,-10.5
74.375,82.5
-165.625,-36.5
-101.875,-46.5
-146.875,72.5
-130.625,-63.5
29.375,-89.5
55.625,-12.5
74.375,-55.5
-45.625,-78.5
133.125,78.5
43.125,68.5
-65.625,-20.5
4.375,-72.5
63.125,18.5
-114.375,89.5
86.875,-70.5
-106.875,55.5
63.125,34.5
138.125,89.5
175.625,-46.5
-150.625,78.5
-135.625,74.5
70.625,40.5
59.375,-18.5
-95.625,-72.5
-95.625,19.5
-73.125,77.5
-21.875,88.5
55.625,16.5
-45.625,21.5
-66.875,6.5
116.875,73.5
139.375,62.5
148.125,-12.5
25.625,52.5
-68.125,-60.5
81.875,44.5
-34.375,-8.5
-83.125,-42.5
-174.375,50.5
-118.125,52.5
-48.125,79.5
116.875,-2.5
116.875,-51.5
-126.875,-64.5
74.375,49.5
155.625,53.5
-91.875,26.5
59.375,-12.5
113.125,84.5
19.375,53.5
-151.875,-86.5
178.125,33.5
-51.875,-13.5
60.625,-15.5
-175.625,39.5
25.625,47.5
-151.875,11.5
-6.875,-80.5
-156.875,68.5
-123.125,-60.5
-15.625,19.5
-129.375,-3.5
-156.875,-69.5
-54.375,-20.5
-39.375,86.5
-91.875,-70.5
29.375,-74.5
-110.625,37.5
-18.125,45.5
138.125,-2.5
124.375,-4.5
-105.625,69.5
-61.875,84.5
-29.375,29.5
-175.625,22.5
88.125,5.5
158.125,-77.5
-165.625,-1.5
45.625,-54.5
-70.625,-50.5
49.375,21.5
-143.125,60.5
165.625,63.5
19.375,-46.5
171.875,-17.5
8.125,48.5
3.125,-87.5
110.625,-6.5
-14.375,-19.5
128.125,52.5
-179.375,18.5
144.375,81.5
51.875,45.5
-146.875,62.5
-129.375,39.5
-34.375,50.5
120.625,-59.5
-48.125,49.5
76.875,75.5
-129.375,-15.5
-138.125,-38.5
53.125,34.5
-179.375,50.5
-24.375,-53.5
-60.625,89.5
79.375,-58.5
121.875,11.5
-179.375,-72.5
58.125,76.5
95.625,40.5
36.875,19.5
10.625,24.5
43.125,-53.5
-155.625,-60.5
33.125,70.5
106.875,-70.5
114.375,22.5
-98.125,-54.5
68.125,-19.5
-14.375,76.5
-6.875,16.5
133.125,-40.5
155.625,83.5
-165.625,70.5
-136.875,-24.5
-10.625,-1.5
-56.875,77.5
-11.875,22.5
111.875,10.5
11.875,-41.5
-38.125,-8.5
-84.375,-46.5
30.625,84.5
-21.875,-82.5
21.875,50.5
-31.875,15.5
-41.875,77.5
66.875,-56.5
19.375,-23.5
55.625,44.5
-44.375,-16.5
-139.375,-36.5
85.625,60.5
111.875,65.5
160.625,85.5
18.125,21.5
55.625,-77.5
20.625,38.5
45.625,73.5
116.875,74.5
80.625,-49.5
9.375,-13.5
-146.875,36.5
86.875,-57.5
-36.875,-11.5
-41.875,67.5
-33.125,-38.5
-115.625,9.5
-106.875,13.5
-101.875,-67.5
-159.375,-37.5
-123.125,57.5
4.375,-5.5
-159.375,30.5
134.375,-35.5
98.125,-22.5
75.625,72.5
144.375,-25.5
176.875,60.5
13.125,72.5
41.875,31.5
-133.125,-79.5
115.625,8.5
-174.375,-49.5
-179.375,56.5
-71.875,45.5
24.375,77.5
146.875,56.5
-75.625,4.5
-80.625,-62.5
-23.125,16.5
164.375,73.5
110.625,85.5
71.875,81.5
-146.875,55.5
-91.875,50.5
131.875,-81.5
146.875,-20.5
29.375,45.5
-65.625,-58.5
-165.625,15.5
-29.375,52.5
11.875,-57.5
-109.375,-21.5
129.375,34.5
91.875,48.5
-13.125,44.5
134.375,-19.5
18.125,-27.5
46.875,-27.5
-164.375,-21.5
-149.375,44.5
-45.625,-30.5
43.125,-80.5
6.875,-26.5
-116.875,-11.5
130.625,-87.5
-141.875,-11.5
-161.875,89.5
-78.125,-3.5
-176.875,25.5
53.125,14.5
166.875,77.5
-164.375,-71.5
170.625,78.5
-93.125,4.5
83.125,-65.5
40.625,66.5
121.875,43.5
130.625,-34.5
-8.125,7.5
55.625,40.5
51.875,-87.5
4.375,64.5
-134.375,-32.5
31.875,-48.5
-55.625,11.5
24.375,-54.5
-140.625,54.5
5.625,57.5
124.375,-49.5
-126.875,23.5
-8.125,-45.5
-154.375,27.5
-79.375,25.5
129.375,41.5
-151.875,75.5
15.625,57.5
60.625,-40.5
-158.125,39.5
33.125,-23.5
-144.375,77.5
63.125,84.5
-139.375,-33.5
-150.625,27.5
-173.125,-53.5
-34.375,-48.5
11.875,70.5
23.125,-45.5
-173.125,21.5
-140.625,45.5
86.875,73.5
1.875,54.5
-105.625,45.5
26.875,71.5
0.625,2.5
-19.375,30.5
-170.625,67.5
-134.375,-42.5
-141.875,-49.5
144.375,50.5
-1.875,5.5
-64.375,-73.5
59.375,-44.5
-74.375,30.5
164.375,84.5
-173.125,79.5
48.125,-28.5
-163.125,86.5
43.125,86.5
-148.125,70.5
11.875,17.5
-135.625,86.5
74.375,-18.5
-11.875,-19.5
-128.125,-1.5
-79.375,-31.5
-103.125,72.5
-90.625,-66.5
-170.625,-78.5
89.375,69.5
84.375,60.5
123.125,81.5
20.625,-30.5
-116.875,-14.5
154.375,-40.5
-45.625,88.5
75.625,-61.5
174.375,27.5
-135.625,-64.5
-174.375,58.5
109.375,12.5
120.625,-78.5
155.625,57.5
43.125,-72.5
119.375,-45.5
159.375,-72.5
-94.375,40.5
178.125,3.5
65.625,-22.5
-58.125,-74.5
-21.875,57.5
8.125,51.5
134.375,72.5
-3.125,-12.5
34.375,-67.5
-8.125,-24.5
-68.125,-35.5
-159.375,5.5
110.625,56.5
138.125,-14.5
-121.875,-64.5
-26.875,-82.5
94.375,6.5
-18.125,72.5
169.375,59.5
-108.125,-78.5
61.875,6.5
-101.875,28.5
-45.625,24.5
-131.875,-40.5
33.125,18.5
171.875,89.5
173.125,84.5
-39.375,-62.5
-69.375,-3.5
-134.375,52.5
-149.375,8.5
109.375,42.5
-160.625,-14.5
-46.875,-73.5
166.875,-89.5
165.625,-64.5
-1.875,-45.5
-13.125,-81.5
66.875,48.5
159.375,-68.5
118.125,-89.5
95.625,-30.5
78.125,39.5
98.125,-26.5
60.625,-25.5
-151.875,23.5
-96.875,-58.5
75.625,5.5
-33.125,26.5
-138.125,-37.5
25.625,-27.5
-131.875,51.5
101.875,-50.5
15.625,32.5
18.125,-46.5
-170.625,-4.5
-1.875,-41.5
125.625,-83.5
-91.875,82.5
-166.875,-0.5
44.375,-52.5
-109.375,10.5
-151.875,-37.5
34.375,-36.5
-174.375,32.5
-106.875,12.5
-45.625,56.5
76.875,-30.5
93.125,-59.5
-23.125,-36.5
-133.125,-72.5
-165.625,-61.5
93.125,20.5
60.625,17.5
136.875,-78.5
15.625,-28.5
-90.625,6.5
-103.125,-75.5
31.875,-45.5
41.875,-30.5
-39.375,-72.5
138.125,-57.5
65.625,40.5
53.125,89.5
78.125,70.5
-99.375,51.5
-6.875,5.5
168.125,73.5
108.125,-62.5
40.625,62.5
78.125,-2.5
-80.625,-15.5
39.375,72.5
-86.875,-77.5
-38.125,34.5
-31.875,26.5
58.125,19.5
-41.875,-61.5
86.875,33.5
-123.125,34.5
-3.125,-1.5
-34.375,52.5
-85.625,38.5
44.375,-70.5
-23.125,24.5
116.875,23.5
-124.375,83.5
88.125,55.5
129.375,-10.5
21.875,60.5
-135.625,-60.5
-159.375,32.5
11.875,-39.5
123.125,-60.5
28.125,-30.5
94.375,-71.5
-121.875,-9.5
124.375,-11.5
98.125,86.5
140.625,-73.5
-14.375,-71.5
-158.125,-36.5
36.875,38.5
38.125,83.5
55.625,89.5
153.125,-82.5
56.875,19.5
75.625,54.5
-91.875,5.5
-66.875,-47.5
-116.875,51.5
-96.875,-64.5
-61.875,-32.5
-86.875,-14.5
-133.125,50.5
-71.875,56.5
139.375,25.5
-70.625,58.5
-40.625,7.5
-131.875,8.5
9.375,65.5
164.375,-61.5
-160.625,-4.5
168.125,63.5
-166.875,-13.5
-13.125,49.5
-159.375,2.5
151.875,-62.5
168.125,84.5
36.875,-20.5
0.625,13.5
21.875,88.5
-155.625,19.5
170.625,-8.5
113.125,-8.5
173.125,20.5
-24.375,-54.5
63.125,-25.5
55.625,-57.5
-46.875,42.5
108.125,-46.5
-40.625,86.5
-50.625,-52.5
11.875,81.5
125.625,60.5
-18.125,52.5
106.875,-59.5
85.625,-27.5
170.625,-29.5
28.125,37.5
-143.125,18.5
-144.375,-49.5
-83.125,-38.5
138.125,34.5
28.125,-72.5
-79.375,-89.5
114.375,-53.5
18.125,80.5
-43.125,-50.5
114.375,23.5
-121.875,44.5
48.125,-54.5
18.125,-65.5
-81.875,82.5
116.875,-72.5
-61.875,42.5
-59.375,48.5
64.375,-3.5
28.125,1.5
94.375,16.5
54.375,-4.5
-4.375,55.5
-35.625,68.5
-45.625,-61.5
-113.125,-81.5
-6.875,17.5
-104.375,40.5
113.125,12.5
-30.625,0.5
96.875,-79.5
-30.625,-51.5
-139.375,-44.5
119.375,-41.5
65.625,-30.5
38.125,18.5
-109.375,84.5
136.875,-75.5
70.625,87.5
-68.125,-51.5
73.125,27.5
61.875,58.5
56.875,73.5
-178.125,9.5
-159.375,60.5
126.875,-33.5
-146.875,1.5
140.625,26.5
130.625,50.5
-171.875,57.5
-158.125,9.5
-126.875,3.5
-149.375,-30.5
-129.375,11.5
129.375,-39.5
-9.375,-4.5
-173.125,-50.5
158.125,63.5
130.625,-79.5
-56.875,65.5
-119.375,32.5
-159.375,6.5
141.875,-80.5
-15.625,28.5
119.375,-67.5
-83.125,-63.5
159.375,-87.5
46.875,-64.5
115.625,-76.5
-109.375,73.5
15.625,55.5
3.125,-71.5
74.375,57.5
26.875,40.5
123.125,-76.5
-1.875,-49.5
66.875,70.5
63.125,-59.5
-51.875,-86.5
160.625,68.5
91.875,64.5
123.125,-52.5
-71.875,69.5
-155.625,77.5
63.125,29.5
54.375,6.5
-68.125,-74.5
-124.375,-75.5
-86.875,-59.5
-89.375,-4.5
111.875,-87.5
26.875,-68.5
113.125,-6.5
125.625,17.5
-170.625,-35.5
15.625,60.5
36.875,-34.5
-45.625,-70.5
-171.875,60.5
75.625,16.5
-149.375,-45.5
-93.125,52.5
-153.125,34.5
-43.125,-17.5
10.625,-2.5
158.125,-37.5
-39.375,71.5
-1.875,-30.5
-54.375,-58.5
-130.625,-10.5
60.625,12.5
-158.125,46.5
-129.375,-25.5
1.875,76.5
-29.375,-53.5
-50.625,-64.5
-110.625,4.5
-94.375,-4.5
-34.375,81.5
31.875,74.5
94.375,34.5
-20.625,89.5
-133.125,-44.5
-8.125,89.5
169.375,55.5
165.625,4.5
55.625,39.5
-150.625,-0.5
96.875,43.5
-79.375,49.5
-135.625,31.5
123.125,19.5
-11.875,-48.5
131.875,-78.5
34.375,44.5
-5.625,-84.5
-19.375,9.5
25.625,-55.5
-176.875,75.5
-105.625,28.5
-98.125,56.5
-134.375,-72.5
-9.375,-19.5
56.875,79.5
-23.125,20.5
-16.875,36.5
15.625,-7.5
29.375,-84.5
-175.625,56.5
9.375,-86.5
33.125,47.5
69.375,78.5
95.625,78.5
-151.875,43.5
145.625,-24.5
39.375,-51.5
-105.625,19.5
84.375,2.5
19.375,-76.5
81.875,39.5
118.125,-48.5
-23.125,30.5
-76.875,79.5
84.375,-52.5
-31.875,-80.5
0.625,-29.5
165.625,-80.5
25.625,-28.5
-145.625,-47.5
-99.375,-52.5
-83.125,72.5
154.375,-45.5
-65.625,-87.5
20.625,-75.5
-21.875,41.5
-94.375,-29.5
-71.875,-41.5
63.125,17.5
101.875,85.5
3.125,-55.5
170.625,-82.5
-95.625,-80.5
-175.625,12.5
160.625,-78.5
-149.375,62.5
-113.125,-53.5
43.125,63.5
-66.875,55.5
1.875,-49.5
23.125,63.5
166.875,-32.5
-120.625,-52.5
126.875,-63.5
101.875,-78.5
-108.125,13.5
134.375,-76.5
-50.625,61.5
73.125,42.5
3.125,-10.5
71.875,-3.5
99.375,-66.5
-121.875,-65.5
83.125,22.5
-146.875,-40.5
129.375,-49.5
81.875,-14.5
-25.625,-64.5
-0.625,-21.5
-178.125,-83.5
-149.375,-82.5
144.375,38.5
41.875,27.5
-150.625,50.5
-118.125,-48.5
-24.375,43.5
-39.375,-29.5
-131.875,-26.5
-40.625,-83.5
66.875,-49.5
-110.625,25.5
5.625,-57.5
-85.625,17.5
-43.125,78.5
28.125,25.5
-111.875,43.5
19.375,48.5
156.875,65.5
-11.875,43.5
121.875,-4.5
-103.125,20.5
100.625,-72.5
164.375,-45.5
-128.125,-39.5
71.875,-75.5
-71.875,41.5
-91.875,-88.5
-155.625,-79.5
169.375,15.5
-145.625,57.5
-134.375,40.5
43.125,59.5
120.625,-65.5
-66.875,-59.5
-99.375,49.5
-148.125,53.5
73.125,-2.5
111.875,76.5
-51.875,-4.5
99.375,34.5
179.375,-24.5
-146.875,-3.5
69.375,86.5
38.125,56.5
69.375,-4.5
178.125,65.5
-113.125,0.5
-134.375,-71.5
-35.625,8.5
-50.625,-8.5
105.625,88.5
-104.375,55.5
94.375,48.5
166.875,-57.5
-98.125,-35.5
28.125,49.5
-123.125,-25.5
-178.125,-2.5
35.625,84.5
-143.125,-26.5
-144.375,-81.5
173.125,86.5
145.625,-39.5
-83.125,-48.5
-83.125,-64.5
-119.375,-75.5
-73.125,-52.5
39.375,-16.5
110.625,-12.5
63.125,-36.5
-159.375,-79.5
-44.375,1.5
174.375,-18.5
33.125,-58.5
41.875,-21.5
133.125,-85.5
-83.125,-19.5
-33.125,59.5
159.375,87.5
16.875,88.5
68.125,-56.5
-135.625,8.5
-150.625,-67.5
75.625,-83.5
-31.875,49.5
-175.625,13.5
-133.125,8.5
36.875,71.5
-71.875,-36.5
171.875,41.5
148.125,61.5
-44.375,2.5
-138.125,31.5
145.625,-57.5
115.625,71.5
-95.625,3.5
-136.875,-7.5
155.625,50.5
-69.375,-16.5
-56.875,-82.5
-74.375,43.5
-125.625,71.5
153.125,17.5
-55.625,61.5
-104.375,41.5
-165.625,-56.5
179.375,-18.5
55.625,60.5
108.125,-71.5
171.875,-57.5
61.875,8.5
-75.625,-12.5
178.125,10.5
-43.125,58.5
41.875,-81.5
31.875,-80.5
-31.875,-19.5
84.375,81.5
101.875,42.5
161.875,46.5
-18.125,37.5
-9.375,54.5
100.625,-38.5
129.375,83.5
-14.375,-54.5
21.875,18.5
-65.625,-17.5
-69.375,-56.5
41.875,-73.5
-124.375,79.5
-171.875,26.5
129.375,12.5
106.875,67.5
164.375,-67.5
-43.125,23.5
-63.125,25.5
126.875,37.5
141.875,-41.5
-84.375,-15.5
-126.875,-63.5
-121.875,-74.5
70.625,-38.5
-130.625,-13.5
-126.875,-79.5
-128.125,32.5
179.375,15.5
128.125,-8.5
-36.875,45.5
30.625,-74.5
-75.625,-14.5
146.875,44.5
119.375,63.5
101.875,1.5
-31.875,19.5
110.625,37.5
-159.375,59.5
156.875,-63.5
-89.375,17.5
134.375,-72.5
93.125,-67.5
14.375,78.5
159.375,-11.5
-5.625,-45.5
-130.625,-41.5
-90.625,-86.5
-116.875,84.5
159.375,19.5
4.375,-61.5
-74.375,7.5
146.875,10.5
-138.125,-46.5
58.125,8.5
-0.625,-29.5
-131.875,13.5
-75.625,76.5
-115.625,-31.5
-15.625,-69.5
-159.375,11.5
-131.875,6.5
-148.125,29.5
-81.875,-11.5
65.625,-84.5
15.625,-25.5
-174.375,75.5
-56.875,-33.5
-98.125,-21.5
33.125,-26.5
-0.625,-66.5
166.875,-70.5
-31.875,-10.5
-121.875,-7.5
68.125,-55.5
-178.125,-15.5
-105.625,-21.5
-140.625,61.5
-93.125,-17.5
-9.375,-8.5
-140.625,50.5
-56.875,-42.5
103.125,66.5
-126.875,-54.5
-53.125,86.5
6.875,67.5
21.875,79.5
28.125,58.5
179.375,-9.5
-174.375,-2.5
94.375,-7.5
-109.375,-63.5
-49.375,15.5
-16.875,38.5
11.875,-54.5
-41.875,60.5
-109.375,-64.5
-50.625,27.5
-98.125,71.5
-58.125,-10.5
125.625,44.5
-168.125,24.5
104.375,-28.5
71.875,35.5
-159.375,-38.5
-10.625,21.5
-3.125,84.5
-143.125,68.5
26.875,28.5
-158.125,-34.5
59.375,-52.5
-156.875,14.5
-138.125,8.5
126.875,-60.5
-124.375,-86.5
103.125,51.5
146.875,-81.5
148.125,-75.5
-110.625,22.5
104.375,9.5
80.625,-82.5
-86.875,73.5
158.125,12.5
105.625,-39.5
-23.125,-59.5
-95.625,-29.5
136.875,34.5
20.625,0.5
-105.625,-49.5
-119.375,-22.5
-111.875,21.5
69.375,-26.5
-90.625,-84.5
-85.625,56.5
-20.625,-38.5
-101.875,83.5
-155.625,12.5
144.375,-83.5
75.625,-62.5
113.125,-41.5
1.875,-67.5
154.375,58.5
61.875,59.5
-163.125,41.5
-126.875,-2.5
25.625,64.5
-174.375,-84.5
-15.625,40.5
143.125,13.5
14.375,86.5
31.875,66.5
153.125,85.5
-76.875,-47.5
-144.375,-46.5
134.375,-66.5
-41.875,10.5
-169.375,71.5
-43.125,-66.5
15.625,-29.5
-98.125,-9.5
119.375,16.5
-36.875,-79.5
174.375,79.5
-73.125,52.5
-74.375,-4.5
19.375,-61.5
156.875,-61.5
-164.375,42.5
1.875,-10.5
-170.625,0.5
70.625,-29.5
-39.375,-39.5
86.875,-64.5
-13.125,-19.5
-166.875,46.5
171.875,83.5
20.625,50.5
6.875,33.5
138.125,47.5
-146.875,56.5
-43.125,71.5
-90.625,-59.5
-155.625,80.5
86.875,-49.5
131.875,-58.5
-90.625,29.5
56.875,-44.5
121.875,-67.5
-55.625,58.5
-170.625,50.5
-16.875,-81.5
-173.125,4.5
121.875,-10.5
-95.625,-50.5
-143.125,89.5
149.375,-17.5
-63.125,82.5
90.625,-22.5
110.625,43.5
74.375,-4.5
-158.125,-11.5
-139.375,-3.5
-164.375,60.5
-39.375,5.5
118.125,55.5
158.125,18.5
86.875,-14.5
-179.375,-16.5
86.875,-18.5
-55.625,65.5
-55.625,0.5
161.875,78.5
-135.625,-21.5
-38.125,39.5
41.875,-42.5
159.375,-28.5
-1.875,-29.5
-165.625,58.5
-88.125,-49.5
-168.125,-28.5
115.625,-41.5
-105.625,-76.5
125.625,-17.5
-138.125,-65.5
166.875,47.5
76.875,64.5
96.875,37.5
-95.625,38.5
-60.625,88.5
-76.875,62.5
-169.375,-78.5
-176.875,-60.5
174.375,-62.5
-58.125,69.5
-61.875,26.5
93.125,-29.5
178.125,-62.5
-109.375,74.5
-106.875,75.5
-93.125,-71.5
35.625,-29.5
124.375,-13.5
88.125,-42.5
49.375,74.5
140.625,-59.5
129.375,19.5
46.875,-67.5
49.375,54.5
108.125,21.5
-169.375,10.5
135.625,-47.5
178.125,89.5
38.125,74.5
85.625,-51.5
-58.125,-30.5
128.125,-76.5
175.625,-34.5
38.125,-30.5
-30.625,-16.5
-21.875,-46.5
-83.125,85.5
8.125,-53.5
170.625,4.5
-30.625,10.5
-59.375,23.5
96.875,23.5
43.125,33.5
-96.875,71.5
-148.125,-55.5
176.875,88.5
-60.625,73.5
44.375,31.5
-151.875,-51.5
134.375,29.5
-96.875,-29.5
100.625,-51.5
138.125,57.5
-105.625,6.5
-149.375,86.5
-71.875,81.5
110.625,-15.5
76.875,-24.5
-24.375,31.5
-158.125,47.5
151.875,30.5
-64.375,-71.5
-156.875,73.5
9.375,-41.5
105.625,12.5
-108.125,-74.5
81.875,77.5
0.625,3.5
-11.875,3.5
-96.875,9.5
-160.625,-65.5
-111.875,2.5
174.375,-63.5
-168.125,-44.5
-144.375,65.5
-81.875,32.5
-58.125,-35.5
-46.875,-63.5
179.375,-35.5
-10.625,43.5
-74.375,60.5
75.625,-2.5
1.875,19.5
21.875,-61.5
-176.875,31.5
-55.625,-69.5
-69.375,34.5
-70.625,53.5
74.375,81.5
148.125,10.5
49.375,-10.5
139.375,-50.5
96.875,25.5
115.625,43.5
155.625,32.5
-81.875,-79.5
169.375,86.5
131.875,-89.5
-33.125,48.5
34.375,-64.5
136.875,-88.5
9.375,-59.5
74.375,16.5
-61.875,13.5
71.875,-84.5
-15.625,73.5
76.875,81.5
-120.625,-29.5
26.875,-75.5
-74.375,-19.5
-6.875,-87.5
20.625,68.5
-56.875,79.5
-170.625,-64.5
-135.625,-78.5
-74.375,-15.5
-51.875,-71.5
-166.875,75.5
10.625,78.5
-11.875,25.5
160.625,76.5
151.875,68.5
111.875,-35.5
-149.375,-32.5
-21.875,83.5
-64.375,-13.5
64.375,-39.5
55.625,73.5
-101.875,-33.5
-95.625,-21.5
4.375,-87.5
-60.625,49.5
-109.375,-70.5
24.375,-3.5
165.625,-43.5
-51.875,-64.5
-85.625,-63.5
173.125,75.5
-75.625,26.5
-101.875,-40.5
126.875,-66.5
-115.625,-42.5
15.625,88.5
-168.125,40.5
-150.625,-78.5
135.625,40.5
8.125,79.5
-44.375,-50.5
16.875,-43.5
26.875,-76.5
75.625,-5.5
86.875,-77.5
-106.875,-59.5
-155.625,-35.5
140.625,-25.5
-108.125,54.5
130.625,19.5
-160.625,-54.5
-148.125,-88.5
-131.875,15.5
58.125,-65.5
-155.625,-77.5
178.125,-14.5
113.125,-43.5
58.125,54.5
-145.625,-62.5
-150.625,6.5
-84.375,-47.5
-56.875,-84.5
96.875,-83.5
-128.125,82.5
165.625,-30.5
-84.375,81.5
-74.375,-47.5
116.875,-45.5
-64.375,-37.5
134.375,79.5
-124.375,-30.5
-124.375,21.5
-45.625,-85.5
110.625,9.5
103.125,-85.5
-151.875,-28.5
-176.875,47.5
75.625,-14.5
-5.625,-23.5
-104.375,-43.5
-88.125,75.5
-155.625,34.5
111.875,-20.5
40.625,74.5
73.125,-89.5
169.375,-64.5
88.125,-89.5
-35.625,64.5
-45.625,-65.5
129.375,-47.5
106.875,-48.5
-65.625,-2.5
-148.125,-53.5
-125.625,-61.5
113.125,-78.5
73.125,55.5
116.875,-9.5
-44.375,28.5
-50.625,44.5
166.875,-7.5
136.875,-5.5
40.625,81.5
39.375,41.5
111.875,-42.5
34.375,-58.5
-108.125,-65.5
11.875,76.5
169.375,49.5
-119.375,60.5
-164.375,53.5
-51.875,49.5
-63.125,-76.5
113.125,-1.5
148.125,18.5
111.875,53.5
46.875,-57.5
76.875,-62.5
-94.375,33.5
75.625,-77.5
63.125,7.5
151.875,-14.5
-9.375,21.5
133.125,-60.5
-174.375,79.5
163.125,-27.5
154.375,-10.5
66.875,-63.5
-85.625,-53.5
-79.375,5.5
170.625,-66.5
-14.375,-39.5
-51.875,-76.5
83.125,-46.5
103.125,49.5
-133.125,77.5
-59.375,64.5
33.125,-35.5
175.625,-85.5
-24.375,-59.5
140.625,60.5
-133.125,82.5
29.375,82.5
126.875,34.5
98.125,-13.5
-25.625,-25.5
-23.125,5.5
-146.875,-7.5
-98.125,-30.5
-114.375,88.5
-89.375,-30.5
13.125,48.5
48.125,20.5
109.375,71.5
-88.125,-74.5
79.375,-47.5
129.375,15.5
-159.375,-64.5
130.625,29.5
176.875,30.5
-136.875,7.5
-94.375,-13.5
109.375,37.5
-108.125,-6.5
18.125,-57.5
88.125,42.5
-121.875,81.5
-80.625,87.5
-15.625,-89.5
141.875,7.5
-109.375,-37.5
-38.125,-27.5
-20.625,22.5
8.125,-49.5
74.375,-41.5
-90.625,10.5
120.625,21.5
-136.875,-57.5
-153.125,21.5
26.875,74.5
-171.875,-86.5
5.625,2.5
-36.875,3.5
38.125,6.5
66.875,13.5
38.125,-42.5
4.375,-40.5
-95.625,-45.5
-70.625,-38.5
-99.375,-21.5
40.625,73.5
103.125,20.5
100.625,24.5
-25.625,56.5
61.875,81.5
116.875,-7.5
169.375,31.5
-75.625,15.5
145.625,44.5
73.125,-45.5
33.125,-48.5
81.875,-18.5
-10.625,-5.5
-164.375,63.5
91.875,-21.5
-133.125,47.5
140.625,-40.5
-79.375,48.5
-29.375,86.5
143.125,41.5
-5.625,3.5
59.375,35.5
-108.125,87.5
-33.125,75.5
-136.875,2.5
86.875,-34.5
138.125,-8.5
-164.375,-7.5
65.625,21.5
-160.625,-34.5
-171.875,-62.5
71.875,-16.5
58.125,-8.5
-108.125,-28.5
-41.875,-80.5
150.625,-38.5
170.625,81.5
-125.625,-87.5
14.375,85.5
51.875,-70.5
123.125,-25.5
-9.375,-44.5
100.625,44.5
74.375,59.5
-104.375,78.5
163.125,47.5
159.375,-42.5
76.875,73.5
136.875,72.5
-121.875,-33.5
-45.625,-59.5
-38.125,53.5
-74.375,22.5
106.875,82.5
39.375,13.5
-101.875,-34.5
103.125,-45.5
-94.375,-12.5
-109.375,-47.5
-108.125,62.5
-171.875,53.5
-136.875,-34.5
-93.125,-84.5
74.375,9.5
1.875,-69.5
-53.125,24.5
-111.875,79.5
63.125,-50.5
-41.875,58.5
-49.375,-52.5
-63.125,-6.5
45.625,-41.5
-178.125,41.5
-60.625,-11.5
123.125,-47.5
154.375,-73.5
80.625,18.5
124.375,-10.5
164.375,-46.5
63.125,-40.5
116.875,49.5
64.375,-55.5
39.375,70.5
-24.375,-83.5
5.625,-72.5
-91.875,-86.5
98.125,32.5
-16.875,-88.5
-74.375,72.5
-26.875,27.5
164.375,83.5
79.375,-26.5
-119.375,89.5
-168.125,73.5
150.625,71.5
-143.125,-60.5
58.125,-88.5
-63.125,49.5
-35.625,78.5
-159.375,-26.5
-129.375,-21.5
131.875,3.5
174.375,12.5
54.375,-58.5
-156.875,-51.5
-100.625,-56.5
-89.375,66.5
-3.125,30.5
13.125,3.5
-60.625,-86.5
33.125,86.5
3.125,-12.5
105.625,-21.5
34.375,-10.5
-171.875,-10.5
84.375,-25.5
-8.125,-8.5
-23.125,-3.5
-135.625,-38.5
16.875,74.5
-50.625,-73.5
-115.625,-87.5
-143.125,-3.5
-83.125,62.5
-49.375,17.5
28.125,-63.5
61.875,-13.5
124.375,48.5
173.125,62.5
-168.125,-79.5
54.375,26.5
124.375,49.5
-110.625,18.5
-20.625,87.5
176.875,85.5
173.125,-79.5
54.375,81.5
19.375,-68.5
-8.125,75.5
-81.875,14.5
-171.875,-51.5
1.875,-28.5
-23.125,4.5
-144.375,57.5
73.125,-73.5
-153.125,-53.5
-21.875,-5.5
166.875,32.5
20.625,-1.5
-148.125,-28.5
-6.875,-35.5
80.625,45.5
-90.625,52.5
69.375,-62.5
-101.875,67.5
33.125,64.5
20.625,47.5
46.875,24.5
161.875,34.5
-148.125,86.5
-141.875,27.5
-30.625,18.5
29.375,17.5
-89.375,67.5
95.625,-59.5
-20.625,9.5
-21.875,-44.5
-84.375,53.5
94.375,51.5
11.875,86.5
-33.125,20.5
-16.875,-52.5
-179.375,30.5
-99.375,-15.5
-125.625,87.5
-119.375,-14.5
-93.125,5.5
-136.875,-85.5
-41.875,-65.5
-73.125,-38.5
-3.125,-53.5
-23.125,81.5
176.875,64.5
93.125,53.5
-126.875,2.5
93.125,19.5
108.125,32.5
-106.875,-52.5
119.375,83.5
175.625,50.5
-121.875,71.5
44.375,34.5
-114.375,-83.5
-30.625,-4.5
-143.125,69.5
76.875,-48.5
-65.625,47.5
-56.875,13.5
16.875,-48.5
35.625,18.5
-31.875,-52.5
29.375,-55.5
96.875,61.5
123.125,89.5
-46.875,-4.5
-145.625,71.5
-4.375,79.5
-39.375,-20.5
35.625,0.5
-103.125,-81.5
163.125,5.5
-176.875,-29.5
0.625,61.5
114.375,-22.5
63.125,71.5
95.625,10.5
93.125,-49.5
-76.875,-21.5
145.625,62.5
145.625,1.5
-3.125,54.5
151.875,-48.5
-105.625,86.5
61.875,-85.5
-21.875,-49.5
-143.125,47.5
170.625,76.5
-131.875,-61.5
78.125,14.5
-158.125,-85.5
141.875,-11.5
71.875,66.5
-155.625,-75.5
-8.125,-55.5
-34.375,-22.5
-55.625,-16.5
170.625,-2.5
-164.375,30.5
63.125,86.5
-23.125,-5.5
31.875,87.5
126.875,-12.5
-161.875,-79.5
63.125,37.5
-13.125,32.5
-91.875,38.5
68.125,-50.5
179.375,-48.5
-54.375,-81.5
-138.125,54.5
-85.625,-35.5
-10.625,-39.5
126.875,-47.5
30.625,15.5
79.375,40.5
133.125,-82.5
28.125,-1.5
61.875,18.5
-118.125,48.5
-166.875,-25.5
153.125,-48.5
-128.125,53.5
134.375,56.5
38.125,-33.5
-29.375,51.5
-133.125,-23.5
84.375,-51.5
-70.625,71.5
-166.875,-35.5
-40.625,-72.5
-31.875,70.5
-104.375,2.5
120.625,-36.5
50.625,11.5
-143.125,-68.5
-118.125,-84.5
-78.125,41.5
-143.125,-63.5
-155.625,-51.5
-88.125,-52.5
-171.875,50.5
90.625,26.5
-158.125,-40.5
-64.375,-40.5
-126.875,29.5
131.875,-47.5
28.125,53.5
-31.875,0.5
104.375,77.5
146.875,66.5
16.875,14.5
-138.125,-12.5
-116.875,60.5
-33.125,74.5
-175.625,-65.5
60.625,89.5
5.625,30.5
133.125,-45.5
154.375,-54.5
-89.375,33.5
-166.875,-16.5
-113.125,-55.5
150.625,-37.5
-160.625,-76.5
-79.375,-59.5
-124.375,48.5
178.125,-28.5
-63.125,-2.5
-16.875,-71.5
-21.875,-4.5
-133.125,55.5
-90.625,-81.5
35.625,14.5
34.375,51.5
136.875,-1.5
-176.875,78.5
-23.125,-51.5
-21.875,86.5
-54.375,-23.5
3.125,72.5
-138.125,30.5
-41.875,-43.5
-106.875,10.5
135.625,-39.5
24.375,-40.5
169.375,-1.5
156.875,51.5
104.375,-17.5
-45.625,-79.5
-88.125,49.5
154.375,-56.5
-68.125,16.5
-54.375,6.5
-179.375,-28.5
74.375,65.5
110.625,30.5
-65.625,-82.5
-169.375,70.5
106.875,-87.5
-123.125,-15.5
-68.125,-83.5
-155.625,45.5
85.625,13.5
99.375,15.5
48.125,-84.5
-71.875,-44.5
-158.125,-59.5
-110.625,30.5
-13.125,-15.5
-105.625,-25.5
84.375,-2.5
-91.875,44.5
-121.875,59.5
99.375,-25.5
178.125,17.5
154.375,-41.5
-123.125,-48.5
34.375,-73.5
79.375,-84.5
-35.625,-56.5
140.625,-74.5
-113.125,70.5
140.625,-75.5
-104.375,-0.5
176.875,38.5
-61.875,-39.5
-79.375,60.5
83.125,-10.5
34.375,-61.5
-155.625,72.5
126.875,-62.5
26.875,-14.5
-0.625,49.5
-128.125,-35.5
109.375,47.5
94.375,13.5
-55.625,7.5
88.125,-18.5
-151.875,-78.5
88.125,-73.5
84.375,31.5
-73.125,-78.5
-59.375,-36.5
-124.375,-10.5
128.125,31.5
113.125,57.5
-139.375,33.5
134.375,36.5
51.875,52.5
-108.125,-41.5
-39.375,65.5
-25.625,59.5
-61.875,22.5
64.375,-12.5
-125.625,-52.5
-108.125,-44.5
174.375,-72.5
91.875,-30.5
114.375,-89.5
54.375,-70.5
-33.125,45.5
-84.375,-16.5
94.375,-50.5
-25.625,2.5
-25.625,-61.5
-4.375,61.5
18.125,-4.5
29.375,11.5
-161.875,-40.5
-10.625,-60.5
25.625,-83.5
-170.625,-72.5
43.125,70.5
-89.375,42.5
81.875,86.5
114.375,81.5
-94.375,10.5
49.375,-9.5
45.625,70.5
-10.625,88.5
-21.875,56.5
-16.875,-39.5
149.375,89.5
-19.375,21.5
-155.625,10.5
88.125,40.5
144.375,-33.5
-119.375,-29.5
-108.125,-59.5
179.375,41.5
-16.875,-61.5
58.125,-2.5
-133.125,79.5
138.125,-15.5
-114.375,39.5
38.125,-88.5
8.125,24.5
94.375,-85.5
113.125,35.5
-111.875,40.5
-53.125,-0.5
-170.625,-55.5
59.375,32.5
31.875,-73.5
156.875,-35.5
79.375,-44.5
-61.875,-81.5
164.375,-79.5
49.375,58.5
138.125,-58.5
19.375,-80.5
-63.125,69.5
140.625,25.5
-13.125,57.5
-88.125,15.5
-171.875,-73.5
-175.625,-57.5
1.875,-77.5
-74.375,44.5
90.625,-83.5
79.375,41.5
61.875,-57.5
-85.625,-68.5
-160.625,10.5
-13.125,-66.5
74.375,56.5
-83.125,84.5
-80.625,-51.5
28.125,-86.5
61.875,65.5
-30.625,41.5
-125.625,63.5
-88.125,55.5
-35.625,-34.5
176.875,0.5
139.375,-11.5
-83.125,-85.5
-24.375,-65.5
123.125,24.5
-151.875,72.5
-166.875,-67.5
-19.375,68.5
39.375,-13.5
131.875,76.5
88.125,-64.5
-49.375,-85.5
-69.375,52.5
103.125,0.5
-91.875,34.5
-64.375,-47.5
93.125,55.5
-78.125,81.5
109.375,-56.5
114.375,-55.5
73.125,36.5
-10.625,73.5
80.625,-22.5
-106.875,-53.5
68.125,-53.5
24.375,-82.5
-66.875,-43.5
48.125,23.5
-19.375,-89.5
111.875,57.5
99.375,-13.5
138.125,-79.5
-13.125,-55.5
-11.875,28.5
-16.875,-22.5
-31.875,-55.5
-105.625,-38.5
105.625,9.5
115.625,-29.5
-123.125,23.5
-126.875,-65.5
150.625,50.5
158.125,-69.5
-126.875,-0.5
-11.875,-24.5
-153.125,-54.5
-56.875,69.5
-99.375,-23.5
131.875,69.5
5.625,-32.5
-144.375,-87.5
-74.375,41.5
173.125,83.5
-40.625,-31.5
-163.125,1.5
-40.625,47.5
93.125,44.5
-138.125,-4.5
154.375,54.5
-113.125,47.5
-16.875,8.5
5.625,-16.5
85.625,-62.5
-39.375,-3.5
-46.875,12.5
165.625,-47.5
68.125,31.5
126.875,66.5
8.125,80.5
-39.375,-57.5
-168.125,41.5
111.875,51.5
165.625,31.5
-145.625,-87.5
90.625,-70.5
-151.875,-29.5
3.125,52.5
-59.375,-55.5
128.125,-34.5
31.875,-24.5
-13.125,-79.5
-131.875,85.5
-71.875,54.5
160.625,88.5
-153.125,78.5
134.375,1.5
-131.875,-36.5
-118.125,6.5
-114.375,46.5
-40.625,-75.5
108.125,35.5
-14.375,-77.5
63.125,1.5
-5.625,53.5
-125.625,-57.5
50.625,-51.5
-1.875,-77.5
-129.375,33.5
3.125,49.5
24.375,65.5
-96.875,-38.5
-1.875,88.5
-68.125,18.5
160.625,11.5
171.875,-54.5
61.875,-3.5
-48.125,34.5
48.125,-20.5
168.125,-15.5
-0.625,-56.5
-168.125,-30.5
26.875,22.5
-79.375,71.5
74.375,18.5
-98.125,55.5
-170.625,53.5
36.875,-16.5
-109.375,-36.5
115.625,88.5
110.625,83.5
18.125,-33.5
28.125,-17.5
-151.875,79.5
-131.875,39.5
40.625,69.5
-98.125,86.5
-24.375,-32.5
16.875,7.5
138.125,-13.5
-116.875,-43.5
-31.875,-43.5
-60.625,-12.5
-165.625,45.5
98.125,-24.5
-90.625,77.5
19.375,81.5
64.375,-24.5
161.875,-11.5
175.625,84.5
-156.875,24.5
-150.625,14.5
50.625,-48.5
63.125,72.5
-53.125,-78.5
-161.875,-63.5
-126.875,69.5
61.875,12.5
-179.375,-20.5
-38.125,-2.5
118.125,63.5
25.625,-31.5
104.375,-26.5
83.125,-31.5
-39.375,61.5
-159.375,17.5
100.625,-63.5
149.375,3.5
108.125,46.5
-61.875,-89.5
-124.375,29.5
91.875,54.5
114.375,-84.5
166.875,-12.5
-69.375,-58.5
-113.125,32.5
169.375,62.5
-34.375,-89.5
-30.625,78.5
-145.625,39.5
-85.625,-0.5
31.875,4.5
15.625,1.5
125.625,14.5
9.375,14.5
-56.875,89.5
-163.125,-1.5
-101.875,-24.5
169.375,-16.5
160.625,39.5
-140.625,-86.5
-68.125,-0.5
-90.625,69.5
-150.625,41.5
83.125,-68.5
-58.125,27.5
-95.625,-13.5
24.375,-41.5
-135.625,-71.5
23.125,29.5
-114.375,-53.5
43.125,78.5
8.125,1.5
-28.125,-58.5
109.375,-75.5
-53.125,7.5
38.125,-66.5
25.625,71.5
8.125,-55.5
120.625,86.5
-104.375,28.5
31.875,42.5
90.625,9.5
125.625,72.5
-104.375,-53.5
-1.875,77.5
56.875,-36.5
28.125,-59.5
-10.625,-12.5
-43.125,-88.5
128.125,-68.5
100.625,-39.5
155.625,88.5
29.375,29.5
-91.875,-19.5
128.125,-85.5
-21.875,79.5
114.375,89.5
-9.375,47.5
129.375,74.5
-144.375,-76.5
94.375,-82.5
-83.125,5.5
85.625,-15.5
-106.875,61.5
-105.625,12.5
153.125,-39.5
-149.375,-17.5
-171.875,-54.5
-40.625,-45.5
-179.375,-89.5
-54.375,-32.5
58.125,-31.5
-104.375,76.5
23.125,20.5
73.125,60.5
26.875,55.5
131.875,-68.5
-178.125,85.5
-65.625,-1.5
144.375,27.5
-46.875,49.5
-46.875,-74.5
34.375,28.5
134.375,-89.5
-9.375,76.5
134.375,-75.5
31.875,-75.5
-41.875,-12.5
-125.625,-29.5
-150.625,76.5
-125.625,-14.5
-56.875,-72.5
-140.625,-56.5
-44.375,-51.5
75.625,-43.5
163.125,-22.5
-90.625,-23.5
10.625,-89.5
-104.375,19.5
-113.125,9.5
-120.625,8.5
96.875,-15.5
113.125,-61.5
89.375,-12.5
78.125,-15.5
-28.125,-89.5
-118.125,-6.5
78.125,-0.5
-121.875,14.5
93.125,-63.5
-65.625,-44.5
64.375,-44.5
-134.375,-7.5
176.875,-66.5
156.875,-57.5
-26.875,57.5
-118.125,-43.5
-129.375,-59.5
65.625,22.5
-151.875,-35.5
151.875,-40.5
11.875,-74.5
-78.125,-88.5
164.375,-22.5
-165.625,54.5
30.625,11.5
145.625,27.5
-171.875,-8.5
143.125,19.5
126.875,20.5
100.625,30.5
-71.875,73.5
143.125,-66.5
51.875,-71.5
26.875,-24.5
101.875,24.5
38.125,41.5
111.875,60.5
-19.375,-31.5
-101.875,-60.5
56.875,-67.5
-160.625,84.5
156.875,12.5
18.125,-70.5
-95.625,64.5
84.375,-31.5
-155.625,-47.5
96.875,-73.5
-35.625,-37.5
171.875,74.5
-90.625,-41.5
73.125,-13.5
33.125,45.5
176.875,35.5
-18.125,-8.5
-41.875,-68.5
-93.125,44.5
-41.875,61.5
-18.125,21.5
-29.375,-2.5
-160.625,-3.5
-131.875,-72.5
39.375,-69.5
78.125,77.5
-126.875,53.5
88.125,-45.5
133.125,6.5
176.875,58.5
149.375,74.5
129.375,78.5
136.875,-8.5
158.125,-7.5
-89.375,-58.5
0.625,24.5
-85.625,51.5
20.625,66.5
40.625,59.5
145.625,-2.5
-75.625,52.5
26.875,4.5
-126.875,60.5
-120.625,56.5
-126.875,18.5
-25.625,86.5
154.375,-46.5
150.625,-69.5
-60.625,-28.5
73.125,1.5
-73.125,-13.5
-79.375,14.5
120.625,16.5
39.375,-15.5
-109.375,22.5
54.375,-17.5
114.375,6.5
174.375,60.5
-64.375,68.5
106.875,-30.5
134.375,51.5
33.125,-45.5
-31.875,-73.5
-80.625,-30.5
65.625,66.5
168.125,-67.5
83.125,-44.5
-28.125,-22.5
-136.875,-22.5
-100.625,-37.5
-10.625,48.5
-124.375,-82.5
-84.375,-54.5
20.625,-10.5
110.625,-18.5
96.875,50.5
-114.375,20.5
76.875,-52.5
168.125,-10.5
-154.375,79.5
-141.875,-64.5
-29.375,68.5
93.125,-69.5
-31.875,6.5
-129.375,-63.5
84.375,-1.5
13.125,87.5
-56.875,44.5
39.375,74.5
55.625,19.5
-130.625,-79.5
54.375,-52.5
123.125,-50.5
71.875,1.5
94.375,-20.5
-59.375,1.5
-40.625,52.5
-21.875,-26.5
-116.875,-17.5
-89.375,51.5
175.625,-55.5
-175.625,-67.5
109.375,-72.5
-13.125,73.5
-4.375,-62.5
-48.125,-65.5
83.125,-21.5
-43.125,-71.5
135.625,19.5
56.875,78.5
156.875,43.5
-101.875,32.5
-13.125,-7.5
-58.125,36.5
14.375,67.5
-90.625,9.5
-3.125,-40.5
-15.625,66.5
-119.375,-11.5
150.625,74.5
-11.875,51.5
-159.375,81.5
-114.375,36.5
108.125,-6.5
-68.125,-89.5
-150.625,-71.5
145.625,-75.5
-34.375,47.5
-173.125,-81.5
176.875,-74.5
-54.375,-37.5
43.125,0.5
134.375,45.5
36.875,-18.5
166.875,-35.5
75.625,42.5
-120.625,40.5
-36.875,-41.5
-144.375,-17.5
-88.125,-39.5
145.625,8.5
111.875,-81.5
46.875,-45.5
-103.125,-35.5
-99.375,53.5
33.125,51.5
-34.375,87.5
-121.875,-21.5
15.625,-61.5
55.625,-72.5
-161.875,46.5
-81.875,87.5
-60.625,-2.5
-85.625,-88.5
174.375,-14.5
90.625,-63.5
-46.875,80.5
-59.375,-2.5
10.625,-43.5
69.375,-7.5
-110.625,-62.5
-44.375,61.5
-15.625,53.5
60.625,9.5
98.125,81.5
51.875,-65.5
-40.625,-44.5
176.875,-82.5
-3.125,29.5
53.125,-36.5
96.875,35.5
-80.625,53.5
103.125,-76.5
130.625,21.5
8.125,76.5
124.375,89.5
-20.625,-40.5
-85.625,0.5
-54.375,-60.5
-165.625,-44.5
28.125,2.5
-115.625,-56.5
128.125,38.5
-120.625,42.5
19.375,68.5
128.125,17.5
-25.625,35.5
25.625,-86.5
13.125,24.5
174.375,44.5
-69.375,68.5
16.875,-59.5
19.375,26.5
133.125,-21.5
-113.125,-59.5
179.375,13.5
129.375,-66.5
118.125,-8.5
-33.125,-66.5
120.625,14.5
91.875,-20.5
23.125,62.5
-88.125,-31.5
-74.375,81.5
80.625,40.5
-115.625,2.5
123.125,-31.5
76.875,66.5
133.125,-29.5
6.875,-84.5
-126.875,-88.5
-123.125,-41.5
-5.625,14.5
-38.125,70.5
-45.625,-9.5
169.375,57.5
-140.625,-3.5
88.125,35.5
143.125,-87.5
-10.625,-8.5
-6.875,84.5
149.375,-43.5
73.125,67.5
-80.625,84.5
65.625,-5.5
59.375,-50.5
-144.375,-19.5
33.125,-82.5
164.375,85.5
-94.375,9.5
20.625,1.5
-164.375,58.5
-120.625,-70.5
166.875,81.5
-135.625,48.5
61.875,-14.5
63.125,62.5
-21.875,76.5
-48.125,-6.5
168.125,41.5
65.625,-61.5
-144.375,41.5
94.375,2.5
-124.375,-74.5
-71.875,-77.5
-34.375,41.5
53.125,-71.5
125.625,-26.5
-6.875,73.5
-105.625,-82.5
48.125,-59.5
-33.125,-7.5
-166.875,65.5
20.625,-0.5
104.375,28.5
49.375,-8.5
-111.875,-40.5
65.625,-12.5
-131.875,67.5
11.875,16.5
-46.875,84.5
-128.125,58.5
96.875,74.5
178.125,-32.5
9.375,87.5
104.375,-70.5
-24.375,-61.5
119.375,73.5
-3.125,-65.5
60.625,-18.5
-26.875,37.5
-75.625,85.5
156.875,-45.5
-114.375,-45.5
-71.875,28.5
133.125,18.5
-9.375,-87.5
-5.625,-35.5
-6.875,86.5
-109.375,85.5
-159.375,57.5
98.125,88.5
-168.125,-57.5
-91.875,86.5
-60.625,-66.5
129.375,-20.5
-1.875,-4.5
124.375,-86.5
163.125,-4.5
145.625,39.5
-73.125,63.5
149.375,-12.5
45.625,-21.5
-81.875,76.5
-55.625,-7.5
-154.375,-20.5
144.375,-69.5
-86.875,-27.5
-145.625,87.5
-1.875,11.5
96.875,22.5
73.125,58.5
-5.625,15.5
-9.375,-77.5
-139.375,29.5
59.375,9.5
-6.875,15.5
74.375,-57.5
118.125,-47.5
179.375,-15.5
131.875,-16.5
-65.625,4.5
56.875,-77.5
81.875,-42.5
-153.125,7.5
31.875,-23.5
-48.125,-62.5
-73.125,62.5
16.875,80.5
-176.875,-15.5
-176.875,16.5
-64.375,-85.5
-75.625,-43.5
43.125,10.5
-51.875,-5.5
-119.375,4.5
69.375,70.5
79.375,83.5
-145.625,-14.5
116.875,-70.5
153.125,-7.5
-115.625,-1.5
-73.125,-11.5
-161.875,-66.5
-178.125,-62.5
-61.875,-41.5
-139.375,43.5
113.125,5.5
91.875,-23.5
-124.375,6.5
69.375,-12.5
105.625,-29.5
-99.375,18.5
116.875,20.5
-80.625,26.5
-48.125,69.5
178.125,22.5
-90.625,-88.5
123.125,33.5
-31.875,-6.5
93.125,87.5
104.375,50.5
-56.875,-50.5
-30.625,-12.5
-91.875,-28.5
79.375,17.5
-104.375,-85.5
58.125,-53.5
75.625,-71.5
-78.125,-5.5
74.375,-51.5
6.875,-81.5
-101.875,75.5
-91.875,45.5
-99.375,64.5
168.125,-17.5
-3.125,70.5
-49.375,-41.5
-10.625,-36.5
-69.375,-39.5
39.375,-48.5
85.625,57.5
113.125,-68.5
4.375,78.5
-149.375,-2.5
138.125,-12.5
-64.375,-27.5
-43.125,-11.5
119.375,-33.5
-108.125,43.5
-6.875,32.5
26.875,-28.5
120.625,85.5
83.125,6.5
94.375,61.5
140.625,13.5
-161.875,-13.5
-168.125,21.5
31.875,-1.5
-95.625,73.5
110.625,80.5
138.125,80.5
-151.875,54.5
-103.125,61.5
-121.875,-48.5
-169.375,-11.5
-26.875,32.5
126.875,59.5
-3.125,72.5
88.125,-34.5
109.375,1.5
111.875,8.5
-121.875,34.5
-3.125,17.5
-71.875,27.5
-44.375,-54.5
-89.375,31.5
58.125,-29.5
-101.875,56.5
18.125,76.5
-128.125,-65.5
129.375,23.5
33.125,57.5
108.125,14.5
96.875,49.5
-38.125,-6.5
-88.125,-58.5
11.875,-43.5
63.125,-37.5
-94.375,-65.5
-150.625,-34.5
-33.125,-18.5
-138.125,36.5
-141.875,73.5
-11.875,40.5
-154.375,-6.5
161.875,17.5
-56.875,81.5
105.625,58.5
-90.625,44.5
-36.875,-77.5
-83.125,32.5
125.625,-85.5
-59.375,75.5
75.625,57.5
-19.375,52.5
55.625,-39.5
169.375,-57.5
164.375,-32.5
113.125,46.5
-96.875,-49.5
136.875,-61.5
-165.625,-42.5
-18.125,1.5
35.625,-8.5
28.125,44.5
21.875,-85.5
39.375,59.5
164.375,43.5
-164.375,-36.5
29.375,69.5
154.375,-38.5
130.625,-50.5
-85.625,-34.5
70.625,-85.5
-35.625,10.5
-126.875,73.5
-115.625,-50.5
-140.625,17.5
-120.625,7.5
-79.375,-1.5
93.125,-47.5
168.125,77.5
-159.375,-52.5
-73.125,-48.5
-81.875,63.5
-18.125,22.5
-14.375,83.5
-83.125,13.5
63.125,26.5
-104.375,32.5
-84.375,12.5
35.625,76.5
51.875,35.5
-90.625,5.5
-84.375,-21.5
-65.625,49.5
59.375,3.5
-65.625,-0.5
43.125,19.5
-170.625,16.5
51.875,-52.5
-81.875,66.5
39.375,-2.5
151.875,-58.5
-159.375,-1.5
39.375,79.5
115.625,-74.5
-55.625,-6.5
173.125,29.5
-159.375,15.5
-153.125,-52.5
-45.625,44.5
13.125,22.5
121.875,-0.5
-106.875,-60.5
-58.125,47.5
24.375,75.5
-101.875,-32.5
178.125,60.5
-44.375,-57.5
-119.375,8.5
-15.625,-51.5
-13.125,-77.5
-179.375,78.5
36.875,1.5
173.125,-41.5
0.625,-0.5
41.875,4.5
-30.625,-58.5
-58.125,11.5
151.875,28.5
-0.625,-33.5
-4.375,-33.5
123.125,76.5
-140.625,47.5
-138.125,62.5
69.375,2.5
-16.875,-79.5
20.625,-19.5
171.875,-39.5
-135.625,87.5
-104.375,-83.5
-35.625,-52.5
1.875,-11.5
-96.875,-39.5
-19.375,34.5
98.125,-73.5
-58.125,74.5
73.125,16.5
-34.375,-87.5
-135.625,53.5
131.875,16.5
8.125,17.5
31.875,45.5
16.875,75.5
70.625,-30.5
140.625,-56.5
33.125,10.5
163.125,23.5
110.625,8.5
105.625,-25.5
-168.125,-65.5
-41.875,-58.5
-49.375,36.5
115.625,85.5
-90.625,66.5
-135.625,-5.5
-85.625,88.5
-66.875,-4.5
104.375,35.5
21.875,21.5
-45.625,-5.5
146.875,-10.5
-165.625,29.5
148.125,-58.5
-120.625,-62.5
26.875,15.5
-13.125,41.5
-121.875,-18.5
-146.875,-27.5
65.625,71.5
140.625,-1.5
-153.125,38.5
90.625,62.5
31.875,56.5
-161.875,83.5
81.875,-5.5
105.625,-64.5
40.625,77.5
80.625,77.5
-70.625,-73.5
100.625,20.5
-61.875,-8.5
-101.875,-22.5
-179.375,-33.5
-100.625,51.5
46.875,44.5
-151.875,40.5
23.125,68.5
-39.375,3.5
160.625,28.5
45.625,-80.5
-16.875,-5.5
133.125,20.5
-23.125,-62.5
175.625,-86.5
108.125,-22.5
-83.125,1.5
116.875,-11.5
158.125,23.5
164.375,24.5
-91.875,-15.5
164.375,-74.5
-84.375,-28.5
166.875,-54.5
-86.875,35.5
-159.375,78.5
60.625,7.5
-138.125,39.5
-166.875,14.5
59.375,-11.5
-116.875,49.5
68.125,-64.5
-99.375,38.5
48.125,45.5
-105.625,16.5
-153.125,-3.5
144.375,-49.5
-48.125,-55.5
-54.375,77.5
-38.125,-33.5
119.375,51.5
113.125,76.5
160.625,8.5
99.375,30.5
-131.875,-33.5
160.625,-12.5
-50.625,86.5
34.375,-82.5
-130.625,82.5
-84.375,-38.5
-135.625,45.5
49.375,-42.5
143.125,46.5
173.125,63.5
100.625,-22.5
145.625,-84.5
80.625,-3.5
-106.875,-65.5
40.625,53.5
-116.875,73.5
29.375,-54.5
174.375,2.5
-34.375,-38.5
28.125,54.5
-69.375,-77.5
-170.625,-19.5
-63.125,11.5
24.375,-4.5
-125.625,-26.5
-108.125,60.5
150.625,48.5
40.625,55.5
71.875,24.5
161.875,-4.5
-81.875,72.5
-6.875,-47.5
-153.125,-42.5
-6.875,42.5
-175.625,87.5
-1.875,-71.5
-5.625,31.5
156.875,6.5
-171.875,-65.5
140.625,79.5
-88.125,-9.5
90.625,-9.5
163.125,-60.5
105.625,77.5
-113.125,74.5
83.125,19.5
60.625,-64.5
-140.625,-82.5
-49.375,-79.5
93.125,62.5
168.125,3.5
76.875,74.5
73.125,-88.5
-156.875,-86.5
133.125,15.5
118.125,-20.5
-94.375,44.5
-60.625,-50.5
3.125,87.5
156.875,47.5
-173.125,71.5
169.375,1.5
100.625,61.5
96.875,51.5
29.375,39.5
-76.875,35.5
-108.125,-87.5
-15.625,21.5
-6.875,-57.5
-61.875,-61.5
-59.375,59.5
81.875,24.5
-139.375,-66.5
156.875,-30.5
-66.875,-13.5
70.625,-5.5
66.875,23.5
30.625,27.5
-15.625,-61.5
-129.375,-71.5
-74.375,78.5
-141.875,76.5
29.375,-44.5
-64.375,12.5
25.625,0.5
-21.875,-12.5
-90.625,-26.5
-26.875,-64.5
100.625,75.5
-40.625,0.5
169.375,-88.5
54.375,-63.5
-106.875,30.5
-134.375,-55.5
-168.125,-49.5
-64.375,23.5
-31.875,57.5
-11.875,29.5
-175.625,-83.5
73.125,-20.5
134.375,-55.5
128.125,78.5
-133.125,-71.5
-75.625,67.5
145.625,54.5
-123.125,-3.5
61.875,5.5
-61.875,-6.5
-46.875,7.5
106.875,46.5
120.625,1.5
28.125,43.5
150.625,-32.5
118.125,73.5
95.625,19.5
141.875,-32.5
-91.875,-68.5
9.375,25.5
-44.375,-56.5
100.625,-50.5
-21.875,67.5
136.875,57.5
5.625,-40.5
179.375,63.5
159.375,-58.5
75.625,36.5
113.125,-55.5
-38.125,38.5
-4.375,38.5
-170.625,-34.5
86.875,-89.5
139.375,-5.5
155.625,20.5
171.875,66.5
78.125,-45.5
-113.125,80.5
-38.125,-16.5
-64.375,-23.5
123.125,61.5
89.375,52.5
126.875,-56.5
155.625,-38.5
-149.375,-50.5
-150.625,49.5
156.875,74.5
-103.125,40.5
128.125,49.5
-121.875,-83.5
-15.625,-13.5
-30.625,-24.5
43.125,34.5
63.125,-17.5
156.875,-75.5
168.125,-44.5
-128.125,8.5
-113.125,-41.5
-96.875,-75.5
-48.125,22.5
-103.125,49.5
-3.125,19.5
106.875,78.5
166.875,-19.5
108.125,-61.5
100.625,82.5
79.375,-89.5
151.875,-73.5
38.125,-68.5
-13.125,-85.5
-68.125,43.5
126.875,-82.5
138.125,61.5
99.375,73.5
-120.625,30.5
24.375,-64.5
-21.875,-38.5
-154.375,18.5
-81.875,9.5
84.375,-75.5
-20.625,-71.5
-104.375,71.5
169.375,-61.5
154.375,-82.5
51.875,77.5
100.625,-28.5
84.375,-19.5
155.625,23.5
131.875,-80.5
-155.625,-53.5
-129.375,-61.5
109.375,-53.5
29.375,-61.5
-59.375,-64.5
-16.875,24.5
-111.875,89.5
108.125,-10.5
63.125,-18.5
81.875,-33.5
-169.375,8.5
-84.375,1.5
-170.625,-71.5
19.375,55.5
-11.875,9.5
159.375,-29.5
-166.875,1.5
118.125,-25.5
73.125,20.5
108.125,67.5
53.125,56.5
44.375,16.5
24.375,-20.5
79.375,-81.5
98.125,2.5
25.625,-87.5
105.625,-76.5
-166.875,-34.5
-11.875,11.5
-86.875,-28.5
-26.875,-33.5
111.875,7.5
-140.625,9.5
-13.125,-46.5
18.125,-31.5
173.125,-10.5
-80.625,-29.5
170.625,19.5
175.625,17.5
19.375,52.5
120.625,-38.5
165.625,-38.5
16.875,64.5
130.625,-16.5
14.375,73.5
-153.125,-45.5
-141.875,-3.5
13.125,-52.5
-104.375,-45.5
90.625,-80.5
53.125,23.5
-143.125,-51.5
-34.375,-35.5
104.375,49.5
161.875,-12.5
119.375,-55.5
-176.875,-40.5
-36.875,-5.5
-175.625,30.5
-105.625,-16.5
-43.125,51.5
-43.125,18.5
-136.875,-42.5
175.625,18.5
-109.375,-89.5
86.875,84.5
-14.375,23.5
-174.375,-26.5
169.375,67.5
-19.375,28.5
-93.125,-49.5
150.625,-81.5
-83.125,-21.5
-171.875,5.5
58.125,-71.5
-154.375,-72.5
164.375,66.5
59.375,48.5
-169.375,76.5
-56.875,0.5
94.375,77.5
41.875,36.5
105.625,87.5
-63.125,26.5
13.125,43.5
80.625,-67.5
-10.625,39.5
-31.875,11.5
81.875,-0.5
4.375,-53.5
-8.125,-65.5
-21.875,-53.5
130.625,-6.5
138.125,-75.5
-25.625,-40.5
-179.375,-71.5
-24.375,60.5
86.875,0.5
-28.125,-54.5
-63.125,88.5
-89.375,47.5
134.375,-13.5
-140.625,70.5
89.375,-62.5
-108.125,-89.5
-130.625,64.5
-170.625,-57.5
-26.875,89.5
153.125,12.5
-5.625,-13.5
-145.625,-10.5
-118.125,-76.5
-91.875,53.5
-6.875,-13.5
-80.625,-60.5
158.125,83.5
-36.875,-61.5
-103.125,76.5
145.625,21.5
105.625,33.5
-104.375,69.5
25.625,-29.5
-98.125,68.5
146.875,-0.5
40.625,68.5
-80.625,-52.5
140.625,4.5
-168.125,-64.5
91.875,-82.5
4.375,12.5
4.375,-11.5
50.625,21.5
158.125,-44.5
60.625,-37.5
28.125,-66.5
-136.875,-77.5
145.625,-16.5
-170.625,46.5
78.125,-32.5
-39.375,-33.5
-145.625,-18.5
15.625,-79.5
65.625,12.5
-10.625,-86.5
109.375,78.5
-99.375,42.5
163.125,10.5
-146.875,21.5
-46.875,1.5
-8.125,33.5
85.625,28.5
4.375,-4.5
38.125,43.5
15.625,50.5
-96.875,-67.5
63.125,3.5
160.625,-50.5
-116.875,-72.5
41.875,79.5
99.375,-45.5
-133.125,-29.5
123.125,15.5
96.875,88.5
79.375,-12.5
165.625,3.5
89.375,-28.5
33.125,72.5
26.875,20.5
-154.375,-28.5
-6.875,-71.5
-41.875,-70.5
-148.125,56.5
-26.875,-69.5
58.125,-67.5
-155.625,-23.5
58.125,-17.5
-8.125,40.5
-35.625,45.5
151.875,-39.5
-99.375,-32.5
-64.375,4.5
166.875,40.5
115.625,-44.5
-130.625,-58.5
66.875,14.5
156.875,21.5
159.375,38.5
1.875,-1.5
159.375,-12.5
130.625,-2.5
30.625,-78.5
-133.125,6.5
-155.625,-12.5
-119.375,-39.5
-68.125,15.5
54.375,-45.5
-84.375,-58.5
135.625,23.5
8.125,-84.5
-18.125,-0.5
-144.375,25.5
124.375,-79.5
-86.875,-79.5
-94.375,-30.5
146.875,52.5
-96.875,82.5
138.125,81.5
-85.625,-17.5
-171.875,-56.5
131.875,-34.5
153.125,89.5
-160.625,-67.5
-0.625,86.5
-141.875,-39.5
-131.875,57.5
153.125,-25.5
170.625,47.5
-168.125,-23.5
-91.875,74.5
21.875,-55.5
158.125,40.5
-64.375,58.5
136.875,-15.5
174.375,-86.5
-28.125,-80.5
-39.375,17.5
-16.875,-84.5
118.125,30.5
-120.625,-53.5
150.625,51.5
129.375,1.5
68.125,-6.5
126.875,-14.5
-28.125,-11.5
-28.125,46.5
118.125,-49.5
-76.875,19.5
-1.875,-67.5
-83.125,-8.5
165.625,-0.5
126.875,1.5
29.375,-43.5
-153.125,-84.5
93.125,24.5
-56.875,45.5
139.375,24.5
-134.375,15.5
55.625,12.5
139.375,-13.5
134.375,-32.5
28.125,-56.5
115.625,-45.5
-23.125,-9.5
101.875,37.5
53.125,74.5
-31.875,50.5
96.875,12.5
155.625,79.5
23.125,10.5
-103.125,17.5
121.875,-38.5
-113.125,38.5
33.125,-46.5
-178.125,45.5
-78.125,49.5
155.625,-69.5
121.875,23.5
-31.875,-12.5
126.875,44.5
-9.375,22.5
-95.625,1.5
150.625,-52.5
75.625,-35.5
161.875,-59.5
-39.375,-86.5
-15.625,-21.5
-116.875,-23.5
-65.625,-11.5
-49.375,-81.5
-179.375,75.5
-10.625,-26.5
3.125,-30.5
-139.375,-42.5
46.875,21.5
-138.125,-1.5
93.125,-21.5
-39.375,53.5
-175.625,37.5
120.625,65.5
-115.625,46.5
-155.625,62.5
144.375,71.5
-81.875,38.5
-116.875,43.5
165.625,17.5
15.625,10.5
-6.875,-53.5
78.125,-19.5
-139.375,-61.5
103.125,15.5
90.625,-86.5
-68.125,-85.5
119.375,-82.5
28.125,-7.5
11.875,-75.5
90.625,-40.5
145.625,15.5
-174.375,-86.5
168.125,-75.5
121.875,28.5
29.375,-13.5
-71.875,-27.5
-76.875,18.5
-14.375,-88.5
-28.125,57.5
-108.125,12.5
-15.625,36.5
118.125,46.5
-15.625,74.5
-114.375,43.5
-120.625,-58.5
135.625,-81.5
-18.125,-83.5
160.625,-61.5
38.125,61.5
-125.625,-67.5
115.625,18.5
-25.625,50.5
-74.375,88.5
135.625,-53.5
-3.125,-16.5
-114.375,-8.5
100.625,-74.5
73.125,44.5
-116.875,24.5
99.375,50.5
65.625,77.5
170.625,49.5
-170.625,-45.5
-90.625,-80.5
130.625,-48.5
-85.625,32.5
104.375,72.5
94.375,-30.5
99.375,-79.5
156.875,-16.5
29.375,41.5
-175.625,-82.5
-9.375,-62.5
-168.125,72.5
-89.375,43.5
11.875,-76.5
-93.125,1.5
-166.875,32.5
170.625,88.5
179.375,87.5
-26.875,-14.5
40.625,88.5
40.625,-50.5
-136.875,33.5
-149.375,60.5
-158.125,69.5
-70.625,-23.5
49.375,-30.5
-173.125,-4.5
119.375,-28.5
-128.125,-76.5
-90.625,-76.5
11.875,-28.5
-75.625,-69.5
81.875,11.5
73.125,4.5
76.875,44.5
-120.625,-15.5
-75.625,-86.5
-11.875,-18.5
145.625,32.5
14.375,-83.5
178.125,-81.5
40.625,13.5
105.625,4.5
-155.625,-55.5
179.375,-89.5
14.375,-55.5
-3.125,77.5
-45.625,43.5
128.125,8.5
16.875,-1.5
-133.125,84.5
29.375,-48.5
94.375,-72.5
-29.375,15.5
25.625,43.5
141.875,58.5
54.375,13.5
-81.875,-83.5
-48.125,73.5
-46.875,72.5
-81.875,-20.5
36.875,-24.5
88.125,13.5
-109.375,82.5
50.625,-6.5
63.125,-3.5
133.125,-71.5
56.875,-29.5
169.375,-12.5
-136.875,-68.5
169.375,4.5
155.625,-74.5
-53.125,-84.5
34.375,2.5
-86.875,34.5
-136.875,80.5
-160.625,-13.5
93.125,31.5
105.625,-47.5
-108.125,-1.5
1.875,-55.5
-48.125,-49.5
120.625,-69.5
-173.125,65.5
-8.125,88.5
174.375,4.5
-18.125,51.5
44.375,-63.5
-31.875,-47.5
178.125,-16.5
-56.875,20.5
94.375,-40.5
-0.625,-27.5
-123.125,51.5
166.875,-20.5
-150.625,73.5
168.125,60.5
-29.375,-50.5
-89.375,8.5
159.375,3.5
35.625,82.5
-159.375,-31.5
-103.125,-24.5
-139.375,-69.5
-71.875,-84.5
-85.625,3.5
156.875,0.5
-118.125,59.5
175.625,-1.5
-105.625,60.5
58.125,89.5
-109.375,46.5
-145.625,-54.5
-50.625,72.5
141.875,-16.5
16.875,-69.5
-98.125,52.5
-15.625,-6.5
144.375,75.5
-149.375,87.5
79.375,32.5
115.625,45.5
104.375,-82.5
-123.125,28.5
-23.125,-18.5
-163.125,-42.5
-140.625,-67.5
120.625,-9.5
171.875,-55.5
135.625,-6.5
176.875,46.5
-161.875,57.5
124.375,-80.5
-49.375,-44.5
-83.125,50.5
33.125,22.5
-131.875,-20.5
-110.625,77.5
-174.375,-5.5
48.125,25.5
168.125,62.5
-86.875,-62.5
179.375,-88.5
0.625,53.5
109.375,-9.5
-160.625,23.5
49.375,78.5
35.625,25.5
101.875,-11.5
-160.625,-37.5
-80.625,36.5
-135.625,-79.5
91.875,83.5
21.875,24.5
-71.875,-42.5
78.125,-63.5
-56.875,-6.5
11.875,82.5
-128.125,4.5
121.875,65.5
16.875,87.5
155.625,-40.5
163.125,41.5
133.125,-42.5
28.125,-57.5
-153.125,51.5
-86.875,32.5
113.125,17.5
153.125,4.5
-101.875,-25.5
149.375,2.5
111.875,-53.5
-168.125,9.5
3.125,58.5
-130.625,-21.5
-129.375,-12.5
155.625,-81.5
-130.625,-2.5
-124.375,-35.5
-123.125,-52.5
1.875,-21.5
-175.625,8.5
-103.125,60.5
-41.875,88.5
1.875,-72.5
-83.125,-82.5
-70.625,48.5
166.875,-75.5
98.125,7.5
129.375,60.5
119.375,-2.5
90.625,-39.5
1.875,-87.5
178.125,-86.5
140.625,-18.5
-5.625,-72.5
-33.125,-71.5
175.625,65.5
-15.625,35.5
18.125,-56.5
64.375,55.5
108.125,-83.5
135.625,49.5
-105.625,-26.5
79.375,-2.5
158.125,20.5
43.125,-61.5
-155.625,78.5
90.625,55.5
151.875,-89.5
-75.625,-62.5
144.375,57.5
-125.625,-24.5
106.875,-51.5
73.125,10.5
-118.125,-62.5
-56.875,52.5
-35.625,-32.5
-94.375,7.5
95.625,-31.5
-93.125,-12.5
-8.125,4.5
36.875,-15.5
113.125,40.5
121.875,-32.5
25.625,-19.5
46.875,-47.5
-65.625,63.5
169.375,-6.5
-134.375,-26.5
-34.375,46.5
-40.625,42.5
179.375,-62.5
158.125,-82.5
-94.375,49.5
-103.125,-21.5
-178.125,11.5
-65.625,50.5
115.625,28.5
-151.875,-30.5
94.375,3.5
166.875,42.5
66.875,-36.5
-43.125,-89.5
-80.625,-87.5
178.125,23.5
85.625,81.5
94.375,-43.5
-88.125,23.5
0.625,-82.5
-139.375,-12.5
26.875,-53.5
80.625,13.5
-113.125,83.5
80.625,28.5
15.625,-55.5
94.375,-2.5
-119.375,51.5
-98.125,-51.5
3.125,-6.5
129.375,-33.5
-109.375,29.5
-49.375,-22.5
-146.875,-41.5
13.125,8.5
-23.125,-61.5
-128.125,49.5
58.125,49.5
-5.625,-67.5
-18.125,32.5
168.125,-85.5
1.875,69.5
-86.875,-38.5
6.875,12.5
135.625,-60.5
75.625,-81.5
120.625,88.5
-39.375,50.5
-64.375,-74.5
-3.125,0.5
-141.875,11.5
-55.625,-77.5
-94.375,-78.5
159.375,-78.5
-105.625,-75.5
21.875,-15.5
89.375,25.5
-58.125,-14.5
104.375,61.5
-170.625,38.5
-174.375,-6.5
85.625,8.5
-55.625,2.5
-90.625,-60.5
-93.125,56.5
121.875,83.5
-34.375,-56.5
-120.625,47.5
26.875,42.5
173.125,10.5
98.125,68.5
40.625,46.5
-3.125,57.5
-160.625,63.5
-175.625,-73.5
-155.625,-0.5
178.125,84.5
151.875,74.5
-99.375,-44.5
-98.125,17.5
133.125,-11.5
119.375,-36.5
123.125,66.5
-171.875,83.5
-151.875,-27.5
45.625,16.5
171.875,-86.5
134.375,-58.5
-55.625,-30.5
-129.375,-74.5
151.875,-4.5
151.875,-21.5
109.375,-55.5
-26.875,-80.5
-143.125,87.5
-138.125,65.5
41.875,40.5
70.625,2.5
153.125,-74.5
56.875,47.5
76.875,78.5
171.875,-29.5
111.875,-29.5
-173.125,-73.5
116.875,-10.5
111.875,-74.5
-100.625,39.5
38.125,-53.5
-68.125,-56.5
-11.875,39.5
111.875,-24.5
41.875,50.5
20.625,48.5
-24.375,9.5
176.875,-55.5
-1.875,49.5
-144.375,28.5
134.375,39.5
-73.125,32.5
1.875,-27.5
-5.625,64.5
-128.125,60.5
15.625,21.5
-151.875,3.5
178.125,4.5
111.875,-57.5
-96.875,-78.5
73.125,29.5
-13.125,-84.5
-39.375,67.5
-173.125,-56.5
39.375,28.5
-20.625,7.5
96.875,-7.5
100.625,2.5
96.875,-24.5
69.375,23.5
-144.375,-12.5
-138.125,35.5
-96.875,69.5
-95.625,82.5
0.625,-71.5
-136.875,-6.5
23.125,-29.5
5.625,-58.5
-168.125,32.5
125.625,-80.5
141.875,80.5
115.625,-40.5
-28.125,-3.5
-21.875,19.5
-74.375,-59.5
133.125,3.5
144.375,-57.5
136.875,-70.5
-69.375,4.5
88.125,-78.5
24.375,-13.5
90.625,-48.5
-49.375,-49.5
-49.375,50.5
-126.875,63.5
-99.375,-73.5
-111.875,57.5
61.875,89.5
-63.125,-34.5
-86.875,-47.5
-176.875,-16.5
51.875,70.5
14.375,-6.5
-25.625,-49.5
-95.625,-49.5
50.625,-72.5
-64.375,-58.5
-104.375,70.5
-85.625,-46.5
-146.875,-75.5
-150.625,62.5
135.625,-88.5
-174.375,15.5
-173.125,-7.5
-13.125,67.5
138.125,-50.5
-123.125,-27.5
-9.375,2.5
85.625,-0.5
-164.375,9.5
-60.625,52.5
-150.625,-58.5
-79.375,28.5
138.125,2.5
-73.125,-61.5
134.375,67.5
30.625,-9.5
-28.125,-32.5
95.625,87.5
135.625,83.5
