-1.194561000000000064e+02 4.872090000000000032e+01 2.100000000000000089e+00 1.199263706339999914e+09 2.200000000000000178e+00 0.000000000000000000e+00 1.048213000000000000e+06
-1.172015999999999991e+02 4.126319999999999766e+01 0.000000000000000000e+00 1.199749207930000067e+09 3.200000000000000178e+00 0.000000000000000000e+00 3.153428000000000000e+06
-1.197128000000000014e+02 3.883850000000000335e+01 3.899999999999999911e+00 1.200138698140000105e+09 2.799999999999999822e+00 0.000000000000000000e+00 3.153897000000000000e+06
-1.197510000000000048e+02 3.719700000000000273e+01 1.930000000000000071e+01 1.200139185829999924e+09 2.600000000000000089e+00 0.000000000000000000e+00 4.207810000000000000e+05
-1.139163999999999959e+02 3.501550000000000296e+01 7.500000000000000000e+00 1.200607212980000019e+09 2.899999999999999911e+00 0.000000000000000000e+00 1.048906000000000000e+06
-1.106239000000000061e+02 4.173460000000000036e+01 0.000000000000000000e+00 1.201029895009999990e+09 2.500000000000000000e+00 0.000000000000000000e+00 3.154913000000000000e+06
-1.171770999999999958e+02 4.129719999999999658e+01 0.000000000000000000e+00 1.201044267710000038e+09 2.600000000000000089e+00 0.000000000000000000e+00 3.154926000000000000e+06
-1.171697999999999951e+02 4.125500000000000256e+01 0.000000000000000000e+00 1.201130403980000019e+09 2.600000000000000089e+00 0.000000000000000000e+00 3.155023000000000000e+06
-1.057952999999999975e+02 3.845980000000000132e+01 2.299999999999999822e+00 1.201319343589999914e+09 3.100000000000000089e+00 0.000000000000000000e+00 1.049403000000000000e+06
-1.199659999999999940e+02 3.930899999999999750e+01 1.259999999999999964e+01 1.201558714500000000e+09 3.000000000000000000e+00 0.000000000000000000e+00 4.223180000000000000e+05
-1.171500999999999948e+02 4.125619999999999976e+01 0.000000000000000000e+00 1.201562631619999886e+09 2.500000000000000000e+00 0.000000000000000000e+00 3.155485000000000000e+06
-1.203479999999999990e+02 4.757880000000000109e+01 1.409999999999999964e+01 1.202889367920000076e+09 2.799999999999999822e+00 0.000000000000000000e+00 1.050401000000000000e+06
-1.149330000000000069e+02 4.117450000000000188e+01 8.900000000000000355e+00 1.203627412349999905e+09 2.600000000000000089e+00 0.000000000000000000e+00 1.051117000000000000e+06
-1.180340000000000060e+02 3.659000000000000341e+01 4.700000000000000178e+00 1.203628786819999933e+09 2.799999999999999822e+00 0.000000000000000000e+00 1.522957000000000000e+06
-1.149304000000000059e+02 4.115559999999999974e+01 4.599999999999999645e+00 1.203629750130000114e+09 2.899999999999999911e+00 0.000000000000000000e+00 1.051129000000000000e+06
-1.054699999999999989e+02 3.927499999999999858e+01 2.000000000000000000e+00 1.204068952569999933e+09 2.899999999999999911e+00 0.000000000000000000e+00 1.523686000000000000e+06
-1.145781999999999954e+02 4.710960000000000036e+01 1.000000000000000000e+01 1.204371361700000048e+09 2.799999999999999822e+00 0.000000000000000000e+00 1.336397000000000000e+06
-1.199795000000000016e+02 3.952279999999999660e+01 1.000000000000000000e+01 1.204970820240000010e+09 3.399999999999999911e+00 0.000000000000000000e+00 3.902540000000000000e+06
-1.202819999999999965e+02 3.958899999999999864e+01 1.409999999999999964e+01 1.205430974519999981e+09 2.899999999999999911e+00 0.000000000000000000e+00 5.795180000000000000e+05
-1.202789999999999964e+02 3.958899999999999864e+01 9.800000000000000711e+00 1.205430982650000095e+09 3.100000000000000089e+00 0.000000000000000000e+00 5.795200000000000000e+05
-1.169226000000000028e+02 3.550050000000000239e+01 1.600000000000000000e+01 1.206115540910000086e+09 2.899999999999999911e+00 0.000000000000000000e+00 1.054243000000000000e+06
-1.242104999999999961e+02 4.769369999999999976e+01 4.120000000000000284e+01 1.206153422759999990e+09 2.200000000000000178e+00 0.000000000000000000e+00 1.336516000000000000e+06
-1.127395999999999958e+02 3.519270000000000209e+01 1.700000000000000000e+01 1.206155210720000029e+09 2.500000000000000000e+00 0.000000000000000000e+00 1.054290000000000000e+06
-1.127244000000000028e+02 3.518939999999999912e+01 1.450000000000000000e+01 1.206155562099999905e+09 2.500000000000000000e+00 0.000000000000000000e+00 1.054293000000000000e+06
-1.199320000000000022e+02 3.952499999999999858e+01 1.899999999999999911e+00 1.206386174299999952e+09 3.100000000000000089e+00 0.000000000000000000e+00 5.806710000000000000e+05
-1.199350000000000023e+02 3.953199999999999648e+01 1.699999999999999956e+00 1.206459666039999962e+09 2.600000000000000089e+00 0.000000000000000000e+00 5.807820000000000000e+05
-1.199360000000000070e+02 3.953199999999999648e+01 1.699999999999999956e+00 1.206589334349999905e+09 3.200000000000000178e+00 0.000000000000000000e+00 5.809320000000000000e+05
-1.123100000000000023e+02 4.860000000000000142e+01 3.000000000000000000e+00 1.206798813000000000e+09 2.500000000000000000e+00 0.000000000000000000e+00 5.811700000000000000e+05
-1.123238999999999947e+02 4.858160000000000167e+01 1.319999999999999929e+01 1.206801145609999895e+09 2.600000000000000089e+00 0.000000000000000000e+00 1.054733000000000000e+06
