-1.149873900000000049e+02 4.120673000000000030e+01 0.000000000000000000e+00 1.203648703000000000e+09 2.254351900000000075e+00 0.000000000000000000e+00 4.616227000000000000e+06
-1.149883099999999985e+02 4.129142600000000130e+01 0.000000000000000000e+00 1.203649889000000000e+09 -9.990000000000000000e+02 0.000000000000000000e+00 4.616245000000000000e+06
-1.148249299999999948e+02 4.105226300000000350e+01 0.000000000000000000e+00 1.203652079000000000e+09 -9.990000000000000000e+02 0.000000000000000000e+00 4.619985000000000000e+06
-1.149215899999999948e+02 4.119920799999999872e+01 0.000000000000000000e+00 1.203656842000000000e+09 3.188265900000000208e+00 0.000000000000000000e+00 4.616539000000000000e+06
-1.149236499999999950e+02 4.112774399999999986e+01 0.000000000000000000e+00 1.203657221000000000e+09 -9.990000000000000000e+02 0.000000000000000000e+00 4.615883000000000000e+06
-1.149005999999999972e+02 4.110321499999999872e+01 0.000000000000000000e+00 1.203658581000000000e+09 2.497532699999999828e+00 0.000000000000000000e+00 4.615976000000000000e+06
-1.148728700000000060e+02 4.114232599999999707e+01 0.000000000000000000e+00 1.203659267000000000e+09 2.407336799999999943e+00 0.000000000000000000e+00 4.615997000000000000e+06
-1.149019700000000057e+02 4.115081800000000101e+01 0.000000000000000000e+00 1.203662976000000000e+09 2.678969100000000214e+00 0.000000000000000000e+00 4.616335000000000000e+06
-1.149296199999999999e+02 4.115119899999999831e+01 0.000000000000000000e+00 1.203665615000000000e+09 2.954207999999999945e+00 0.000000000000000000e+00 4.616394000000000000e+06
-1.149321000000000055e+02 4.115532100000000071e+01 0.000000000000000000e+00 1.203666055000000000e+09 2.057158799999999843e+00 0.000000000000000000e+00 4.616409000000000000e+06
-1.148792499999999990e+02 4.085176200000000080e+01 0.000000000000000000e+00 1.203668114000000000e+09 -9.990000000000000000e+02 0.000000000000000000e+00 4.616668000000000000e+06
-1.149111699999999985e+02 4.117129800000000017e+01 0.000000000000000000e+00 1.203668242000000000e+09 2.534966400000000064e+00 0.000000000000000000e+00 4.616064000000000000e+06
-1.149490200000000044e+02 4.122362100000000140e+01 0.000000000000000000e+00 1.203671480000000000e+09 -9.990000000000000000e+02 0.000000000000000000e+00 4.619986000000000000e+06
-1.149673099999999977e+02 4.122439399999999665e+01 0.000000000000000000e+00 1.203671772000000000e+09 -9.990000000000000000e+02 0.000000000000000000e+00 4.620018000000000000e+06
-1.150647900000000021e+02 4.121616000000000213e+01 0.000000000000000000e+00 1.203674694000000000e+09 -9.990000000000000000e+02 0.000000000000000000e+00 4.620061000000000000e+06
-1.152504799999999960e+02 4.123750499999999874e+01 0.000000000000000000e+00 1.203675783000000000e+09 -9.990000000000000000e+02 0.000000000000000000e+00 4.618187000000000000e+06
-1.150439999999999969e+02 4.125493099999999913e+01 0.000000000000000000e+00 1.203676030000000000e+09 3.006815299999999969e+00 0.000000000000000000e+00 4.620090000000000000e+06
-1.149134999999999991e+02 4.115966300000000189e+01 0.000000000000000000e+00 1.203676241000000000e+09 2.332487599999999883e+00 0.000000000000000000e+00 4.620099000000000000e+06
-1.148876700000000000e+02 4.116066899999999862e+01 0.000000000000000000e+00 1.203677275000000000e+09 2.337056299999999975e+00 0.000000000000000000e+00 4.620129000000000000e+06
-1.148834499999999963e+02 4.110505899999999713e+01 0.000000000000000000e+00 1.203678079000000000e+09 -9.990000000000000000e+02 0.000000000000000000e+00 4.619427000000000000e+06
-1.149219300000000032e+02 4.118182300000000140e+01 0.000000000000000000e+00 1.203678330000000000e+09 3.108088299999999915e+00 0.000000000000000000e+00 4.619429000000000000e+06
-1.149120900000000063e+02 4.117195699999999903e+01 0.000000000000000000e+00 1.203678570000000000e+09 2.796083599999999780e+00 0.000000000000000000e+00 4.619433000000000000e+06
-1.148629600000000011e+02 4.114911099999999777e+01 0.000000000000000000e+00 1.203679045000000000e+09 3.093457100000000182e+00 0.000000000000000000e+00 4.616333000000000000e+06
-1.149477899999999977e+02 4.119293199999999899e+01 0.000000000000000000e+00 1.203681776000000000e+09 2.798051300000000019e+00 0.000000000000000000e+00 4.619475000000000000e+06
-1.149236999999999966e+02 4.115201400000000120e+01 0.000000000000000000e+00 1.203694222000000000e+09 2.887256199999999939e+00 0.000000000000000000e+00 4.616446000000000000e+06
-1.149618200000000030e+02 4.115916299999999950e+01 0.000000000000000000e+00 1.203700220000000000e+09 2.747640099999999919e+00 0.000000000000000000e+00 4.619698000000000000e+06
-1.150633899999999983e+02 4.124242900000000134e+01 0.000000000000000000e+00 1.203701504000000000e+09 2.695159400000000094e+00 0.000000000000000000e+00 4.616528000000000000e+06
-1.147402199999999937e+02 4.103509600000000290e+01 0.000000000000000000e+00 1.203703473000000000e+09 -9.990000000000000000e+02 0.000000000000000000e+00 4.619729000000000000e+06
-1.146930700000000058e+02 4.096367000000000047e+01 0.000000000000000000e+00 1.203703564000000000e+09 -9.990000000000000000e+02 0.000000000000000000e+00 4.619786000000000000e+06
-1.148311199999999985e+02 4.107328300000000354e+01 0.000000000000000000e+00 1.203705019000000000e+09 3.107835999999999821e+00 0.000000000000000000e+00 4.619758000000000000e+06
-1.149730799999999959e+02 4.121792500000000103e+01 0.000000000000000000e+00 1.203705968000000000e+09 -9.990000000000000000e+02 0.000000000000000000e+00 4.619752000000000000e+06
-1.149860099999999932e+02 4.124491700000000094e+01 0.000000000000000000e+00 1.203707613000000000e+09 -9.990000000000000000e+02 0.000000000000000000e+00 4.619454000000000000e+06
-1.149514700000000005e+02 4.120782400000000223e+01 0.000000000000000000e+00 1.203708149000000000e+09 3.508510999999999935e+00 0.000000000000000000e+00 4.619467000000000000e+06
-1.148359099999999984e+02 4.110083399999999898e+01 0.000000000000000000e+00 1.203715258000000000e+09 -9.990000000000000000e+02 0.000000000000000000e+00 4.619748000000000000e+06
-1.148490900000000039e+02 4.117341700000000060e+01 0.000000000000000000e+00 1.203715984000000000e+09 2.768994699999999920e+00 0.000000000000000000e+00 4.619749000000000000e+06
-1.054088600000000042e+02 4.359398999999999802e+01 0.000000000000000000e+00 1.203718019000000000e+09 -9.990000000000000000e+02 0.000000000000000000e+00 4.619753000000000000e+06
-1.149623899999999992e+02 4.116486299999999687e+01 0.000000000000000000e+00 1.203722643000000000e+09 3.286486200000000135e+00 0.000000000000000000e+00 4.619823000000000000e+06
-1.148933300000000060e+02 4.113385499999999695e+01 0.000000000000000000e+00 1.203722865000000000e+09 4.163147500000000001e+00 0.000000000000000000e+00 4.619801000000000000e+06
-1.150405800000000056e+02 4.127054100000000147e+01 0.000000000000000000e+00 1.203729452000000000e+09 -9.990000000000000000e+02 0.000000000000000000e+00 4.624278000000000000e+06
-1.149002700000000061e+02 4.111576900000000023e+01 0.000000000000000000e+00 1.203729903000000000e+09 -9.990000000000000000e+02 0.000000000000000000e+00 4.624294000000000000e+06
-1.148595399999999955e+02 4.118581199999999853e+01 0.000000000000000000e+00 1.203743093000000000e+09 2.420541000000000054e+00 0.000000000000000000e+00 4.624792000000000000e+06
-1.145520900000000069e+02 4.085948499999999939e+01 0.000000000000000000e+00 1.203748158000000000e+09 2.627772499999999845e+00 0.000000000000000000e+00 4.624875000000000000e+06
-1.144295099999999934e+02 4.086061500000000279e+01 0.000000000000000000e+00 1.203748167000000000e+09 2.542952099999999938e+00 0.000000000000000000e+00 4.624874000000000000e+06
-1.150147500000000065e+02 4.124108300000000327e+01 0.000000000000000000e+00 1.203748437000000000e+09 2.437396899999999977e+00 0.000000000000000000e+00 4.625011000000000000e+06
-1.148374299999999977e+02 4.110947800000000285e+01 0.000000000000000000e+00 1.203748572000000000e+09 2.440446699999999858e+00 0.000000000000000000e+00 4.625000000000000000e+06
-1.144789700000000039e+02 4.106646899999999789e+01 0.000000000000000000e+00 1.203752587000000000e+09 -9.990000000000000000e+02 0.000000000000000000e+00 4.618644000000000000e+06
-1.146915999999999940e+02 4.092951200000000256e+01 0.000000000000000000e+00 1.203752918000000000e+09 -9.990000000000000000e+02 0.000000000000000000e+00 4.618491000000000000e+06
-1.149765400000000000e+02 4.117386499999999927e+01 0.000000000000000000e+00 1.203753982000000000e+09 2.586359499999999922e+00 0.000000000000000000e+00 4.625086000000000000e+06
-1.150194299999999998e+02 4.123269400000000218e+01 0.000000000000000000e+00 1.203755936000000000e+09 2.709032000000000107e+00 0.000000000000000000e+00 4.617676000000000000e+06
-1.148800300000000050e+02 4.119095000000000084e+01 0.000000000000000000e+00 1.203783024000000000e+09 -9.990000000000000000e+02 0.000000000000000000e+00 4.618023000000000000e+06
-1.148285500000000070e+02 4.126328099999999921e+01 0.000000000000000000e+00 1.203807399000000000e+09 2.668902399999999897e+00 0.000000000000000000e+00 4.625092000000000000e+06
-1.146358800000000002e+02 4.099100800000000078e+01 0.000000000000000000e+00 1.203809954000000000e+09 -9.990000000000000000e+02 0.000000000000000000e+00 4.619169000000000000e+06
-1.150000000000000000e+02 4.117432500000000317e+01 0.000000000000000000e+00 1.203828378000000000e+09 -9.990000000000000000e+02 0.000000000000000000e+00 4.618316000000000000e+06
-1.226399300000000068e+02 3.885041100000000114e+01 0.000000000000000000e+00 1.203831132000000000e+09 3.822042600000000068e+00 0.000000000000000000e+00 4.619353000000000000e+06
-1.148504700000000014e+02 4.115138600000000224e+01 0.000000000000000000e+00 1.203831780000000000e+09 -9.990000000000000000e+02 0.000000000000000000e+00 4.618330000000000000e+06
-1.146605899999999991e+02 4.113327900000000170e+01 0.000000000000000000e+00 1.203899119000000000e+09 -9.990000000000000000e+02 0.000000000000000000e+00 4.628672000000000000e+06
-1.148311199999999985e+02 4.115363200000000177e+01 0.000000000000000000e+00 1.203903746000000000e+09 -9.990000000000000000e+02 0.000000000000000000e+00 4.619325000000000000e+06
-1.145004799999999960e+02 4.083340100000000206e+01 0.000000000000000000e+00 1.203908343000000000e+09 -9.990000000000000000e+02 0.000000000000000000e+00 4.619385000000000000e+06
-1.149719800000000021e+02 4.133719700000000330e+01 0.000000000000000000e+00 1.203912885000000000e+09 -9.990000000000000000e+02 0.000000000000000000e+00 4.628707000000000000e+06
-1.150307099999999991e+02 4.116159700000000043e+01 0.000000000000000000e+00 1.203918715000000000e+09 2.522055200000000053e+00 0.000000000000000000e+00 4.619428000000000000e+06
-1.146768600000000049e+02 4.089115900000000181e+01 0.000000000000000000e+00 1.203966098000000000e+09 3.280799200000000138e+00 0.000000000000000000e+00 4.628970000000000000e+06
-1.151214300000000037e+02 4.120341499999999968e+01 0.000000000000000000e+00 1.203972562000000000e+09 2.388475500000000196e+00 0.000000000000000000e+00 4.619701000000000000e+06
-1.147967600000000061e+02 4.113353099999999785e+01 0.000000000000000000e+00 1.203998511000000000e+09 -9.990000000000000000e+02 0.000000000000000000e+00 4.624136000000000000e+06
-1.147892800000000051e+02 4.127657599999999860e+01 0.000000000000000000e+00 1.204004370000000000e+09 -9.990000000000000000e+02 0.000000000000000000e+00 4.624675000000000000e+06
-1.148894399999999933e+02 4.120855600000000152e+01 0.000000000000000000e+00 1.204026794000000000e+09 3.030776499999999984e+00 0.000000000000000000e+00 4.625013000000000000e+06
-1.149527400000000057e+02 4.123131899999999916e+01 0.000000000000000000e+00 1.204029312000000000e+09 2.483527000000000040e+00 0.000000000000000000e+00 4.628613000000000000e+06
-1.145399699999999967e+02 4.073159400000000119e+01 0.000000000000000000e+00 1.204088083000000000e+09 -9.990000000000000000e+02 0.000000000000000000e+00 4.626648000000000000e+06
-1.147279599999999959e+02 4.112446800000000025e+01 0.000000000000000000e+00 1.204099178000000000e+09 3.540129700000000046e+00 0.000000000000000000e+00 4.626647000000000000e+06
-1.149737599999999986e+02 4.123003700000000293e+01 0.000000000000000000e+00 1.204101713000000000e+09 2.369234800000000085e+00 0.000000000000000000e+00 4.631622000000000000e+06
-1.146983900000000034e+02 4.109000600000000247e+01 0.000000000000000000e+00 1.204119155000000000e+09 -9.990000000000000000e+02 0.000000000000000000e+00 4.626811000000000000e+06
-1.149498700000000042e+02 4.124100099999999713e+01 0.000000000000000000e+00 1.204123847000000000e+09 2.284804100000000116e+00 0.000000000000000000e+00 4.631635000000000000e+06
-1.149480700000000013e+02 4.111519599999999741e+01 0.000000000000000000e+00 1.204142792000000000e+09 2.820825600000000044e+00 0.000000000000000000e+00 4.631472000000000000e+06
-1.147199300000000051e+02 4.119715399999999761e+01 0.000000000000000000e+00 1.204145244000000000e+09 -9.990000000000000000e+02 0.000000000000000000e+00 4.626897000000000000e+06
-1.149751700000000056e+02 4.127834599999999909e+01 0.000000000000000000e+00 1.204159463000000000e+09 2.610206999999999944e+00 0.000000000000000000e+00 4.624413000000000000e+06
-1.150157899999999955e+02 4.123470300000000321e+01 0.000000000000000000e+00 1.204202204000000000e+09 2.611391799999999819e+00 0.000000000000000000e+00 4.631847000000000000e+06
-1.149152600000000035e+02 4.118440900000000227e+01 0.000000000000000000e+00 1.204207336000000000e+09 -9.990000000000000000e+02 0.000000000000000000e+00 4.631863000000000000e+06
-1.148700199999999967e+02 4.112914899999999818e+01 0.000000000000000000e+00 1.204211437000000000e+09 3.683783200000000146e+00 0.000000000000000000e+00 4.627119000000000000e+06
-1.149974600000000038e+02 4.120328599999999852e+01 0.000000000000000000e+00 1.204214211000000000e+09 -9.990000000000000000e+02 0.000000000000000000e+00 4.628728000000000000e+06
-1.064312699999999978e+02 4.467452099999999859e+01 0.000000000000000000e+00 1.204218335000000000e+09 -9.990000000000000000e+02 0.000000000000000000e+00 4.628682000000000000e+06
-1.147923799999999943e+02 4.114054399999999845e+01 7.251614299999999957e+00 1.204269553000000000e+09 2.626541200000000131e+00 0.000000000000000000e+00 4.628176000000000000e+06
-1.149000800000000027e+02 4.110814700000000244e+01 0.000000000000000000e+00 1.204274988000000000e+09 3.084683500000000134e+00 0.000000000000000000e+00 4.630431000000000000e+06
-1.056298699999999968e+02 4.388258900000000295e+01 0.000000000000000000e+00 1.204328355000000000e+09 -9.990000000000000000e+02 0.000000000000000000e+00 4.631511000000000000e+06
-1.144816900000000004e+02 4.082567800000000346e+01 0.000000000000000000e+00 1.204379825000000000e+09 2.798383999999999983e+00 0.000000000000000000e+00 4.630221000000000000e+06
-1.149243100000000055e+02 4.122553099999999660e+01 0.000000000000000000e+00 1.204380344000000000e+09 -9.990000000000000000e+02 0.000000000000000000e+00 4.628664000000000000e+06
-1.147427899999999994e+02 4.116090700000000169e+01 0.000000000000000000e+00 1.204445484000000000e+09 -9.990000000000000000e+02 0.000000000000000000e+00 4.630199000000000000e+06
-1.146512199999999950e+02 4.098863599999999963e+01 0.000000000000000000e+00 1.204463923000000000e+09 -9.990000000000000000e+02 0.000000000000000000e+00 4.638048000000000000e+06
-1.147273200000000060e+02 4.104907299999999992e+01 0.000000000000000000e+00 1.204488268000000000e+09 -9.990000000000000000e+02 0.000000000000000000e+00 4.631591000000000000e+06
-1.146639799999999951e+02 4.099900699999999887e+01 0.000000000000000000e+00 1.204559934000000000e+09 -9.990000000000000000e+02 0.000000000000000000e+00 4.638243000000000000e+06
-1.056103300000000047e+02 4.388884800000000297e+01 0.000000000000000000e+00 1.204571100000000000e+09 3.713103600000000171e+00 0.000000000000000000e+00 4.637988000000000000e+06
-1.149816200000000066e+02 4.126680900000000207e+01 0.000000000000000000e+00 1.204584004000000000e+09 2.767790499999999820e+00 0.000000000000000000e+00 4.635006000000000000e+06
-1.149745699999999999e+02 4.125065800000000138e+01 0.000000000000000000e+00 1.204584303000000000e+09 3.217557900000000082e+00 0.000000000000000000e+00 4.635387000000000000e+06
-1.147433699999999988e+02 4.098736399999999946e+01 1.174185600000000029e+01 1.204644076000000000e+09 -9.990000000000000000e+02 0.000000000000000000e+00 4.639107000000000000e+06
-1.148906700000000001e+02 4.118696700000000277e+01 0.000000000000000000e+00 1.204666730000000000e+09 -9.990000000000000000e+02 0.000000000000000000e+00 4.636527000000000000e+06
-1.147684500000000014e+02 4.106825299999999856e+01 0.000000000000000000e+00 1.204755356000000000e+09 -9.990000000000000000e+02 0.000000000000000000e+00 4.636729000000000000e+06
-1.148832100000000054e+02 4.119418600000000197e+01 0.000000000000000000e+00 1.204769155000000000e+09 -9.990000000000000000e+02 0.000000000000000000e+00 4.637589000000000000e+06
-1.053895700000000062e+02 4.361768699999999654e+01 1.369120900000000063e+01 1.204837505000000000e+09 3.809742700000000148e+00 0.000000000000000000e+00 4.637907000000000000e+06
