1.264139367716501106e+01
1.594017440379752593e+01
4.812894419061652052e+00
3.393564330608838109e+00
1.592303331742509709e+00
3.145454803596889892e-01
2.519564100296730835e+00
1.437178879419502842e+00
3.840763347070711653e+00
1.417547950607709062e+01
9.583624251834410579e-01
2.405846236394002968e+00
3.300744839072127235e+00
1.250823447997964522e+00
5.032756265290110775e+00
4.669284820745751574e+00
3.692045103733176070e+00
6.888529985277781265e+00
2.304866932540603131e+01
7.051694239519353147e+00
9.699461359632319812e+00
8.900658071301766228e+00
3.400315800115691012e+00
1.541576262183725987e+01
9.359909332347648103e+00
5.116793801264093666e+00
1.716760498500898624e+00
4.269417775026381889e+01
1.867940700169891692e-03
1.820610445157724655e+01
7.122832572460132461e+00
1.276752136322027731e+01
1.497484783062835412e+01
6.247077151552155705e+00
2.059381515929171158e+01
1.044735743196722844e+01
3.252727665279291358e+01
2.169568113992828273e+01
1.802414622411573131e+00
8.657289194684471667e+00
1.262382542016809062e+01
7.858319122788744338e+00
8.295442556274991830e+00
2.730894960823036399e+00
8.264755645635535330e+00
1.197596976771209576e+01
1.793912996840638874e+00
2.460212552928879859e+00
6.722649629070133415e+01
7.562273207604893521e+00
2.000539839578978629e+00
3.429334218939677470e+01
2.805776703559249086e+01
3.385133939656530089e+01
1.409155713187580083e+01
1.081894604979033403e+01
2.441794076420648452e+01
1.180653572007406504e+00
2.561303768401168313e+01
