-1.149329000000000036e+02 4.109890000000000043e+01 4.639999999999999680e+00 1.203646902561000109e+09 2.520000000000000018e+00 0.000000000000000000e+00 2.347230000000000000e+05
-1.148953999999999951e+02 4.109909999999999997e+01 7.330000000000000071e+00 1.203647205371000051e+09 2.319999999999999840e+00 0.000000000000000000e+00 2.862380000000000000e+05
-1.148958999999999975e+02 4.113259999999999650e+01 1.184999999999999964e+01 1.203647774963999987e+09 2.669999999999999929e+00 0.000000000000000000e+00 2.347290000000000000e+05
-1.149406000000000034e+02 4.121099999999999852e+01 1.185999999999999943e+01 1.203648382634999990e+09 2.330000000000000071e+00 0.000000000000000000e+00 2.347340000000000000e+05
-1.149472999999999985e+02 4.110580000000000211e+01 9.880000000000000782e+00 1.203648704289999962e+09 3.169999999999999929e+00 0.000000000000000000e+00 2.347360000000000000e+05
-1.149047999999999945e+02 4.111339999999999861e+01 3.310000000000000053e+00 1.203649059286000013e+09 2.120000000000000107e+00 0.000000000000000000e+00 2.347400000000000000e+05
-1.148498000000000019e+02 4.118769999999999953e+01 1.200999999999999979e+01 1.203649890516000032e+09 2.700000000000000178e+00 0.000000000000000000e+00 2.347460000000000000e+05
-1.148935000000000031e+02 4.112230000000000274e+01 8.939999999999999503e+00 1.203650048440000057e+09 2.339999999999999858e+00 0.000000000000000000e+00 2.347470000000000000e+05
-1.148815000000000026e+02 4.110459999999999781e+01 5.080000000000000071e+00 1.203650603882999897e+09 2.020000000000000018e+00 0.000000000000000000e+00 2.347490000000000000e+05
-1.148769999999999953e+02 4.111919999999999931e+01 5.179999999999999716e+00 1.203650804999000072e+09 2.129999999999999893e+00 0.000000000000000000e+00 2.347500000000000000e+05
-1.148962999999999965e+02 4.115659999999999741e+01 7.540000000000000036e+00 1.203651200224999905e+09 2.339999999999999858e+00 0.000000000000000000e+00 2.347540000000000000e+05
-1.149194999999999993e+02 4.116510000000000247e+01 7.750000000000000000e+00 1.203652077388000011e+09 2.700000000000000178e+00 0.000000000000000000e+00 2.347610000000000000e+05
-1.149698000000000064e+02 4.118730000000000047e+01 1.123000000000000043e+01 1.203652533309999943e+09 2.189999999999999947e+00 0.000000000000000000e+00 2.347640000000000000e+05
-1.149063000000000017e+02 4.109850000000000136e+01 1.141999999999999993e+01 1.203652605890000105e+09 2.810000000000000053e+00 0.000000000000000000e+00 2.347660000000000000e+05
-1.148910999999999945e+02 4.116819999999999879e+01 7.719999999999999751e+00 1.203653796062999964e+09 2.169999999999999929e+00 0.000000000000000000e+00 2.347730000000000000e+05
-1.148856999999999999e+02 4.109009999999999962e+01 8.210000000000000853e+00 1.203653947177000046e+09 2.649999999999999911e+00 0.000000000000000000e+00 2.347740000000000000e+05
-1.149000999999999948e+02 4.115800000000000125e+01 8.890000000000000568e+00 1.203655655515000105e+09 2.589999999999999858e+00 0.000000000000000000e+00 2.347800000000000000e+05
-1.149317000000000064e+02 4.116629999999999967e+01 9.490000000000000213e+00 1.203656842740999937e+09 3.560000000000000053e+00 0.000000000000000000e+00 2.347840000000000000e+05
-1.149690999999999974e+02 4.112890000000000157e+01 3.029999999999999805e+00 1.203657221671999931e+09 2.390000000000000124e+00 0.000000000000000000e+00 2.347860000000000000e+05
-1.149519999999999982e+02 4.112339999999999662e+01 6.769999999999999574e+00 1.203658100857000113e+09 2.589999999999999858e+00 0.000000000000000000e+00 2.347930000000000000e+05
-1.149497999999999962e+02 4.112389999999999901e+01 6.940000000000000391e+00 1.203658581341000080e+09 2.819999999999999840e+00 0.000000000000000000e+00 2.347970000000000000e+05
-1.149287999999999954e+02 4.115540000000000020e+01 1.030000000000000071e+01 1.203659266312999964e+09 2.979999999999999982e+00 0.000000000000000000e+00 2.880260000000000000e+05
-1.149064999999999941e+02 4.112689999999999912e+01 1.323000000000000043e+01 1.203659668315000057e+09 2.040000000000000036e+00 0.000000000000000000e+00 2.348030000000000000e+05
-1.148940000000000055e+02 4.112610000000000099e+01 4.129999999999999893e+00 1.203659702115999937e+09 2.439999999999999947e+00 0.000000000000000000e+00 2.866780000000000000e+05
-1.148778999999999968e+02 4.109250000000000114e+01 4.679999999999999716e+00 1.203659728647000074e+09 2.200000000000000178e+00 0.000000000000000000e+00 2.866790000000000000e+05
-1.149262999999999977e+02 4.112049999999999983e+01 1.378999999999999915e+01 1.203659861838000059e+09 2.279999999999999805e+00 0.000000000000000000e+00 2.348040000000000000e+05
-1.149013000000000062e+02 4.116929999999999978e+01 5.570000000000000284e+00 1.203660204148000002e+09 2.350000000000000089e+00 0.000000000000000000e+00 2.348070000000000000e+05
-1.149288999999999987e+02 4.116170000000000329e+01 9.199999999999999289e+00 1.203661771523999929e+09 2.029999999999999805e+00 0.000000000000000000e+00 2.348110000000000000e+05
-1.149333000000000027e+02 4.114139999999999731e+01 1.394999999999999929e+01 1.203662975930999994e+09 3.160000000000000142e+00 0.000000000000000000e+00 2.348150000000000000e+05
-1.149194999999999993e+02 4.113100000000000023e+01 1.216999999999999993e+01 1.203664648688999891e+09 2.419999999999999929e+00 0.000000000000000000e+00 2.348210000000000000e+05
-1.148759000000000015e+02 4.111699999999999733e+01 6.879999999999999893e+00 1.203664731967999935e+09 2.270000000000000018e+00 0.000000000000000000e+00 2.348220000000000000e+05
-1.148498000000000019e+02 4.111500000000000199e+01 4.179999999999999716e+00 1.203664941499000072e+09 2.580000000000000071e+00 0.000000000000000000e+00 2.348230000000000000e+05
-1.149544000000000068e+02 4.115809999999999746e+01 5.419999999999999929e+00 1.203665614953999996e+09 3.529999999999999805e+00 0.000000000000000000e+00 2.348280000000000000e+05
-1.148873999999999995e+02 4.113900000000000290e+01 1.000999999999999979e+01 1.203665931881999969e+09 2.009999999999999787e+00 0.000000000000000000e+00 2.348300000000000000e+05
-1.148999000000000024e+02 4.117000000000000171e+01 1.338000000000000078e+01 1.203665936026999950e+09 2.200000000000000178e+00 0.000000000000000000e+00 2.881330000000000000e+05
-1.149236999999999966e+02 4.114189999999999969e+01 4.379999999999999893e+00 1.203666054986000061e+09 2.419999999999999929e+00 0.000000000000000000e+00 2.348310000000000000e+05
-1.148297000000000025e+02 4.123360000000000269e+01 9.939999999999999503e+00 1.203666526496999979e+09 2.279999999999999805e+00 0.000000000000000000e+00 2.348340000000000000e+05
-1.149325999999999937e+02 4.111979999999999791e+01 1.283000000000000007e+01 1.203667153996999979e+09 2.839999999999999858e+00 0.000000000000000000e+00 2.348370000000000000e+05
-1.149312000000000040e+02 4.111129999999999995e+01 1.251999999999999957e+01 1.203667603190000057e+09 2.470000000000000195e+00 0.000000000000000000e+00 2.348380000000000000e+05
-1.148812000000000069e+02 4.113589999999999947e+01 2.009999999999999787e+00 1.203667905848000050e+09 2.490000000000000213e+00 0.000000000000000000e+00 2.348390000000000000e+05
-1.148421000000000021e+02 4.114110000000000156e+01 1.209999999999999964e+01 1.203668108246999979e+09 2.229999999999999982e+00 0.000000000000000000e+00 2.348400000000000000e+05
-1.149218999999999937e+02 4.114979999999999905e+01 1.251999999999999957e+01 1.203668242709000111e+09 2.930000000000000160e+00 0.000000000000000000e+00 2.348410000000000000e+05
-1.148605000000000018e+02 4.112169999999999703e+01 9.339999999999999858e+00 1.203671210092000008e+09 2.140000000000000124e+00 0.000000000000000000e+00 2.348500000000000000e+05
-1.149115000000000038e+02 4.112669999999999959e+01 1.178999999999999915e+01 1.203671481433000088e+09 2.609999999999999876e+00 0.000000000000000000e+00 2.348510000000000000e+05
-1.148436999999999983e+02 4.114909999999999712e+01 1.176999999999999957e+01 1.203671609206000090e+09 2.060000000000000053e+00 0.000000000000000000e+00 2.348520000000000000e+05
-1.149326999999999970e+02 4.114909999999999712e+01 1.138000000000000078e+01 1.203671773789999962e+09 2.609999999999999876e+00 0.000000000000000000e+00 2.348530000000000000e+05
-1.149153000000000020e+02 4.113000000000000256e+01 1.375000000000000000e+01 1.203671825894000053e+09 2.850000000000000089e+00 0.000000000000000000e+00 2.868170000000000000e+05
-1.149027999999999992e+02 4.113739999999999952e+01 1.194999999999999929e+01 1.203672112380000114e+09 2.060000000000000053e+00 0.000000000000000000e+00 2.348550000000000000e+05
-1.149013999999999953e+02 4.113110000000000355e+01 4.400000000000000355e+00 1.203674085917000055e+09 2.149999999999999911e+00 0.000000000000000000e+00 2.868270000000000000e+05
-1.149034000000000049e+02 4.110210000000000008e+01 6.980000000000000426e+00 1.203674695977999926e+09 2.629999999999999893e+00 0.000000000000000000e+00 2.348650000000000000e+05
-1.148530999999999977e+02 4.115120000000000289e+01 8.650000000000000355e+00 1.203675008474999905e+09 2.020000000000000018e+00 0.000000000000000000e+00 2.348670000000000000e+05
-1.148862000000000023e+02 4.118139999999999645e+01 2.759999999999999787e+00 1.203675782325999975e+09 2.250000000000000000e+00 0.000000000000000000e+00 2.348710000000000000e+05
-1.149291999999999945e+02 4.115529999999999688e+01 1.361999999999999922e+01 1.203676013799999952e+09 2.970000000000000195e+00 0.000000000000000000e+00 2.868410000000000000e+05
-1.149038000000000039e+02 4.116550000000000153e+01 6.330000000000000071e+00 1.203676031216000080e+09 3.470000000000000195e+00 0.000000000000000000e+00 2.868450000000000000e+05
-1.149223000000000070e+02 4.114840000000000231e+01 1.202999999999999936e+01 1.203676240798000097e+09 3.160000000000000142e+00 0.000000000000000000e+00 2.348730000000000000e+05
-1.253250000000000028e+02 4.060399999999999920e+01 1.580000000000000071e+01 1.203676673490000010e+09 3.200000000000000178e+00 0.000000000000000000e+00 1.523091000000000000e+06
-1.149381999999999948e+02 4.115740000000000265e+01 1.415000000000000036e+01 1.203677275325999975e+09 2.990000000000000213e+00 0.000000000000000000e+00 2.348780000000000000e+05
-1.148076999999999970e+02 4.114070000000000249e+01 3.839999999999999858e+00 1.203677339992000103e+09 2.279999999999999805e+00 0.000000000000000000e+00 2.348790000000000000e+05
-1.149133999999999958e+02 4.111789999999999878e+01 4.610000000000000320e+00 1.203677452003000021e+09 2.100000000000000089e+00 0.000000000000000000e+00 2.348800000000000000e+05
-1.149228999999999985e+02 4.111399999999999721e+01 1.215000000000000036e+01 1.203677729516999960e+09 2.180000000000000160e+00 0.000000000000000000e+00 2.868690000000000000e+05
-1.149295999999999935e+02 4.118090000000000117e+01 8.099999999999999645e+00 1.203678329862999916e+09 3.640000000000000124e+00 0.000000000000000000e+00 2.348830000000000000e+05
-1.149308999999999941e+02 4.117490000000000094e+01 1.056000000000000050e+01 1.203678570483999968e+09 3.399999999999999911e+00 0.000000000000000000e+00 2.348840000000000000e+05
-1.149215999999999980e+02 4.116629999999999967e+01 1.121000000000000085e+01 1.203679044642999887e+09 3.500000000000000000e+00 0.000000000000000000e+00 2.348860000000000000e+05
-1.149121999999999986e+02 4.115820000000000078e+01 1.346000000000000085e+01 1.203680007747999907e+09 2.310000000000000053e+00 0.000000000000000000e+00 2.348910000000000000e+05
-1.149468999999999994e+02 4.115079999999999671e+01 1.421000000000000085e+01 1.203680687177999973e+09 2.069999999999999840e+00 0.000000000000000000e+00 2.871330000000000000e+05
-1.148949000000000069e+02 4.110990000000000322e+01 4.330000000000000071e+00 1.203680703440000057e+09 2.830000000000000071e+00 0.000000000000000000e+00 2.348930000000000000e+05
-1.148931999999999931e+02 4.110660000000000025e+01 8.369999999999999218e+00 1.203680808438999891e+09 2.669999999999999929e+00 0.000000000000000000e+00 2.871340000000000000e+05
-1.149515999999999991e+02 4.115469999999999828e+01 1.410999999999999943e+01 1.203681776536000013e+09 3.000000000000000000e+00 0.000000000000000000e+00 2.348980000000000000e+05
-1.148963999999999999e+02 4.121800000000000352e+01 1.294999999999999929e+01 1.203683679443000078e+09 2.310000000000000053e+00 0.000000000000000000e+00 2.349010000000000000e+05
-1.148734000000000037e+02 4.111630000000000251e+01 1.494999999999999929e+01 1.203685261677000046e+09 2.120000000000000107e+00 0.000000000000000000e+00 2.349040000000000000e+05
-1.149257999999999953e+02 4.107909999999999684e+01 6.349999999999999645e+00 1.203685796986000061e+09 2.290000000000000036e+00 0.000000000000000000e+00 2.349050000000000000e+05
-1.148911999999999978e+02 4.109470000000000312e+01 4.509999999999999787e+00 1.203685924025000095e+09 2.430000000000000160e+00 0.000000000000000000e+00 2.349060000000000000e+05
-1.148858000000000033e+02 4.118209999999999837e+01 3.500000000000000000e+00 1.203686759135999918e+09 2.029999999999999805e+00 0.000000000000000000e+00 2.349090000000000000e+05
-1.149227000000000061e+02 4.119409999999999883e+01 4.589999999999999858e+00 1.203687073875000000e+09 2.629999999999999893e+00 0.000000000000000000e+00 2.349110000000000000e+05
-1.149082999999999970e+02 4.115129999999999910e+01 6.219999999999999751e+00 1.203688128630000114e+09 2.189999999999999947e+00 0.000000000000000000e+00 2.349130000000000000e+05
-1.149301999999999992e+02 4.112830000000000297e+01 1.358000000000000007e+01 1.203688403897000074e+09 2.250000000000000000e+00 0.000000000000000000e+00 2.349140000000000000e+05
-1.217530000000000001e+02 3.740999999999999659e+01 9.500000000000000000e+00 1.203688991529999971e+09 2.899999999999999911e+00 0.000000000000000000e+00 1.523119000000000000e+06
-1.149158999999999935e+02 4.116689999999999827e+01 5.980000000000000426e+00 1.203690482094000101e+09 2.270000000000000018e+00 0.000000000000000000e+00 2.349230000000000000e+05
-1.148200999999999965e+02 4.114540000000000219e+01 1.000000000000000056e-01 1.203691202700999975e+09 2.600000000000000089e+00 0.000000000000000000e+00 2.872050000000000000e+05
-1.148640999999999934e+02 4.113739999999999952e+01 5.120000000000000107e+00 1.203691572492000103e+09 2.220000000000000195e+00 0.000000000000000000e+00 2.349280000000000000e+05
-1.149193000000000069e+02 4.116859999999999786e+01 8.789999999999999147e+00 1.203692305140000105e+09 2.080000000000000071e+00 0.000000000000000000e+00 2.349310000000000000e+05
-1.149224999999999994e+02 4.111840000000000117e+01 1.469999999999999929e+01 1.203694222755000114e+09 3.709999999999999964e+00 0.000000000000000000e+00 2.349340000000000000e+05
-1.149206999999999965e+02 4.117249999999999943e+01 1.610000000000000098e+00 1.203694890592000008e+09 2.049999999999999822e+00 0.000000000000000000e+00 2.349360000000000000e+05
-1.149051999999999936e+02 4.111310000000000286e+01 5.200000000000000178e-01 1.203698652164999962e+09 2.020000000000000018e+00 0.000000000000000000e+00 2.349480000000000000e+05
-1.148653000000000048e+02 4.113179999999999836e+01 2.600000000000000089e+00 1.203698887592000008e+09 2.250000000000000000e+00 0.000000000000000000e+00 2.349490000000000000e+05
-1.219462999999999937e+02 4.692379999999999995e+01 8.400000000000000355e+00 1.203700015619999886e+09 1.399999999999999911e+00 0.000000000000000000e+00 6.575220000000000000e+05
-1.149241999999999990e+02 4.112960000000000349e+01 9.380000000000000782e+00 1.203700220142999887e+09 3.500000000000000000e+00 0.000000000000000000e+00 2.349550000000000000e+05
-1.148705999999999960e+02 4.109870000000000090e+01 7.669999999999999929e+00 1.203701505329999924e+09 3.479999999999999982e+00 0.000000000000000000e+00 2.349570000000000000e+05
-1.148996999999999957e+02 4.115650000000000119e+01 5.169999999999999929e+00 1.203703472641000032e+09 2.290000000000000036e+00 0.000000000000000000e+00 2.349580000000000000e+05
-1.149317999999999955e+02 4.114699999999999847e+01 1.297000000000000064e+01 1.203703563743000031e+09 2.660000000000000142e+00 0.000000000000000000e+00 2.349590000000000000e+05
-1.149099999999999966e+02 4.111399999999999721e+01 9.130000000000000782e+00 1.203705019282000065e+09 3.560000000000000053e+00 0.000000000000000000e+00 2.349640000000000000e+05
-1.149099999999999966e+02 4.109400000000000119e+01 1.365000000000000036e+01 1.203705454108000040e+09 2.299999999999999822e+00 0.000000000000000000e+00 2.349650000000000000e+05
-1.147663000000000011e+02 4.118079999999999785e+01 1.358999999999999986e+01 1.203705604030999899e+09 2.120000000000000107e+00 0.000000000000000000e+00 2.349660000000000000e+05
-1.149295999999999935e+02 4.122800000000000153e+01 3.499999999999999778e-01 1.203705967145999908e+09 2.680000000000000160e+00 0.000000000000000000e+00 2.349670000000000000e+05
-1.148586999999999989e+02 4.111950000000000216e+01 1.679999999999999938e+00 1.203706534901000023e+09 2.490000000000000213e+00 0.000000000000000000e+00 2.349700000000000000e+05
-1.149177999999999997e+02 4.114670000000000272e+01 1.380000000000000071e+01 1.203707614826999903e+09 2.470000000000000195e+00 0.000000000000000000e+00 2.872860000000000000e+05
-1.148879000000000019e+02 4.112219999999999942e+01 5.269999999999999574e+00 1.203708150344000101e+09 3.750000000000000000e+00 0.000000000000000000e+00 2.349760000000000000e+05
-1.148589000000000055e+02 4.106349999999999767e+01 3.049999999999999822e+00 1.203709213911000013e+09 2.129999999999999893e+00 0.000000000000000000e+00 2.349790000000000000e+05
-1.149121999999999986e+02 4.117219999999999658e+01 2.750000000000000000e+00 1.203711410842999935e+09 2.149999999999999911e+00 0.000000000000000000e+00 2.872880000000000000e+05
-1.149509999999999934e+02 4.115979999999999706e+01 1.929999999999999938e+00 1.203712026890000105e+09 2.140000000000000124e+00 0.000000000000000000e+00 2.349880000000000000e+05
-1.148832000000000022e+02 4.123089999999999833e+01 1.021000000000000085e+01 1.203713026999000072e+09 2.049999999999999822e+00 0.000000000000000000e+00 2.349900000000000000e+05
-1.149087999999999994e+02 4.113839999999999719e+01 1.209999999999999964e+01 1.203715258227999926e+09 3.020000000000000018e+00 0.000000000000000000e+00 2.350000000000000000e+05
-1.148931000000000040e+02 4.117660000000000053e+01 1.466999999999999993e+01 1.203715984052000046e+09 3.129999999999999893e+00 0.000000000000000000e+00 2.350060000000000000e+05
-1.148549000000000007e+02 4.114939999999999998e+01 1.875000000000000000e+01 1.203716398155999899e+09 2.209999999999999964e+00 0.000000000000000000e+00 2.350130000000000000e+05
-1.120961000000000070e+02 4.461399999999999721e+01 0.000000000000000000e+00 1.203717445230000019e+09 3.100000000000000089e+00 0.000000000000000000e+00 1.051716000000000000e+06
-1.149197000000000060e+02 4.115240000000000009e+01 1.500000000000000000e+01 1.203717965904999971e+09 2.089999999999999858e+00 0.000000000000000000e+00 2.873890000000000000e+05
-1.149301999999999992e+02 4.113859999999999673e+01 5.519999999999999574e+00 1.203717995555000067e+09 2.020000000000000018e+00 0.000000000000000000e+00 2.902660000000000000e+05
-1.052824999999999989e+02 4.369819999999999993e+01 0.000000000000000000e+00 1.203718020619999886e+09 3.700000000000000178e+00 0.000000000000000000e+00 3.375431000000000000e+06
-1.150108000000000033e+02 4.118679999999999808e+01 7.429999999999999716e+00 1.203718404907999992e+09 2.439999999999999947e+00 0.000000000000000000e+00 2.350300000000000000e+05
-1.148768000000000029e+02 4.118509999999999849e+01 1.216999999999999993e+01 1.203719263015000105e+09 2.490000000000000213e+00 0.000000000000000000e+00 2.350340000000000000e+05
-1.148611999999999966e+02 4.117099999999999937e+01 3.379999999999999893e+00 1.203719672694999933e+09 2.890000000000000124e+00 0.000000000000000000e+00 2.350370000000000000e+05
-1.148669000000000011e+02 4.120700000000000074e+01 1.363000000000000078e+01 1.203720136188999891e+09 2.180000000000000160e+00 0.000000000000000000e+00 2.350400000000000000e+05
-1.148905000000000030e+02 4.116389999999999816e+01 2.129999999999999893e+00 1.203720919289999962e+09 2.129999999999999893e+00 0.000000000000000000e+00 2.350430000000000000e+05
-1.149732999999999947e+02 4.112199999999999989e+01 7.429999999999999716e+00 1.203722141214999914e+09 2.229999999999999982e+00 0.000000000000000000e+00 2.876210000000000000e+05
-1.149042000000000030e+02 4.111269999999999669e+01 8.390000000000000568e+00 1.203722643926000118e+09 3.819999999999999840e+00 0.000000000000000000e+00 2.350510000000000000e+05
-1.149214999999999947e+02 4.112789999999999679e+01 1.102999999999999936e+01 1.203722865132999897e+09 4.769999999999999574e+00 0.000000000000000000e+00 2.350530000000000000e+05
-1.148045999999999935e+02 4.117499999999999716e+01 7.099999999999999645e-01 1.203724630040999889e+09 2.339999999999999858e+00 0.000000000000000000e+00 2.350630000000000000e+05
-1.148914999999999935e+02 4.114529999999999887e+01 1.100999999999999979e+01 1.203726721414000034e+09 2.009999999999999787e+00 0.000000000000000000e+00 2.350730000000000000e+05
-1.149134999999999991e+02 4.112049999999999983e+01 1.208999999999999986e+01 1.203726845819000006e+09 2.180000000000000160e+00 0.000000000000000000e+00 2.350740000000000000e+05
-1.148979000000000070e+02 4.115650000000000119e+01 3.169999999999999929e+00 1.203728979930999994e+09 2.140000000000000124e+00 0.000000000000000000e+00 2.866590000000000000e+05
-1.149418000000000006e+02 4.110470000000000113e+01 1.424000000000000021e+01 1.203729455210000038e+09 2.120000000000000107e+00 0.000000000000000000e+00 2.350880000000000000e+05
-1.149428000000000054e+02 4.114379999999999882e+01 5.100000000000000089e-01 1.203729902674000025e+09 2.689999999999999947e+00 0.000000000000000000e+00 2.866630000000000000e+05
-1.148217999999999961e+02 4.117029999999999745e+01 1.074000000000000021e+01 1.203731547318000078e+09 2.419999999999999929e+00 0.000000000000000000e+00 2.350990000000000000e+05
-1.148546000000000049e+02 4.113040000000000163e+01 4.769999999999999574e+00 1.203732492367000103e+09 2.069999999999999840e+00 0.000000000000000000e+00 2.351040000000000000e+05
-1.148376999999999981e+02 4.126619999999999777e+01 6.450000000000000178e+00 1.203735298144000053e+09 2.669999999999999929e+00 0.000000000000000000e+00 2.351110000000000000e+05
-1.148610999999999933e+02 4.120280000000000342e+01 4.290000000000000036e+00 1.203738260957999945e+09 2.560000000000000053e+00 0.000000000000000000e+00 2.351170000000000000e+05
-1.148594999999999970e+02 4.115169999999999817e+01 2.859999999999999876e+00 1.203740156022000074e+09 2.129999999999999893e+00 0.000000000000000000e+00 2.872700000000000000e+05
-1.148713999999999942e+02 4.108299999999999841e+01 6.019999999999999574e+00 1.203740171585999966e+09 2.229999999999999982e+00 0.000000000000000000e+00 2.351190000000000000e+05
-1.148743000000000052e+02 4.113629999999999853e+01 1.140000000000000036e+01 1.203742497423000097e+09 2.129999999999999893e+00 0.000000000000000000e+00 2.351230000000000000e+05
-1.120815000000000055e+02 4.463689999999999714e+01 1.019999999999999929e+01 1.203742869660000086e+09 2.500000000000000000e+00 0.000000000000000000e+00 3.720581000000000000e+06
-1.148704000000000036e+02 4.114869999999999806e+01 1.003999999999999915e+01 1.203742929290999889e+09 2.029999999999999805e+00 0.000000000000000000e+00 2.351250000000000000e+05
-1.149044999999999987e+02 4.117150000000000176e+01 5.639999999999999680e+00 1.203743093322000027e+09 2.779999999999999805e+00 0.000000000000000000e+00 2.351260000000000000e+05
-1.120900000000000034e+02 4.460999999999999943e+01 9.800000000000000711e+00 1.203743631000000000e+09 3.000000000000000000e+00 0.000000000000000000e+00 1.051820000000000000e+06
-1.148849000000000018e+02 4.113620000000000232e+01 1.064000000000000057e+01 1.203744948769999981e+09 2.089999999999999858e+00 0.000000000000000000e+00 2.351300000000000000e+05
-1.149608999999999952e+02 4.112049999999999983e+01 7.919999999999999929e+00 1.203747589677999973e+09 2.089999999999999858e+00 0.000000000000000000e+00 2.351330000000000000e+05
-1.149398000000000053e+02 4.108539999999999992e+01 3.979999999999999982e+00 1.203747804411999941e+09 2.169999999999999929e+00 0.000000000000000000e+00 2.351340000000000000e+05
-1.149421999999999997e+02 4.108809999999999718e+01 4.339999999999999858e+00 1.203748156345999956e+09 3.060000000000000053e+00 0.000000000000000000e+00 2.871790000000000000e+05
-1.149498999999999995e+02 4.107039999999999935e+01 1.103999999999999915e+01 1.203748161904999971e+09 2.970000000000000195e+00 0.000000000000000000e+00 2.867310000000000000e+05
-1.149264000000000010e+02 4.117020000000000124e+01 1.370000000000000107e+00 1.203748438592999935e+09 2.979999999999999982e+00 0.000000000000000000e+00 2.351360000000000000e+05
-1.149108999999999980e+02 4.116559999999999775e+01 2.919999999999999929e+00 1.203748571757999897e+09 2.890000000000000124e+00 0.000000000000000000e+00 2.351370000000000000e+05
-1.149539999999999935e+02 4.114880000000000138e+01 3.310000000000000053e+00 1.203748645559000015e+09 2.779999999999999805e+00 0.000000000000000000e+00 2.351380000000000000e+05
-1.149073000000000064e+02 4.112369999999999948e+01 5.320000000000000284e+00 1.203750361826999903e+09 2.540000000000000036e+00 0.000000000000000000e+00 2.351430000000000000e+05
-1.148958999999999975e+02 4.111030000000000229e+01 4.030000000000000249e+00 1.203750885778000116e+09 2.250000000000000000e+00 0.000000000000000000e+00 2.351460000000000000e+05
-1.149274000000000058e+02 4.112460000000000093e+01 1.208000000000000007e+01 1.203751001342999935e+09 2.100000000000000089e+00 0.000000000000000000e+00 2.351470000000000000e+05
-1.148829000000000065e+02 4.108990000000000009e+01 1.061999999999999922e+01 1.203751071184999943e+09 2.120000000000000107e+00 0.000000000000000000e+00 2.351480000000000000e+05
-1.149595000000000056e+02 4.112440000000000140e+01 7.429999999999999716e+00 1.203751252479000092e+09 2.080000000000000071e+00 0.000000000000000000e+00 2.351490000000000000e+05
-1.149180999999999955e+02 4.113709999999999667e+01 4.769999999999999574e+00 1.203752592592000008e+09 2.220000000000000195e+00 0.000000000000000000e+00 2.351510000000000000e+05
-1.149324000000000012e+02 4.115079999999999671e+01 4.620000000000000107e+00 1.203752703046999931e+09 2.160000000000000142e+00 0.000000000000000000e+00 2.351520000000000000e+05
-1.149207999999999998e+02 4.117459999999999809e+01 3.819999999999999840e+00 1.203752916865999937e+09 2.709999999999999964e+00 0.000000000000000000e+00 2.351540000000000000e+05
-1.148956000000000017e+02 4.111560000000000059e+01 8.660000000000000142e+00 1.203753982372999907e+09 3.000000000000000000e+00 0.000000000000000000e+00 2.351560000000000000e+05
-1.149111000000000047e+02 4.113219999999999743e+01 5.299999999999999822e+00 1.203755027663000107e+09 2.270000000000000018e+00 0.000000000000000000e+00 2.351580000000000000e+05
-1.149325999999999937e+02 4.118059999999999832e+01 2.500000000000000000e+00 1.203755936592000008e+09 2.959999999999999964e+00 0.000000000000000000e+00 2.351620000000000000e+05
-1.149167999999999950e+02 4.113580000000000325e+01 1.072000000000000064e+01 1.203757038957999945e+09 2.299999999999999822e+00 0.000000000000000000e+00 2.351670000000000000e+05
-1.148361000000000018e+02 4.116649999999999920e+01 1.365000000000000036e+01 1.203757302151999950e+09 2.080000000000000071e+00 0.000000000000000000e+00 2.351690000000000000e+05
-1.149027999999999992e+02 4.109859999999999758e+01 3.910000000000000142e+00 1.203760191765000105e+09 2.290000000000000036e+00 0.000000000000000000e+00 2.351780000000000000e+05
-1.148867999999999938e+02 4.110040000000000049e+01 6.599999999999999645e+00 1.203761818953000069e+09 2.209999999999999964e+00 0.000000000000000000e+00 2.351800000000000000e+05
-1.149210999999999956e+02 4.112460000000000093e+01 5.250000000000000000e+00 1.203762750122999907e+09 2.040000000000000036e+00 0.000000000000000000e+00 2.351830000000000000e+05
-1.148928999999999974e+02 4.117349999999999710e+01 4.330000000000000071e+00 1.203764276499000072e+09 2.729999999999999982e+00 0.000000000000000000e+00 2.351840000000000000e+05
-1.149307000000000016e+02 4.115959999999999752e+01 9.130000000000000782e+00 1.203768288066999912e+09 2.370000000000000107e+00 0.000000000000000000e+00 2.351950000000000000e+05
-1.148494000000000028e+02 4.121399999999999864e+01 6.160000000000000142e+00 1.203771079377000093e+09 2.450000000000000178e+00 0.000000000000000000e+00 2.352010000000000000e+05
-1.148888000000000034e+02 4.110940000000000083e+01 7.099999999999999645e+00 1.203772148506999969e+09 2.120000000000000107e+00 0.000000000000000000e+00 2.352040000000000000e+05
-1.149073999999999955e+02 4.114909999999999712e+01 2.729999999999999982e+00 1.203778333072999954e+09 2.180000000000000160e+00 0.000000000000000000e+00 2.352130000000000000e+05
-1.147107000000000028e+02 4.120069999999999766e+01 1.632999999999999829e+01 1.203779136203999996e+09 2.290000000000000036e+00 0.000000000000000000e+00 2.352140000000000000e+05
-1.149287999999999954e+02 4.111440000000000339e+01 1.493999999999999950e+01 1.203781213098000050e+09 2.080000000000000071e+00 0.000000000000000000e+00 2.352190000000000000e+05
-1.148705999999999960e+02 4.118919999999999959e+01 3.189999999999999947e+00 1.203783023812000036e+09 2.589999999999999858e+00 0.000000000000000000e+00 2.352220000000000000e+05
-1.149622999999999990e+02 4.115639999999999787e+01 5.200000000000000178e+00 1.203786707344000101e+09 2.419999999999999929e+00 0.000000000000000000e+00 2.868320000000000000e+05
-1.149196000000000026e+02 4.112669999999999959e+01 8.699999999999999956e-01 1.203792733095000029e+09 2.140000000000000124e+00 0.000000000000000000e+00 2.352450000000000000e+05
-1.149217000000000013e+02 4.115359999999999729e+01 4.040000000000000036e+00 1.203793235443000078e+09 2.100000000000000089e+00 0.000000000000000000e+00 2.352460000000000000e+05
-1.149086999999999961e+02 4.115529999999999688e+01 5.950000000000000178e+00 1.203798228321000099e+09 2.589999999999999858e+00 0.000000000000000000e+00 2.352610000000000000e+05
-1.149312000000000040e+02 4.115169999999999817e+01 6.980000000000000426e+00 1.203802413869999886e+09 2.109999999999999876e+00 0.000000000000000000e+00 2.352700000000000000e+05
-1.148282999999999987e+02 4.120709999999999695e+01 2.700000000000000178e+00 1.203807400380000114e+09 2.700000000000000178e+00 0.000000000000000000e+00 3.375545000000000000e+06
-1.148459000000000003e+02 4.126160000000000139e+01 1.218999999999999950e+01 1.203809537782999992e+09 2.549999999999999822e+00 0.000000000000000000e+00 2.352900000000000000e+05
-1.148713000000000051e+02 4.116250000000000142e+01 1.059999999999999964e+01 1.203809560987999916e+09 4.280000000000000249e+00 0.000000000000000000e+00 2.879680000000000000e+05
-1.148306000000000040e+02 4.119709999999999894e+01 8.349999999999999645e+00 1.203809953069999933e+09 2.600000000000000089e+00 0.000000000000000000e+00 2.352910000000000000e+05
-1.149188000000000045e+02 4.116810000000000258e+01 5.879999999999999893e+00 1.203811087115000010e+09 2.209999999999999964e+00 0.000000000000000000e+00 2.869100000000000000e+05
-1.148624999999999972e+02 4.120839999999999748e+01 3.830000000000000071e+00 1.203823161463000059e+09 2.080000000000000071e+00 0.000000000000000000e+00 2.353170000000000000e+05
-1.147546999999999997e+02 4.117750000000000199e+01 8.669999999999999929e+00 1.203824916269999981e+09 2.009999999999999787e+00 0.000000000000000000e+00 2.353210000000000000e+05
-1.149256000000000029e+02 4.114059999999999917e+01 5.790000000000000036e+00 1.203825351997999907e+09 2.060000000000000053e+00 0.000000000000000000e+00 2.353240000000000000e+05
-1.149446999999999974e+02 4.112250000000000227e+01 3.930000000000000160e+00 1.203828378661000013e+09 2.620000000000000107e+00 0.000000000000000000e+00 2.353290000000000000e+05
-1.148794000000000040e+02 4.112149999999999750e+01 6.410000000000000142e+00 1.203830504171000004e+09 2.009999999999999787e+00 0.000000000000000000e+00 2.353360000000000000e+05
-1.228627000000000038e+02 3.878580000000000183e+01 1.290000000000000036e+01 1.203831131660000086e+09 4.299999999999999822e+00 0.000000000000000000e+00 3.375559000000000000e+06
-1.228149999999999977e+02 3.881300000000000239e+01 3.000000000000000000e+00 1.203831505250000000e+09 2.899999999999999911e+00 0.000000000000000000e+00 1.523326000000000000e+06
-1.148932999999999964e+02 4.118610000000000326e+01 5.620000000000000107e+00 1.203831780063999891e+09 2.450000000000000178e+00 0.000000000000000000e+00 2.353410000000000000e+05
-1.148551999999999964e+02 4.115180000000000149e+01 7.169999999999999929e+00 1.203837122528000116e+09 3.049999999999999822e+00 0.000000000000000000e+00 2.878070000000000000e+05
-1.148375999999999948e+02 4.114620000000000033e+01 9.109999999999999432e+00 1.203837140111000061e+09 2.310000000000000053e+00 0.000000000000000000e+00 2.353530000000000000e+05
-1.149335999999999984e+02 4.113320000000000221e+01 4.519999999999999574e+00 1.203840822598000050e+09 2.069999999999999840e+00 0.000000000000000000e+00 2.353590000000000000e+05
-1.149312999999999931e+02 4.114939999999999998e+01 6.490000000000000213e+00 1.203840872993999958e+09 2.129999999999999893e+00 0.000000000000000000e+00 2.878110000000000000e+05
-1.228119999999999976e+02 3.881499999999999773e+01 2.500000000000000000e+00 1.203844700759999990e+09 2.799999999999999822e+00 0.000000000000000000e+00 1.523338000000000000e+06
-1.149167000000000058e+02 4.116519999999999868e+01 8.769999999999999574e+00 1.203849600918999910e+09 3.080000000000000071e+00 0.000000000000000000e+00 2.353740000000000000e+05
-1.148649000000000058e+02 4.110909999999999798e+01 9.179999999999999716e+00 1.203849915247999907e+09 2.009999999999999787e+00 0.000000000000000000e+00 2.353760000000000000e+05
-1.148648000000000025e+02 4.111469999999999914e+01 9.699999999999999289e+00 1.203854496697000027e+09 2.129999999999999893e+00 0.000000000000000000e+00 2.353830000000000000e+05
-1.148683999999999941e+02 4.110640000000000072e+01 8.960000000000000853e+00 1.203857211319000006e+09 2.020000000000000018e+00 0.000000000000000000e+00 2.353880000000000000e+05
-1.148525000000000063e+02 4.116760000000000019e+01 5.769999999999999574e+00 1.203857565736999989e+09 2.140000000000000124e+00 0.000000000000000000e+00 2.353890000000000000e+05
-1.238640000000000043e+02 4.088300000000000267e+01 1.200000000000000000e+01 1.203858021640000105e+09 3.399999999999999911e+00 0.000000000000000000e+00 1.523355000000000000e+06
-1.148212999999999937e+02 4.117920000000000158e+01 6.589999999999999858e+00 1.203867859088999987e+09 2.069999999999999840e+00 0.000000000000000000e+00 2.872080000000000000e+05
-1.149034000000000049e+02 4.117300000000000182e+01 5.469999999999999751e+00 1.203875182993000031e+09 3.049999999999999822e+00 0.000000000000000000e+00 2.354310000000000000e+05
-1.149112999999999971e+02 4.120369999999999777e+01 3.430000000000000160e+00 1.203876517746000051e+09 2.850000000000000089e+00 0.000000000000000000e+00 2.872130000000000000e+05
-1.054300000000000068e+02 4.408200000000000074e+01 0.000000000000000000e+00 1.203876925869999886e+09 2.500000000000000000e+00 0.000000000000000000e+00 5.032920000000000000e+05
-1.148876999999999953e+02 4.116290000000000049e+01 8.039999999999999147e+00 1.203876958250000000e+09 2.799999999999999822e+00 0.000000000000000000e+00 2.354380000000000000e+05
-1.148254000000000019e+02 4.115699999999999648e+01 1.028999999999999915e+01 1.203878445723999977e+09 3.000000000000000000e+00 0.000000000000000000e+00 2.354410000000000000e+05
-1.149180999999999955e+02 4.117269999999999897e+01 5.879999999999999893e+00 1.203879508335000038e+09 2.149999999999999911e+00 0.000000000000000000e+00 2.354440000000000000e+05
-1.148620999999999981e+02 4.119930000000000092e+01 9.050000000000000711e+00 1.203879648654999971e+09 2.410000000000000142e+00 0.000000000000000000e+00 2.873640000000000000e+05
-1.149142999999999972e+02 4.114269999999999783e+01 4.790000000000000036e+00 1.203881175161000013e+09 2.140000000000000124e+00 0.000000000000000000e+00 2.354490000000000000e+05
-1.148739999999999952e+02 4.114139999999999731e+01 8.480000000000000426e+00 1.203882771730999947e+09 2.200000000000000178e+00 0.000000000000000000e+00 2.354520000000000000e+05
-1.052129999999999939e+02 4.381199999999999761e+01 0.000000000000000000e+00 1.203886991140000105e+09 3.100000000000000089e+00 0.000000000000000000e+00 5.032930000000000000e+05
-1.149133000000000067e+02 4.108619999999999806e+01 8.349999999999999645e+00 1.203891900598999977e+09 2.410000000000000142e+00 0.000000000000000000e+00 2.354790000000000000e+05
-1.147911000000000001e+02 4.121589999999999776e+01 7.700000000000000178e+00 1.203899120063999891e+09 2.759999999999999787e+00 0.000000000000000000e+00 2.355170000000000000e+05
-1.148657999999999930e+02 4.111990000000000123e+01 8.609999999999999432e+00 1.203900949094000101e+09 2.589999999999999858e+00 0.000000000000000000e+00 2.878040000000000000e+05
-1.148812000000000069e+02 4.117819999999999681e+01 7.679999999999999716e+00 1.203901630319999933e+09 2.140000000000000124e+00 0.000000000000000000e+00 2.878090000000000000e+05
-1.148560999999999979e+02 4.120510000000000161e+01 2.490000000000000213e+00 1.203903745460000038e+09 2.569999999999999840e+00 0.000000000000000000e+00 2.355390000000000000e+05
-1.148628999999999962e+02 4.118769999999999953e+01 4.309999999999999609e+00 1.203903807996999979e+09 3.069999999999999840e+00 0.000000000000000000e+00 2.878130000000000000e+05
-1.147934000000000054e+02 4.118789999999999907e+01 9.339999999999999858e+00 1.203904453611000061e+09 2.689999999999999947e+00 0.000000000000000000e+00 2.355410000000000000e+05
-1.148791999999999973e+02 4.118059999999999832e+01 6.839999999999999858e+00 1.203905191444999933e+09 2.100000000000000089e+00 0.000000000000000000e+00 2.355440000000000000e+05
-1.149116000000000071e+02 4.111280000000000001e+01 1.499000000000000021e+01 1.203905206457999945e+09 2.759999999999999787e+00 0.000000000000000000e+00 2.889150000000000000e+05
-1.148156000000000034e+02 4.116720000000000113e+01 8.800000000000000711e+00 1.203905539920000076e+09 2.049999999999999822e+00 0.000000000000000000e+00 2.355450000000000000e+05
-1.148853000000000009e+02 4.116570000000000107e+01 8.890000000000000568e+00 1.203905596571000099e+09 2.819999999999999840e+00 0.000000000000000000e+00 2.879510000000000000e+05
-1.148018000000000001e+02 4.125480000000000302e+01 1.150000000000000000e+01 1.203908342115000010e+09 2.709999999999999964e+00 0.000000000000000000e+00 2.355550000000000000e+05
-1.148384999999999962e+02 4.126559999999999917e+01 1.041999999999999993e+01 1.203909933448999882e+09 2.020000000000000018e+00 0.000000000000000000e+00 2.355600000000000000e+05
-1.148815000000000026e+02 4.117840000000000344e+01 6.030000000000000249e+00 1.203910030395999908e+09 2.839999999999999858e+00 0.000000000000000000e+00 2.888530000000000000e+05
-1.148365000000000009e+02 4.126290000000000191e+01 1.255000000000000071e+01 1.203912885869999886e+09 2.600000000000000089e+00 0.000000000000000000e+00 2.355690000000000000e+05
-1.148860999999999990e+02 4.110000000000000142e+01 8.310000000000000497e+00 1.203916409815999985e+09 2.120000000000000107e+00 0.000000000000000000e+00 2.355770000000000000e+05
-1.148840000000000003e+02 4.110750000000000171e+01 9.529999999999999361e+00 1.203916426253999949e+09 2.629999999999999893e+00 0.000000000000000000e+00 2.893870000000000000e+05
-1.147807999999999993e+02 4.117229999999999990e+01 9.130000000000000782e+00 1.203917685081000090e+09 2.189999999999999947e+00 0.000000000000000000e+00 2.355810000000000000e+05
-1.149093000000000018e+02 4.111410000000000053e+01 8.820000000000000284e+00 1.203918715401000023e+09 3.060000000000000053e+00 0.000000000000000000e+00 2.355860000000000000e+05
-1.226286999999999949e+02 4.895850000000000080e+01 1.480000000000000071e+01 1.203919836259999990e+09 2.200000000000000178e+00 0.000000000000000000e+00 6.575230000000000000e+05
-1.148639000000000010e+02 4.120230000000000103e+01 8.179999999999999716e+00 1.203929370040999889e+09 2.120000000000000107e+00 0.000000000000000000e+00 2.356170000000000000e+05
-1.147984000000000009e+02 4.118999999999999773e+01 1.091000000000000014e+01 1.203931575417000055e+09 2.390000000000000124e+00 0.000000000000000000e+00 2.356220000000000000e+05
-1.148298000000000059e+02 4.121589999999999776e+01 5.809999999999999609e+00 1.203939674733000040e+09 2.100000000000000089e+00 0.000000000000000000e+00 2.356320000000000000e+05
-1.148906000000000063e+02 4.109949999999999903e+01 8.199999999999999289e+00 1.203945793276999950e+09 4.089999999999999858e+00 0.000000000000000000e+00 2.895400000000000000e+05
-1.148870000000000005e+02 4.110649999999999693e+01 8.560000000000000497e+00 1.203945920551000118e+09 2.709999999999999964e+00 0.000000000000000000e+00 2.895440000000000000e+05
-1.149094999999999942e+02 4.116879999999999740e+01 5.929999999999999716e+00 1.203946036197000027e+09 2.919999999999999929e+00 0.000000000000000000e+00 2.895450000000000000e+05
-1.148860999999999990e+02 4.109389999999999787e+01 8.480000000000000426e+00 1.203946093101999998e+09 2.939999999999999947e+00 0.000000000000000000e+00 2.895480000000000000e+05
-1.148238999999999947e+02 4.119780000000000086e+01 8.230000000000000426e+00 1.203946103223000050e+09 2.990000000000000213e+00 0.000000000000000000e+00 2.895490000000000000e+05
-1.147899000000000029e+02 4.122050000000000125e+01 6.929999999999999716e+00 1.203946201141999960e+09 2.979999999999999982e+00 0.000000000000000000e+00 2.895530000000000000e+05
-1.148280000000000030e+02 4.120109999999999673e+01 6.919999999999999929e+00 1.203946226197999954e+09 2.910000000000000142e+00 0.000000000000000000e+00 2.895540000000000000e+05
-1.149133999999999958e+02 4.114200000000000301e+01 9.019999999999999574e+00 1.203948269177999973e+09 2.979999999999999982e+00 0.000000000000000000e+00 2.895680000000000000e+05
-1.148887000000000000e+02 4.110520000000000351e+01 1.126999999999999957e+01 1.203952884677000046e+09 2.620000000000000107e+00 0.000000000000000000e+00 2.895740000000000000e+05
-1.149091999999999985e+02 4.113450000000000273e+01 5.969999999999999751e+00 1.203953018460000038e+09 2.259999999999999787e+00 0.000000000000000000e+00 2.356540000000000000e+05
-1.149375000000000000e+02 4.108429999999999893e+01 5.259999999999999787e+00 1.203955895138000011e+09 2.680000000000000160e+00 0.000000000000000000e+00 2.891110000000000000e+05
-1.149029000000000025e+02 4.113269999999999982e+01 9.480000000000000426e+00 1.203957413115999937e+09 2.180000000000000160e+00 0.000000000000000000e+00 2.356580000000000000e+05
-1.148348000000000013e+02 4.119650000000000034e+01 6.919999999999999929e+00 1.203958052611000061e+09 2.040000000000000036e+00 0.000000000000000000e+00 2.891120000000000000e+05
-1.148508999999999958e+02 4.119850000000000279e+01 2.209999999999999964e+00 1.203958060032999992e+09 2.669999999999999929e+00 0.000000000000000000e+00 2.895800000000000000e+05
-1.148191999999999950e+02 4.119089999999999918e+01 6.730000000000000426e+00 1.203965948358999968e+09 2.270000000000000018e+00 0.000000000000000000e+00 2.896260000000000000e+05
-1.148616999999999990e+02 4.114039999999999964e+01 9.689999999999999503e+00 1.203966096989000082e+09 3.220000000000000195e+00 0.000000000000000000e+00 2.356930000000000000e+05
-1.148503999999999934e+02 4.112420000000000186e+01 9.179999999999999716e+00 1.203971614819999933e+09 2.060000000000000053e+00 0.000000000000000000e+00 2.896310000000000000e+05
-1.148632000000000062e+02 4.113329999999999842e+01 9.150000000000000355e+00 1.203972561453999996e+09 3.379999999999999893e+00 0.000000000000000000e+00 2.357010000000000000e+05
-1.147874999999999943e+02 4.118010000000000304e+01 1.111999999999999922e+01 1.203977225546000004e+09 2.160000000000000142e+00 0.000000000000000000e+00 2.357120000000000000e+05
-1.148226999999999975e+02 4.117090000000000316e+01 8.240000000000000213e+00 1.203977249503000021e+09 2.899999999999999911e+00 0.000000000000000000e+00 2.896350000000000000e+05
-1.164068000000000040e+02 3.334759999999999991e+01 1.459999999999999964e+01 1.203980340470000029e+09 3.000000000000000000e+00 0.000000000000000000e+00 1.052130000000000000e+06
-1.148442000000000007e+02 4.123890000000000100e+01 1.899999999999999911e+00 1.203992542710000038e+09 2.899999999999999911e+00 0.000000000000000000e+00 1.052148000000000000e+06
-1.148427999999999969e+02 4.128909999999999769e+01 1.119999999999999929e+01 1.203994125220000029e+09 2.500000000000000000e+00 0.000000000000000000e+00 1.052157000000000000e+06
-1.148482000000000056e+02 4.122070000000000078e+01 3.709999999999999964e+00 1.203996099911000013e+09 2.120000000000000107e+00 0.000000000000000000e+00 2.357800000000000000e+05
-1.148713000000000051e+02 4.118710000000000093e+01 3.800000000000000044e-01 1.203996105407999992e+09 2.200000000000000178e+00 0.000000000000000000e+00 2.881440000000000000e+05
-1.146239999999999952e+02 4.106620000000000203e+01 1.000000000000000000e+01 1.203997632789999962e+09 2.799999999999999822e+00 0.000000000000000000e+00 1.052168000000000000e+06
-1.148324999999999960e+02 4.120199999999999818e+01 5.889999999999999680e+00 1.203998511019999981e+09 2.450000000000000178e+00 0.000000000000000000e+00 2.357840000000000000e+05
-1.184555000000000007e+02 3.858429999999999893e+01 2.100000000000000089e+00 1.204004057400000095e+09 3.399999999999999911e+00 0.000000000000000000e+00 3.720586000000000000e+06
-1.147802999999999969e+02 4.123250000000000171e+01 1.167999999999999972e+01 1.204004370723999977e+09 2.569999999999999840e+00 0.000000000000000000e+00 2.357910000000000000e+05
-1.148830999999999989e+02 4.121170000000000044e+01 3.069999999999999840e+00 1.204008870048000097e+09 2.009999999999999787e+00 0.000000000000000000e+00 2.357970000000000000e+05
-1.177214000000000027e+02 3.595089999999999719e+01 4.299999999999999822e+00 1.204012733529999971e+09 3.000000000000000000e+00 0.000000000000000000e+00 3.720587000000000000e+06
-1.148372999999999990e+02 4.124830000000000041e+01 1.064000000000000057e+01 1.204013292286999941e+09 2.379999999999999893e+00 0.000000000000000000e+00 2.358030000000000000e+05
-1.149249999999999972e+02 4.110999999999999943e+01 4.519999999999999574e+00 1.204025333917000055e+09 2.120000000000000107e+00 0.000000000000000000e+00 2.883730000000000000e+05
-1.148559999999999945e+02 4.118370000000000175e+01 6.830000000000000071e+00 1.204026794486000061e+09 3.359999999999999876e+00 0.000000000000000000e+00 2.358150000000000000e+05
-1.148838999999999970e+02 4.119610000000000127e+01 5.429999999999999716e+00 1.204028165461999893e+09 3.990000000000000213e+00 0.000000000000000000e+00 2.883870000000000000e+05
-1.148786999999999949e+02 4.113620000000000232e+01 8.539999999999999147e+00 1.204028185516000032e+09 3.020000000000000018e+00 0.000000000000000000e+00 2.883790000000000000e+05
-1.148422999999999945e+02 4.118589999999999662e+01 6.389999999999999680e+00 1.204029312674999952e+09 2.660000000000000142e+00 0.000000000000000000e+00 2.358210000000000000e+05
-1.148562000000000012e+02 4.118399999999999750e+01 7.150000000000000355e+00 1.204030681427999973e+09 2.049999999999999822e+00 0.000000000000000000e+00 2.358240000000000000e+05
-1.149215999999999980e+02 4.116570000000000107e+01 6.509999999999999787e+00 1.204031126635999918e+09 2.759999999999999787e+00 0.000000000000000000e+00 2.883910000000000000e+05
-1.149183000000000021e+02 4.113060000000000116e+01 1.025999999999999979e+01 1.204031175325000048e+09 2.750000000000000000e+00 0.000000000000000000e+00 2.883930000000000000e+05
-1.148439999999999941e+02 4.115420000000000300e+01 1.050999999999999979e+01 1.204031703812000036e+09 3.259999999999999787e+00 0.000000000000000000e+00 2.884570000000000000e+05
-1.148366999999999933e+02 4.119590000000000174e+01 6.459999999999999964e+00 1.204031741717000008e+09 2.799999999999999822e+00 0.000000000000000000e+00 2.884580000000000000e+05
-1.148662000000000063e+02 4.119019999999999726e+01 6.120000000000000107e+00 1.204033755755000114e+09 2.089999999999999858e+00 0.000000000000000000e+00 2.877680000000000000e+05
-1.148362999999999943e+02 4.118549999999999756e+01 7.339999999999999858e+00 1.204038105398999929e+09 3.029999999999999805e+00 0.000000000000000000e+00 2.884770000000000000e+05
-1.148657000000000039e+02 4.119959999999999667e+01 2.589999999999999858e+00 1.204041600078000069e+09 2.009999999999999787e+00 0.000000000000000000e+00 2.358410000000000000e+05
-1.148464000000000027e+02 4.115359999999999729e+01 9.650000000000000355e+00 1.204041658051000118e+09 2.240000000000000213e+00 0.000000000000000000e+00 2.877760000000000000e+05
-1.148462999999999994e+02 4.119210000000000349e+01 6.330000000000000071e+00 1.204041728105999947e+09 2.200000000000000178e+00 0.000000000000000000e+00 2.358420000000000000e+05
-1.148367999999999967e+02 4.120530000000000115e+01 7.809999999999999609e+00 1.204042978084000111e+09 2.290000000000000036e+00 0.000000000000000000e+00 2.358430000000000000e+05
-1.148559999999999945e+02 4.126740000000000208e+01 1.161999999999999922e+01 1.204058805510999918e+09 2.770000000000000018e+00 0.000000000000000000e+00 2.359230000000000000e+05
-1.149043999999999954e+02 4.112319999999999709e+01 6.809999999999999609e+00 1.204058842447999954e+09 2.990000000000000213e+00 0.000000000000000000e+00 2.884970000000000000e+05
-1.054699999999999989e+02 3.927499999999999858e+01 2.000000000000000000e+00 1.204068952569999933e+09 2.899999999999999911e+00 0.000000000000000000e+00 1.523686000000000000e+06
-1.148114999999999952e+02 4.124479999999999791e+01 1.048000000000000043e+01 1.204071700411999941e+09 2.540000000000000036e+00 0.000000000000000000e+00 2.370700000000000000e+05
-1.148088000000000051e+02 4.124249999999999972e+01 1.341000000000000014e+01 1.204071703493999958e+09 2.540000000000000036e+00 0.000000000000000000e+00 2.831860000000000000e+05
-1.147390000000000043e+02 4.122010000000000218e+01 5.389999999999999680e+00 1.204087134871000051e+09 2.140000000000000124e+00 0.000000000000000000e+00 2.864160000000000000e+05
-1.148876999999999953e+02 4.109309999999999974e+01 8.929999999999999716e+00 1.204087183244999886e+09 4.139999999999999680e+00 0.000000000000000000e+00 2.864140000000000000e+05
-1.148041000000000054e+02 4.121009999999999707e+01 8.269999999999999574e+00 1.204088082096999884e+09 2.879999999999999893e+00 0.000000000000000000e+00 2.864190000000000000e+05
-1.148318000000000012e+02 4.118760000000000332e+01 9.179999999999999716e+00 1.204099178207000017e+09 4.769999999999999574e+00 0.000000000000000000e+00 2.360320000000000000e+05
-1.148782999999999959e+02 4.119120000000000203e+01 5.360000000000000320e+00 1.204101713428999901e+09 2.910000000000000142e+00 0.000000000000000000e+00 2.360350000000000000e+05
-1.148627999999999929e+02 4.119830000000000325e+01 4.389999999999999680e+00 1.204102395201999903e+09 2.470000000000000195e+00 0.000000000000000000e+00 2.364270000000000000e+05
-1.148927000000000049e+02 4.120909999999999940e+01 3.740000000000000213e+00 1.204102399374000072e+09 2.669999999999999929e+00 0.000000000000000000e+00 2.866000000000000000e+05
-1.148696000000000055e+02 4.117750000000000199e+01 6.759999999999999787e+00 1.204102480270999908e+09 2.040000000000000036e+00 0.000000000000000000e+00 2.365570000000000000e+05
-1.148657999999999930e+02 4.120049999999999812e+01 4.360000000000000320e+00 1.204102510138999939e+09 3.220000000000000195e+00 0.000000000000000000e+00 2.360380000000000000e+05
-1.148682000000000016e+02 4.120069999999999766e+01 5.179999999999999716e+00 1.204102535607000113e+09 3.120000000000000107e+00 0.000000000000000000e+00 2.365580000000000000e+05
-1.148850000000000051e+02 4.116400000000000148e+01 6.450000000000000178e+00 1.204105736276000023e+09 2.180000000000000160e+00 0.000000000000000000e+00 2.360470000000000000e+05
-1.148530999999999977e+02 4.116859999999999786e+01 5.610000000000000320e+00 1.204107578256999969e+09 2.189999999999999947e+00 0.000000000000000000e+00 2.360500000000000000e+05
-1.148272000000000048e+02 4.120889999999999986e+01 7.790000000000000036e+00 1.204117424086999893e+09 2.259999999999999787e+00 0.000000000000000000e+00 2.848140000000000000e+05
-1.148469000000000051e+02 4.118019999999999925e+01 7.509999999999999787e+00 1.204119155617000103e+09 2.379999999999999893e+00 0.000000000000000000e+00 2.360640000000000000e+05
-1.148966999999999956e+02 4.116519999999999868e+01 5.910000000000000142e+00 1.204120311029999971e+09 2.149999999999999911e+00 0.000000000000000000e+00 2.360670000000000000e+05
-1.148632999999999953e+02 4.119350000000000023e+01 4.700000000000000178e+00 1.204123847677999973e+09 2.729999999999999982e+00 0.000000000000000000e+00 2.856750000000000000e+05
-1.149157000000000011e+02 4.107269999999999754e+01 8.070000000000000284e+00 1.204142792953999996e+09 3.250000000000000000e+00 0.000000000000000000e+00 2.361110000000000000e+05
-1.148931000000000040e+02 4.113029999999999831e+01 7.570000000000000284e+00 1.204144236700999975e+09 2.270000000000000018e+00 0.000000000000000000e+00 2.361220000000000000e+05
-1.147980000000000018e+02 4.124969999999999715e+01 8.589999999999999858e+00 1.204145244196000099e+09 2.689999999999999947e+00 0.000000000000000000e+00 2.361350000000000000e+05
-1.148889000000000067e+02 4.111449999999999960e+01 6.269999999999999574e+00 1.204145570009000063e+09 2.330000000000000071e+00 0.000000000000000000e+00 2.361380000000000000e+05
-1.148958999999999975e+02 4.114719999999999800e+01 7.830000000000000071e+00 1.204150017923000097e+09 2.589999999999999858e+00 0.000000000000000000e+00 2.361590000000000000e+05
-1.148833000000000055e+02 4.110499999999999687e+01 8.330000000000000071e+00 1.204153576628000021e+09 2.009999999999999787e+00 0.000000000000000000e+00 2.361770000000000000e+05
-1.052570000000000050e+02 4.372500000000000142e+01 0.000000000000000000e+00 1.204155795049999952e+09 2.600000000000000089e+00 0.000000000000000000e+00 5.032940000000000000e+05
-1.148482999999999947e+02 4.119019999999999726e+01 8.029999999999999361e+00 1.204157181049999952e+09 2.470000000000000195e+00 0.000000000000000000e+00 2.362090000000000000e+05
-1.148633999999999986e+02 4.122050000000000125e+01 6.370000000000000107e+00 1.204159463009999990e+09 3.009999999999999787e+00 0.000000000000000000e+00 2.362250000000000000e+05
-1.148659999999999997e+02 4.120519999999999783e+01 8.699999999999999289e+00 1.204160742516000032e+09 2.049999999999999822e+00 0.000000000000000000e+00 2.362320000000000000e+05
-1.221868000000000052e+02 4.620420000000000016e+01 1.600000000000000089e+00 1.204166037980000019e+09 1.699999999999999956e+00 0.000000000000000000e+00 6.575240000000000000e+05
-1.148623000000000047e+02 4.120790000000000219e+01 3.629999999999999893e+00 1.204166202164000034e+09 2.410000000000000142e+00 0.000000000000000000e+00 2.362450000000000000e+05
-1.148763000000000005e+02 4.124240000000000350e+01 8.949999999999999289e+00 1.204171650555000067e+09 2.200000000000000178e+00 0.000000000000000000e+00 2.362530000000000000e+05
-1.148405000000000058e+02 4.122390000000000043e+01 4.089999999999999858e+00 1.204190509740999937e+09 2.350000000000000089e+00 0.000000000000000000e+00 2.362980000000000000e+05
-1.148897999999999939e+02 4.122039999999999793e+01 4.129999999999999893e+00 1.204191766068000078e+09 2.439999999999999947e+00 0.000000000000000000e+00 2.363050000000000000e+05
-1.148576000000000050e+02 4.121609999999999729e+01 1.139999999999999902e+00 1.204192375875999928e+09 2.319999999999999840e+00 0.000000000000000000e+00 2.363070000000000000e+05
-1.148804999999999978e+02 4.122630000000000194e+01 6.700000000000000178e+00 1.204192415502000093e+09 2.339999999999999858e+00 0.000000000000000000e+00 2.822940000000000000e+05
-1.148982000000000028e+02 4.120450000000000301e+01 5.549999999999999822e+00 1.204202193859999895e+09 2.330000000000000071e+00 0.000000000000000000e+00 2.825620000000000000e+05
-1.148975999999999971e+02 4.119039999999999679e+01 5.759999999999999787e+00 1.204202205125000000e+09 3.270000000000000018e+00 0.000000000000000000e+00 2.363160000000000000e+05
-1.148996000000000066e+02 4.114950000000000330e+01 6.370000000000000107e+00 1.204203504569000006e+09 2.169999999999999929e+00 0.000000000000000000e+00 2.363190000000000000e+05
-1.149218000000000046e+02 4.119330000000000069e+01 6.639999999999999680e+00 1.204206814493999958e+09 2.069999999999999840e+00 0.000000000000000000e+00 2.363250000000000000e+05
-1.149026000000000067e+02 4.118410000000000082e+01 4.639999999999999680e+00 1.204206933423000097e+09 2.259999999999999787e+00 0.000000000000000000e+00 2.363260000000000000e+05
-1.148349000000000046e+02 4.119429999999999836e+01 9.699999999999999289e+00 1.204207246743000031e+09 2.209999999999999964e+00 0.000000000000000000e+00 2.363270000000000000e+05
-1.149155999999999977e+02 4.118019999999999925e+01 7.959999999999999964e+00 1.204207336313999891e+09 3.060000000000000053e+00 0.000000000000000000e+00 2.363280000000000000e+05
-1.148992999999999967e+02 4.121110000000000184e+01 4.419999999999999929e+00 1.204208383964999914e+09 2.100000000000000089e+00 0.000000000000000000e+00 2.363310000000000000e+05
-1.148755000000000024e+02 4.120819999999999794e+01 5.620000000000000107e+00 1.204209774038000107e+09 2.049999999999999822e+00 0.000000000000000000e+00 2.827160000000000000e+05
-1.148752000000000066e+02 4.121770000000000067e+01 5.700000000000000178e+00 1.204209786194000006e+09 2.080000000000000071e+00 0.000000000000000000e+00 2.827170000000000000e+05
-1.148832000000000022e+02 4.120940000000000225e+01 5.900000000000000355e+00 1.204209793549999952e+09 2.220000000000000195e+00 0.000000000000000000e+00 2.827180000000000000e+05
-1.149076000000000022e+02 4.120060000000000144e+01 2.189999999999999947e+00 1.204210091638999939e+09 3.029999999999999805e+00 0.000000000000000000e+00 2.840070000000000000e+05
-1.149154999999999944e+02 4.119550000000000267e+01 3.689999999999999947e+00 1.204210104864000082e+09 3.129999999999999893e+00 0.000000000000000000e+00 2.840090000000000000e+05
-1.149236999999999966e+02 4.115299999999999869e+01 8.130000000000000782e+00 1.204211437756000042e+09 4.110000000000000320e+00 0.000000000000000000e+00 2.363360000000000000e+05
-1.149194999999999993e+02 4.114739999999999753e+01 8.089999999999999858e+00 1.204211501756999969e+09 3.240000000000000213e+00 0.000000000000000000e+00 2.879550000000000000e+05
-1.149080000000000013e+02 4.114399999999999835e+01 7.089999999999999858e+00 1.204214212016000032e+09 2.560000000000000053e+00 0.000000000000000000e+00 2.363390000000000000e+05
-1.068524000000000029e+02 4.520049999999999812e+01 0.000000000000000000e+00 1.204218335779999971e+09 3.600000000000000089e+00 0.000000000000000000e+00 3.376072000000000000e+06
-1.148388999999999953e+02 4.124139999999999873e+01 1.780000000000000027e+00 1.204223236312000036e+09 3.189999999999999947e+00 0.000000000000000000e+00 2.827800000000000000e+05
-1.148619999999999948e+02 4.122310000000000230e+01 2.100000000000000089e+00 1.204223440930999994e+09 2.350000000000000089e+00 0.000000000000000000e+00 2.827810000000000000e+05
-1.148953000000000060e+02 4.118410000000000082e+01 5.969999999999999751e+00 1.204229508339999914e+09 2.120000000000000107e+00 0.000000000000000000e+00 2.363960000000000000e+05
-1.148259999999999934e+02 4.119959999999999667e+01 7.360000000000000320e+00 1.204257931905999899e+09 2.080000000000000071e+00 0.000000000000000000e+00 2.364550000000000000e+05
-1.149179000000000030e+02 4.116449999999999676e+01 6.070000000000000284e+00 1.204265167884000063e+09 2.549999999999999822e+00 0.000000000000000000e+00 2.364590000000000000e+05
-1.148177000000000021e+02 4.121430000000000149e+01 5.019999999999999574e+00 1.204269552069999933e+09 3.180000000000000160e+00 0.000000000000000000e+00 2.364630000000000000e+05
-1.148923999999999950e+02 4.111209999999999809e+01 9.419999999999999929e+00 1.204274987832000017e+09 3.609999999999999876e+00 0.000000000000000000e+00 2.364700000000000000e+05
-1.148739999999999952e+02 4.111520000000000152e+01 9.919999999999999929e+00 1.204276283496000051e+09 2.910000000000000142e+00 0.000000000000000000e+00 2.364710000000000000e+05
-1.148512999999999948e+02 4.120499999999999829e+01 5.320000000000000284e+00 1.204277658154000044e+09 2.299999999999999822e+00 0.000000000000000000e+00 2.364720000000000000e+05
-1.148975999999999971e+02 4.109830000000000183e+01 9.500000000000000000e+00 1.204277698032000065e+09 3.169999999999999929e+00 0.000000000000000000e+00 2.380040000000000000e+05
-1.148923999999999950e+02 4.110479999999999734e+01 9.699999999999999289e+00 1.204277716135999918e+09 2.990000000000000213e+00 0.000000000000000000e+00 2.380040000000000000e+05
-1.147729999999999961e+02 4.123089999999999833e+01 7.610000000000000320e+00 1.204283260719000101e+09 2.370000000000000107e+00 0.000000000000000000e+00 2.364810000000000000e+05
-1.147702000000000027e+02 4.122879999999999967e+01 5.139999999999999680e+00 1.204283281153000116e+09 3.509999999999999787e+00 0.000000000000000000e+00 2.364810000000000000e+05
-1.148014000000000010e+02 4.120369999999999777e+01 7.059999999999999609e+00 1.204283383025000095e+09 3.189999999999999947e+00 0.000000000000000000e+00 2.382270000000000000e+05
-1.148431999999999960e+02 4.120989999999999753e+01 5.019999999999999574e+00 1.204283677365999937e+09 2.779999999999999805e+00 0.000000000000000000e+00 2.364820000000000000e+05
-1.148525000000000063e+02 4.120530000000000115e+01 5.290000000000000036e+00 1.204283702448999882e+09 3.220000000000000195e+00 0.000000000000000000e+00 2.382350000000000000e+05
-1.148067000000000064e+02 4.121650000000000347e+01 3.549999999999999822e+00 1.204286661490000010e+09 2.240000000000000213e+00 0.000000000000000000e+00 2.364840000000000000e+05
-1.148889999999999958e+02 4.110900000000000176e+01 9.359999999999999432e+00 1.204286853671000004e+09 2.890000000000000124e+00 0.000000000000000000e+00 2.364850000000000000e+05
-1.148922000000000025e+02 4.110739999999999839e+01 9.900000000000000355e+00 1.204290497219000101e+09 2.430000000000000160e+00 0.000000000000000000e+00 2.382610000000000000e+05
-1.148990000000000009e+02 4.118849999999999767e+01 4.099999999999999645e+00 1.204290551923000097e+09 3.009999999999999787e+00 0.000000000000000000e+00 2.382620000000000000e+05
-1.148873999999999995e+02 4.110260000000000247e+01 9.169999999999999929e+00 1.204290565470999956e+09 2.970000000000000195e+00 0.000000000000000000e+00 2.382620000000000000e+05
-1.148967999999999989e+02 4.118549999999999756e+01 5.219999999999999751e+00 1.204297325265000105e+09 2.060000000000000053e+00 0.000000000000000000e+00 2.365010000000000000e+05
-1.148613000000000000e+02 4.122399999999999665e+01 4.299999999999999933e-01 1.204311322677999973e+09 2.209999999999999964e+00 0.000000000000000000e+00 2.365430000000000000e+05
-1.148509999999999991e+02 4.120069999999999766e+01 9.089999999999999858e+00 1.204315252286999941e+09 2.660000000000000142e+00 0.000000000000000000e+00 2.365470000000000000e+05
-1.148708000000000027e+02 4.118889999999999674e+01 4.459999999999999964e+00 1.204315254364000082e+09 2.509999999999999787e+00 0.000000000000000000e+00 2.385440000000000000e+05
-1.148194000000000017e+02 4.124510000000000076e+01 9.550000000000000711e+00 1.204319964592999935e+09 2.680000000000000160e+00 0.000000000000000000e+00 2.365810000000000000e+05
-1.149218999999999937e+02 4.112460000000000093e+01 8.289999999999999147e+00 1.204322163290999889e+09 2.020000000000000018e+00 0.000000000000000000e+00 2.373020000000000000e+05
-1.149299000000000035e+02 4.116749999999999687e+01 6.080000000000000071e+00 1.204327353496000051e+09 3.149999999999999911e+00 0.000000000000000000e+00 2.373050000000000000e+05
-1.052107000000000028e+02 4.382139999999999702e+01 0.000000000000000000e+00 1.204328355599999905e+09 3.700000000000000178e+00 0.000000000000000000e+00 3.376198000000000000e+06
-1.148166999999999973e+02 4.121390000000000242e+01 4.950000000000000178e+00 1.204344262032000065e+09 2.729999999999999982e+00 0.000000000000000000e+00 2.366080000000000000e+05
-1.148643000000000001e+02 4.119610000000000127e+01 5.419999999999999929e+00 1.204345133180000067e+09 2.009999999999999787e+00 0.000000000000000000e+00 2.366100000000000000e+05
-1.148344000000000023e+02 4.119729999999999848e+01 4.929999999999999716e+00 1.204346355339999914e+09 2.640000000000000124e+00 0.000000000000000000e+00 2.366120000000000000e+05
-1.201629999999999967e+02 3.605400000000000205e+01 1.019999999999999929e+01 1.204359341289999962e+09 2.799999999999999822e+00 0.000000000000000000e+00 5.781000000000000000e+05
-1.145781999999999954e+02 4.710960000000000036e+01 1.000000000000000000e+01 1.204371361700000048e+09 2.799999999999999822e+00 0.000000000000000000e+00 1.336397000000000000e+06
-1.147449000000000012e+02 4.098089999999999833e+01 1.000000000000000000e+01 1.204379826220000029e+09 2.799999999999999822e+00 0.000000000000000000e+00 3.752147000000000000e+06
-1.149068000000000040e+02 4.118169999999999931e+01 4.410000000000000142e+00 1.204440570648999929e+09 2.040000000000000036e+00 0.000000000000000000e+00 2.368580000000000000e+05
-1.148503999999999934e+02 4.119760000000000133e+01 6.139999999999999680e+00 1.204442924075999975e+09 2.089999999999999858e+00 0.000000000000000000e+00 2.368590000000000000e+05
-1.190061000000000035e+02 3.505030000000000001e+01 1.000000000000000000e+01 1.204445264049999952e+09 3.500000000000000000e+00 0.000000000000000000e+00 3.902531000000000000e+06
-1.148687000000000040e+02 4.119360000000000355e+01 5.759999999999999787e+00 1.204445485289000034e+09 2.180000000000000160e+00 0.000000000000000000e+00 2.366770000000000000e+05
-1.148571000000000026e+02 4.119279999999999831e+01 4.780000000000000249e+00 1.204452122836999893e+09 2.399999999999999911e+00 0.000000000000000000e+00 2.366790000000000000e+05
-1.148623999999999938e+02 4.123810000000000286e+01 7.709999999999999964e+00 1.204462730617000103e+09 2.529999999999999805e+00 0.000000000000000000e+00 2.366870000000000000e+05
-1.140375999999999976e+02 3.749490000000000123e+01 1.300000000000000000e+01 1.204463740319999933e+09 2.500000000000000000e+00 0.000000000000000000e+00 1.052810000000000000e+06
-1.148923000000000059e+02 4.117790000000000106e+01 4.910000000000000142e+00 1.204463922799999952e+09 2.580000000000000071e+00 0.000000000000000000e+00 2.366900000000000000e+05
-1.148269999999999982e+02 4.121909999999999741e+01 6.480000000000000426e+00 1.204467177424000025e+09 2.100000000000000089e+00 0.000000000000000000e+00 2.366930000000000000e+05
-1.148764000000000038e+02 4.118399999999999750e+01 5.259999999999999787e+00 1.204488267227999926e+09 2.180000000000000160e+00 0.000000000000000000e+00 2.367030000000000000e+05
-1.148273999999999972e+02 4.123230000000000217e+01 5.360000000000000320e+00 1.204530994598000050e+09 2.439999999999999947e+00 0.000000000000000000e+00 2.367760000000000000e+05
-1.148639000000000010e+02 4.119129999999999825e+01 6.799999999999999822e+00 1.204537860934999943e+09 2.259999999999999787e+00 0.000000000000000000e+00 2.367820000000000000e+05
-1.148670000000000044e+02 4.119789999999999708e+01 6.830000000000000071e+00 1.204559932753000021e+09 2.509999999999999787e+00 0.000000000000000000e+00 2.368050000000000000e+05
-1.149078999999999979e+02 4.113620000000000232e+01 1.117999999999999972e+01 1.204563093851000071e+09 2.140000000000000124e+00 0.000000000000000000e+00 2.368100000000000000e+05
-1.149185999999999979e+02 4.120320000000000249e+01 4.509999999999999787e+00 1.204564081128999949e+09 2.160000000000000142e+00 0.000000000000000000e+00 2.368110000000000000e+05
-1.148643000000000001e+02 4.121790000000000020e+01 5.440000000000000391e+00 1.204566009585999966e+09 2.149999999999999911e+00 0.000000000000000000e+00 2.370510000000000000e+05
-1.149197999999999951e+02 4.120389999999999731e+01 4.230000000000000426e+00 1.204569338115000010e+09 2.359999999999999876e+00 0.000000000000000000e+00 2.368290000000000000e+05
-1.052169999999999987e+02 4.377850000000000108e+01 0.000000000000000000e+00 1.204571099809999943e+09 3.700000000000000178e+00 0.000000000000000000e+00 3.752617000000000000e+06
-1.149162000000000035e+02 4.119500000000000028e+01 2.009999999999999787e+00 1.204573780141999960e+09 2.129999999999999893e+00 0.000000000000000000e+00 2.368470000000000000e+05
-1.149207999999999998e+02 4.120739999999999981e+01 4.370000000000000107e+00 1.204573795073999882e+09 2.229999999999999982e+00 0.000000000000000000e+00 2.368470000000000000e+05
-1.148366000000000042e+02 4.119409999999999883e+01 4.379999999999999893e+00 1.204584004947000027e+09 3.029999999999999805e+00 0.000000000000000000e+00 2.368720000000000000e+05
-1.148491000000000071e+02 4.120380000000000109e+01 5.910000000000000142e+00 1.204584302904000044e+09 3.540000000000000036e+00 0.000000000000000000e+00 2.368730000000000000e+05
-1.227669999999999959e+02 4.015200000000000102e+01 1.040000000000000036e+01 1.204585390109999895e+09 2.899999999999999911e+00 0.000000000000000000e+00 5.784770000000000000e+05
-1.149121999999999986e+02 4.120989999999999753e+01 2.720000000000000195e+00 1.204597865482000113e+09 2.979999999999999982e+00 0.000000000000000000e+00 2.369220000000000000e+05
-1.148502000000000010e+02 4.122059999999999746e+01 3.830000000000000071e+00 1.204603472394000053e+09 2.080000000000000071e+00 0.000000000000000000e+00 2.369240000000000000e+05
-1.223203000000000031e+02 4.646970000000000312e+01 1.760000000000000142e+01 1.204616473619999886e+09 1.300000000000000044e+00 0.000000000000000000e+00 6.575250000000000000e+05
-1.223113000000000028e+02 4.646430000000000149e+01 2.000000000000000000e+01 1.204622709339999914e+09 1.800000000000000044e+00 0.000000000000000000e+00 6.575260000000000000e+05
-1.223152000000000044e+02 4.646820000000000306e+01 2.010000000000000142e+01 1.204627305980000019e+09 2.100000000000000089e+00 0.000000000000000000e+00 6.575270000000000000e+05
-1.223122999999999934e+02 4.646529999999999916e+01 1.860000000000000142e+01 1.204636761869999886e+09 2.299999999999999822e+00 0.000000000000000000e+00 6.575280000000000000e+05
-1.148520999999999930e+02 4.117349999999999710e+01 1.024000000000000021e+01 1.204640924289000034e+09 2.330000000000000071e+00 0.000000000000000000e+00 2.369580000000000000e+05
-1.148613000000000000e+02 4.121500000000000341e+01 4.269999999999999574e+00 1.204644073588999987e+09 3.439999999999999947e+00 0.000000000000000000e+00 2.369610000000000000e+05
-1.148496999999999986e+02 4.121459999999999724e+01 5.589999999999999858e+00 1.204651712227999926e+09 2.220000000000000195e+00 0.000000000000000000e+00 2.369750000000000000e+05
-1.221621999999999986e+02 4.620349999999999824e+01 2.700000000000000178e+00 1.204659105140000105e+09 1.500000000000000000e+00 0.000000000000000000e+00 6.575290000000000000e+05
-1.148517999999999972e+02 4.118030000000000257e+01 6.099999999999999645e+00 1.204693368434999943e+09 2.319999999999999840e+00 0.000000000000000000e+00 2.372980000000000000e+05
-1.149067000000000007e+02 4.121560000000000201e+01 3.609999999999999876e+00 1.204717252526999950e+09 2.370000000000000107e+00 0.000000000000000000e+00 2.371250000000000000e+05
-1.148392999999999944e+02 4.118560000000000088e+01 7.799999999999999822e+00 1.204718591802999973e+09 2.189999999999999947e+00 0.000000000000000000e+00 2.371260000000000000e+05
-1.148649999999999949e+02 4.121600000000000108e+01 5.660000000000000142e+00 1.204723888500999928e+09 2.200000000000000178e+00 0.000000000000000000e+00 2.371310000000000000e+05
-1.148683999999999941e+02 4.119400000000000261e+01 4.360000000000000320e+00 1.204755355311000109e+09 2.669999999999999929e+00 0.000000000000000000e+00 2.373570000000000000e+05
-1.221916999999999973e+02 4.620000000000000284e+01 2.600000000000000089e+00 1.204755388079999924e+09 1.699999999999999956e+00 0.000000000000000000e+00 6.575300000000000000e+05
-1.148575000000000017e+02 4.119760000000000133e+01 4.219999999999999751e+00 1.204760873581000090e+09 2.410000000000000142e+00 0.000000000000000000e+00 2.373610000000000000e+05
-1.168507000000000033e+02 3.430910000000000082e+01 1.300000000000000000e+01 1.204762465940000057e+09 3.700000000000000178e+00 0.000000000000000000e+00 3.752992000000000000e+06
-1.148691000000000031e+02 4.119409999999999883e+01 7.500000000000000000e+00 1.204769154619999886e+09 2.700000000000000178e+00 0.000000000000000000e+00 1.053139000000000000e+06
-1.148937999999999988e+02 4.121079999999999899e+01 4.580000000000000071e+00 1.204784676848999977e+09 2.500000000000000000e+00 0.000000000000000000e+00 2.372510000000000000e+05
-1.148783999999999992e+02 4.120049999999999812e+01 6.639999999999999680e+00 1.204811411138999939e+09 2.290000000000000036e+00 0.000000000000000000e+00 2.372740000000000000e+05
-1.148372999999999990e+02 4.118580000000000041e+01 6.759999999999999787e+00 1.204836988585000038e+09 2.390000000000000124e+00 0.000000000000000000e+00 2.373170000000000000e+05
-1.050726999999999975e+02 4.359729999999999706e+01 0.000000000000000000e+00 1.204837502990000010e+09 3.899999999999999911e+00 0.000000000000000000e+00 3.753126000000000000e+06
-1.148379000000000048e+02 4.121940000000000026e+01 4.860000000000000320e+00 1.204850581042000055e+09 2.330000000000000071e+00 0.000000000000000000e+00 2.373700000000000000e+05
