1.818958520240531129e+01
1.478312792450075790e+02
1.775767675523399305e+02
3.498264947645649414e+01
4.568009830561937434e+00
7.261620304144857130e+01
4.541610719201374735e+01
1.102820341733425238e+02
2.130467992360241851e+02
5.440290168765129941e+00
5.295332276701172702e+01
1.713882248448887538e+02
4.361335653024794112e+01
3.708033032190979128e+01
2.069584774042885442e+02
1.132302672374284569e+01
9.664159728035065200e+01
9.447305533120365340e+01
1.124767732565964629e+01
1.642911556201431722e+01
4.565071269843231505e+01
5.142142174305076807e+00
1.220783262787831447e+01
5.906581230785318581e+01
7.443901387293314542e+01
4.227100916771713202e+01
2.252856524746247402e+01
6.591806869967702198e+01
1.047787426748606094e+02
6.171218501226306330e+01
1.309883292058697535e+01
1.926576039140281438e+01
3.644745648757766077e+00
7.444492361811487058e+01
1.138029106907057830e+01
1.080760281314624649e+02
1.431706007454491925e+01
2.343491003446743903e+01
1.733013233199494607e+02
1.170200601749253337e+02
2.018712911878930427e+01
1.972931837908887758e+02
5.553629414637773820e+00
5.415725266970199669e+01
