-1.180665400000000034e+02 4.192969800000000191e+01 0.000000000000000000e+00 1.203648700000000000e+09 4.520367900000000105e+00 0.000000000000000000e+00 4.607020000000000000e+06
-1.152232900000000058e+02 4.099591800000000319e+01 0.000000000000000000e+00 1.203649896000000000e+09 -9.990000000000000000e+02 0.000000000000000000e+00 4.608142000000000000e+06
-1.164008000000000038e+02 3.949518199999999979e+01 0.000000000000000000e+00 1.203652056000000000e+09 -9.990000000000000000e+02 0.000000000000000000e+00 4.607102000000000000e+06
-1.148922199999999947e+02 4.132247000000000270e+01 0.000000000000000000e+00 1.203656843000000000e+09 3.201599600000000212e+00 0.000000000000000000e+00 4.607259000000000000e+06
-1.174079700000000059e+02 4.230371099999999984e+01 0.000000000000000000e+00 1.203657212000000000e+09 -9.990000000000000000e+02 0.000000000000000000e+00 4.607649000000000000e+06
-1.140305199999999957e+02 4.226640100000000189e+01 0.000000000000000000e+00 1.203658594000000000e+09 2.448022700000000107e+00 0.000000000000000000e+00 4.607303000000000000e+06
-1.174537299999999931e+02 4.329828899999999692e+01 0.000000000000000000e+00 1.203659245000000000e+09 -9.990000000000000000e+02 0.000000000000000000e+00 4.607326000000000000e+06
-1.157372699999999952e+02 4.261389100000000241e+01 0.000000000000000000e+00 1.203659286000000000e+09 -9.990000000000000000e+02 0.000000000000000000e+00 4.607327000000000000e+06
-1.151513599999999968e+02 4.089895599999999831e+01 0.000000000000000000e+00 1.203662972000000000e+09 2.716861199999999865e+00 0.000000000000000000e+00 4.607958000000000000e+06
-1.149652499999999975e+02 4.113766900000000248e+01 0.000000000000000000e+00 1.203665615000000000e+09 3.048212200000000038e+00 0.000000000000000000e+00 4.607528000000000000e+06
-1.156531300000000044e+02 4.078633599999999859e+01 0.000000000000000000e+00 1.203666058000000000e+09 -9.990000000000000000e+02 0.000000000000000000e+00 4.608028000000000000e+06
-1.154295900000000046e+02 4.117429899999999776e+01 0.000000000000000000e+00 1.203668244000000000e+09 2.474132500000000068e+00 0.000000000000000000e+00 4.607606000000000000e+06
-1.157929500000000047e+02 4.043529500000000354e+01 0.000000000000000000e+00 1.203671494000000000e+09 -9.990000000000000000e+02 0.000000000000000000e+00 4.607710000000000000e+06
-1.156143200000000064e+02 4.160524399999999901e+01 0.000000000000000000e+00 1.203674698000000000e+09 -9.990000000000000000e+02 0.000000000000000000e+00 4.607825000000000000e+06
-1.151920499999999947e+02 4.019169099999999872e+01 0.000000000000000000e+00 1.203677286000000000e+09 -9.990000000000000000e+02 0.000000000000000000e+00 4.608326000000000000e+06
-1.174924299999999988e+02 4.361365700000000345e+01 0.000000000000000000e+00 1.203678059000000000e+09 3.758088199999999990e+00 0.000000000000000000e+00 4.608300000000000000e+06
-1.150863499999999959e+02 3.924163000000000068e+01 0.000000000000000000e+00 1.203678341000000000e+09 -9.990000000000000000e+02 0.000000000000000000e+00 4.608388000000000000e+06
-1.149068900000000042e+02 4.111482800000000282e+01 0.000000000000000000e+00 1.203679044000000000e+09 3.121471300000000060e+00 0.000000000000000000e+00 4.607937000000000000e+06
-1.155486400000000060e+02 4.116384000000000043e+01 0.000000000000000000e+00 1.203680699000000000e+09 -9.990000000000000000e+02 0.000000000000000000e+00 4.608016000000000000e+06
-1.136053399999999982e+02 4.236638399999999649e+01 0.000000000000000000e+00 1.203681790000000000e+09 2.793024500000000021e+00 0.000000000000000000e+00 4.608437000000000000e+06
-1.146682899999999989e+02 4.078330799999999812e+01 0.000000000000000000e+00 1.203694223000000000e+09 2.903387299999999893e+00 0.000000000000000000e+00 4.608621000000000000e+06
-1.126556999999999960e+02 4.345334299999999672e+01 0.000000000000000000e+00 1.203700247000000000e+09 -9.990000000000000000e+02 0.000000000000000000e+00 4.608491000000000000e+06
-1.152038500000000028e+02 4.087632800000000088e+01 0.000000000000000000e+00 1.203701501000000000e+09 2.968075300000000194e+00 0.000000000000000000e+00 4.608767000000000000e+06
-1.142175900000000013e+02 3.884906399999999849e+01 0.000000000000000000e+00 1.203703564000000000e+09 5.052668599999999621e+00 0.000000000000000000e+00 4.609177000000000000e+06
-1.165066999999999950e+02 4.418358599999999825e+01 0.000000000000000000e+00 1.203707618000000000e+09 4.152849400000000024e+00 0.000000000000000000e+00 4.609258000000000000e+06
-1.180107399999999984e+02 4.410299899999999695e+01 0.000000000000000000e+00 1.203708121000000000e+09 -9.990000000000000000e+02 0.000000000000000000e+00 4.608926000000000000e+06
-1.138001900000000006e+02 3.950296199999999658e+01 0.000000000000000000e+00 1.203715260000000000e+09 4.250222800000000412e+00 0.000000000000000000e+00 4.608988000000000000e+06
-1.149713299999999947e+02 4.126662699999999973e+01 0.000000000000000000e+00 1.203715983000000000e+09 3.392794600000000216e+00 0.000000000000000000e+00 4.608989000000000000e+06
-1.050041300000000035e+02 4.454403500000000093e+01 0.000000000000000000e+00 1.203718032000000000e+09 -9.990000000000000000e+02 0.000000000000000000e+00 4.608854000000000000e+06
-1.158301500000000033e+02 4.157520699999999891e+01 0.000000000000000000e+00 1.203722636000000000e+09 -9.990000000000000000e+02 0.000000000000000000e+00 4.609119000000000000e+06
-1.148927999999999940e+02 4.099059499999999900e+01 0.000000000000000000e+00 1.203722866000000000e+09 4.267626500000000433e+00 0.000000000000000000e+00 4.609527000000000000e+06
-1.168914099999999934e+02 4.336422000000000310e+01 0.000000000000000000e+00 1.203722879000000000e+09 -9.990000000000000000e+02 0.000000000000000000e+00 4.609548000000000000e+06
-1.138825999999999965e+02 3.979561799999999749e+01 0.000000000000000000e+00 1.203729470000000000e+09 3.774755900000000164e+00 0.000000000000000000e+00 4.609222000000000000e+06
-1.140566400000000016e+02 3.933892500000000325e+01 0.000000000000000000e+00 1.203729911000000000e+09 -9.990000000000000000e+02 0.000000000000000000e+00 4.609015000000000000e+06
-1.071468899999999991e+02 3.928844000000000136e+01 0.000000000000000000e+00 1.203743901000000000e+09 -9.990000000000000000e+02 0.000000000000000000e+00 4.609210000000000000e+06
-1.150053099999999944e+02 4.092519200000000268e+01 2.703913399999999800e+00 1.203748162000000000e+09 2.627568099999999962e+00 0.000000000000000000e+00 4.609309000000000000e+06
-1.150267599999999959e+02 4.093190100000000342e+01 0.000000000000000000e+00 1.203752914000000000e+09 3.814446199999999898e+00 0.000000000000000000e+00 4.609394000000000000e+06
-1.150892199999999974e+02 4.071547300000000291e+01 0.000000000000000000e+00 1.203753980000000000e+09 2.601462100000000000e+00 0.000000000000000000e+00 4.609422000000000000e+06
-1.148934299999999951e+02 4.109621800000000036e+01 0.000000000000000000e+00 1.203755936000000000e+09 2.760651000000000188e+00 0.000000000000000000e+00 4.609450000000000000e+06
-1.007039199999999965e+02 4.588410799999999767e+01 0.000000000000000000e+00 1.203804178000000000e+09 3.603948200000000046e+00 0.000000000000000000e+00 4.610314000000000000e+06
-1.057785099999999971e+02 4.401252600000000115e+01 0.000000000000000000e+00 1.203806327000000000e+09 -9.990000000000000000e+02 0.000000000000000000e+00 4.610338000000000000e+06
-1.149736000000000047e+02 4.121737900000000110e+01 3.460944599999999927e+00 1.203807397000000000e+09 -9.990000000000000000e+02 0.000000000000000000e+00 4.610363000000000000e+06
-1.142962399999999974e+02 4.096128999999999820e+01 0.000000000000000000e+00 1.203809967000000000e+09 4.328564100000000359e+00 0.000000000000000000e+00 4.610589000000000000e+06
-1.171594000000000051e+02 4.416136900000000054e+01 0.000000000000000000e+00 1.203828363000000000e+09 4.090707100000000374e+00 0.000000000000000000e+00 4.610676000000000000e+06
-1.189632100000000037e+02 4.280964600000000075e+01 0.000000000000000000e+00 1.203831186000000000e+09 4.294860599999999806e+00 0.000000000000000000e+00 4.610722000000000000e+06
-1.152303500000000014e+02 4.110806300000000135e+01 0.000000000000000000e+00 1.203831787000000000e+09 -9.990000000000000000e+02 0.000000000000000000e+00 4.610885000000000000e+06
-1.026971499999999935e+02 4.493258600000000058e+01 0.000000000000000000e+00 1.203887893000000000e+09 -9.990000000000000000e+02 0.000000000000000000e+00 4.611452000000000000e+06
-1.039746700000000033e+02 4.542948299999999762e+01 0.000000000000000000e+00 1.203892801000000000e+09 -9.990000000000000000e+02 0.000000000000000000e+00 4.611532000000000000e+06
-1.090719100000000026e+02 4.278786399999999901e+01 0.000000000000000000e+00 1.203893335000000000e+09 3.608522100000000066e+00 0.000000000000000000e+00 4.611722000000000000e+06
-1.164480700000000013e+02 4.251856099999999827e+01 0.000000000000000000e+00 1.203899113000000000e+09 -9.990000000000000000e+02 0.000000000000000000e+00 4.612237000000000000e+06
-1.093464699999999965e+02 4.278468399999999860e+01 0.000000000000000000e+00 1.203899922000000000e+09 4.035726499999999994e+00 0.000000000000000000e+00 4.611598000000000000e+06
-1.157842500000000001e+02 4.209111699999999701e+01 0.000000000000000000e+00 1.203903752000000000e+09 2.395605000000000206e+00 0.000000000000000000e+00 4.611662000000000000e+06
-1.143123700000000014e+02 4.033098400000000083e+01 0.000000000000000000e+00 1.203908345000000000e+09 -9.990000000000000000e+02 0.000000000000000000e+00 4.611724000000000000e+06
-1.152162299999999959e+02 4.102100300000000033e+01 0.000000000000000000e+00 1.203912892000000000e+09 -9.990000000000000000e+02 0.000000000000000000e+00 4.611746000000000000e+06
-1.152152200000000022e+02 4.064990699999999890e+01 1.642606200000000172e+01 1.203918715000000000e+09 2.509441199999999927e+00 0.000000000000000000e+00 4.612069000000000000e+06
-1.148324599999999975e+02 4.047136700000000076e+01 0.000000000000000000e+00 1.203966094000000000e+09 -9.990000000000000000e+02 0.000000000000000000e+00 4.612868000000000000e+06
-1.153174400000000048e+02 4.096292400000000100e+01 3.476625700000000307e+01 1.203972561000000000e+09 2.375556099999999837e+00 0.000000000000000000e+00 4.613650000000000000e+06
-1.059464300000000065e+02 4.446170399999999745e+01 0.000000000000000000e+00 1.203972983000000000e+09 -9.990000000000000000e+02 0.000000000000000000e+00 4.612996000000000000e+06
-1.242868899999999996e+02 4.732347899999999896e+01 0.000000000000000000e+00 1.203974570000000000e+09 4.277209799999999618e+00 0.000000000000000000e+00 4.613369000000000000e+06
-1.056812699999999978e+02 4.414685899999999918e+01 0.000000000000000000e+00 1.203976746000000000e+09 -9.990000000000000000e+02 0.000000000000000000e+00 4.613115000000000000e+06
-1.050189299999999974e+02 4.445315899999999942e+01 0.000000000000000000e+00 1.203981838000000000e+09 -9.990000000000000000e+02 0.000000000000000000e+00 4.613216000000000000e+06
-1.054745800000000031e+02 4.346892799999999824e+01 0.000000000000000000e+00 1.203985539000000000e+09 3.966330099999999970e+00 0.000000000000000000e+00 4.613259000000000000e+06
-1.140912799999999976e+02 3.953745599999999882e+01 0.000000000000000000e+00 1.203998519000000000e+09 -9.990000000000000000e+02 0.000000000000000000e+00 4.613747000000000000e+06
-1.150004200000000054e+02 4.113678699999999822e+01 0.000000000000000000e+00 1.204004375000000000e+09 -9.990000000000000000e+02 0.000000000000000000e+00 4.613985000000000000e+06
-1.147580499999999972e+02 4.101353000000000293e+01 0.000000000000000000e+00 1.204026794000000000e+09 3.076122999999999941e+00 0.000000000000000000e+00 4.614456000000000000e+06
-1.156349000000000018e+02 4.130153299999999916e+01 0.000000000000000000e+00 1.204029315000000000e+09 2.580495899999999843e+00 0.000000000000000000e+00 4.614186000000000000e+06
-1.057323700000000031e+02 4.437742200000000281e+01 0.000000000000000000e+00 1.204050178000000000e+09 -9.990000000000000000e+02 0.000000000000000000e+00 4.614698000000000000e+06
-1.055955399999999997e+02 4.428412699999999802e+01 0.000000000000000000e+00 1.204057102000000000e+09 -9.990000000000000000e+02 0.000000000000000000e+00 4.614810000000000000e+06
-1.062793300000000016e+02 4.447716700000000145e+01 0.000000000000000000e+00 1.204057423000000000e+09 -9.990000000000000000e+02 0.000000000000000000e+00 4.614842000000000000e+06
-1.032118700000000047e+02 4.355677000000000021e+01 0.000000000000000000e+00 1.204060605000000000e+09 4.066852899999999771e+00 0.000000000000000000e+00 4.615241000000000000e+06
-1.069543599999999941e+02 4.412129199999999685e+01 0.000000000000000000e+00 1.204061526000000000e+09 4.062521900000000130e+00 0.000000000000000000e+00 4.615295000000000000e+06
-1.061612999999999971e+02 4.419164899999999818e+01 0.000000000000000000e+00 1.204061825000000000e+09 -9.990000000000000000e+02 0.000000000000000000e+00 4.614935000000000000e+06
-1.060661400000000043e+02 4.430601300000000009e+01 0.000000000000000000e+00 1.204062225000000000e+09 -9.990000000000000000e+02 0.000000000000000000e+00 4.614975000000000000e+06
-1.157704599999999999e+02 3.881755499999999870e+01 0.000000000000000000e+00 1.204071949000000000e+09 -9.990000000000000000e+02 0.000000000000000000e+00 4.615208000000000000e+06
-1.143501200000000040e+02 4.065502299999999991e+01 0.000000000000000000e+00 1.204088088000000000e+09 -9.990000000000000000e+02 0.000000000000000000e+00 4.615557000000000000e+06
-1.155717099999999959e+02 4.193597599999999659e+01 0.000000000000000000e+00 1.204099173000000000e+09 4.087799200000000077e+00 0.000000000000000000e+00 4.616824000000000000e+06
-1.142769700000000057e+02 4.089758199999999988e+01 0.000000000000000000e+00 1.204101748000000000e+09 -9.990000000000000000e+02 0.000000000000000000e+00 4.616345000000000000e+06
-1.146106099999999941e+02 4.095863899999999802e+01 0.000000000000000000e+00 1.204119157000000000e+09 -9.990000000000000000e+02 0.000000000000000000e+00 4.616396000000000000e+06
-1.150203800000000030e+02 4.112650299999999959e+01 0.000000000000000000e+00 1.204123850000000000e+09 -9.990000000000000000e+02 0.000000000000000000e+00 4.616819000000000000e+06
-1.057224599999999981e+02 4.406154200000000287e+01 0.000000000000000000e+00 1.204142652000000000e+09 -9.990000000000000000e+02 0.000000000000000000e+00 4.616940000000000000e+06
-1.151129399999999947e+02 4.098275399999999991e+01 0.000000000000000000e+00 1.204142794000000000e+09 2.823117100000000157e+00 0.000000000000000000e+00 4.616939000000000000e+06
-1.064745599999999968e+02 4.440934599999999932e+01 0.000000000000000000e+00 1.204144888000000000e+09 4.233787300000000364e+00 0.000000000000000000e+00 4.617194000000000000e+06
-1.137516200000000026e+02 4.077673000000000059e+01 0.000000000000000000e+00 1.204145254000000000e+09 3.979856700000000025e+00 0.000000000000000000e+00 4.617625000000000000e+06
-1.057241800000000040e+02 4.294186799999999948e+01 0.000000000000000000e+00 1.204145868000000000e+09 -9.990000000000000000e+02 0.000000000000000000e+00 4.616992000000000000e+06
-1.052800699999999949e+02 4.456951600000000013e+01 0.000000000000000000e+00 1.204152234000000000e+09 -9.990000000000000000e+02 0.000000000000000000e+00 4.617100000000000000e+06
-1.188838599999999985e+02 3.383085899999999668e+01 0.000000000000000000e+00 1.204159387000000000e+09 3.910976300000000183e+00 0.000000000000000000e+00 4.617223000000000000e+06
-1.149429599999999994e+02 4.123169800000000151e+01 2.684358899999999881e+00 1.204159464000000000e+09 6.409774500000000153e+00 0.000000000000000000e+00 4.617224000000000000e+06
-1.157487899999999996e+02 4.094365499999999969e+01 0.000000000000000000e+00 1.204202196000000000e+09 -9.990000000000000000e+02 0.000000000000000000e+00 4.618093000000000000e+06
-1.106489700000000056e+02 4.116360800000000353e+01 0.000000000000000000e+00 1.204202260000000000e+09 3.417786099999999827e+00 0.000000000000000000e+00 4.618480000000000000e+06
-1.149973700000000036e+02 4.118019499999999766e+01 0.000000000000000000e+00 1.204211437000000000e+09 3.677563899999999997e+00 0.000000000000000000e+00 4.618612000000000000e+06
-1.058141300000000058e+02 4.409826499999999783e+01 0.000000000000000000e+00 1.204215496000000000e+09 -9.990000000000000000e+02 0.000000000000000000e+00 4.618721000000000000e+06
-1.063364899999999977e+02 4.430024499999999676e+01 0.000000000000000000e+00 1.204218339000000000e+09 -9.990000000000000000e+02 0.000000000000000000e+00 4.618527000000000000e+06
-1.056785500000000013e+02 4.406053200000000203e+01 0.000000000000000000e+00 1.204220866000000000e+09 -9.990000000000000000e+02 0.000000000000000000e+00 4.618568000000000000e+06
-1.054191399999999987e+02 4.464399600000000135e+01 0.000000000000000000e+00 1.204232963000000000e+09 -9.990000000000000000e+02 0.000000000000000000e+00 4.618766000000000000e+06
-1.149825500000000034e+02 4.116413599999999917e+01 1.542926800000000043e+01 1.204269554000000000e+09 2.629757600000000028e+00 0.000000000000000000e+00 4.619600000000000000e+06
-1.151433099999999996e+02 4.117584300000000042e+01 0.000000000000000000e+00 1.204274988000000000e+09 3.104273599999999966e+00 0.000000000000000000e+00 4.619738000000000000e+06
-1.103946600000000018e+02 4.220133200000000073e+01 0.000000000000000000e+00 1.204311426000000000e+09 2.920638299999999798e+00 0.000000000000000000e+00 4.620259000000000000e+06
-1.095493400000000008e+02 4.277321400000000295e+01 0.000000000000000000e+00 1.204313533000000000e+09 3.920723600000000086e+00 0.000000000000000000e+00 4.620299000000000000e+06
-1.033303999999999974e+02 4.432866700000000293e+01 0.000000000000000000e+00 1.204315375000000000e+09 -9.990000000000000000e+02 0.000000000000000000e+00 4.620367000000000000e+06
-1.059852699999999999e+02 4.236909500000000151e+01 0.000000000000000000e+00 1.204328379000000000e+09 4.257158399999999787e+00 0.000000000000000000e+00 4.620556000000000000e+06
-1.116041900000000027e+02 4.187187699999999779e+01 0.000000000000000000e+00 1.204332581000000000e+09 -9.990000000000000000e+02 0.000000000000000000e+00 4.620804000000000000e+06
-1.160189199999999943e+02 4.141517600000000243e+01 0.000000000000000000e+00 1.204379829000000000e+09 3.369981399999999905e+00 0.000000000000000000e+00 4.621439000000000000e+06
-1.147707999999999942e+02 4.079450800000000044e+01 0.000000000000000000e+00 1.204380354000000000e+09 4.099678299999999886e+00 0.000000000000000000e+00 4.621467000000000000e+06
-1.060583400000000012e+02 4.411958299999999866e+01 0.000000000000000000e+00 1.204403102000000000e+09 -9.990000000000000000e+02 0.000000000000000000e+00 4.621984000000000000e+06
-1.041954499999999939e+02 3.311805799999999778e+01 0.000000000000000000e+00 1.204411550000000000e+09 4.092378400000000305e+00 0.000000000000000000e+00 4.622489000000000000e+06
-1.057134199999999993e+02 4.394596599999999853e+01 0.000000000000000000e+00 1.204418930000000000e+09 -9.990000000000000000e+02 0.000000000000000000e+00 4.622336000000000000e+06
-1.136077200000000005e+02 4.048425300000000249e+01 0.000000000000000000e+00 1.204445501000000000e+09 -9.990000000000000000e+02 0.000000000000000000e+00 4.622853000000000000e+06
-1.144633500000000055e+02 4.071584500000000162e+01 0.000000000000000000e+00 1.204463925000000000e+09 -9.990000000000000000e+02 0.000000000000000000e+00 4.623841000000000000e+06
-1.141673899999999975e+02 3.961044900000000268e+01 0.000000000000000000e+00 1.204488277000000000e+09 4.111069600000000435e+00 0.000000000000000000e+00 4.623631000000000000e+06
-1.057831500000000062e+02 4.477829100000000295e+01 0.000000000000000000e+00 1.204493339000000000e+09 -9.990000000000000000e+02 0.000000000000000000e+00 4.623713000000000000e+06
-1.132928600000000046e+02 4.073398000000000252e+01 0.000000000000000000e+00 1.204559957000000000e+09 4.680536299999999983e+00 0.000000000000000000e+00 4.626135000000000000e+06
-1.077012600000000049e+02 4.343408000000000158e+01 0.000000000000000000e+00 1.204561025000000000e+09 3.858598999999999890e+00 0.000000000000000000e+00 4.626124000000000000e+06
-1.060322100000000063e+02 4.578178799999999882e+01 0.000000000000000000e+00 1.204578172000000000e+09 -9.990000000000000000e+02 0.000000000000000000e+00 4.625641000000000000e+06
-1.056110199999999963e+02 4.468291899999999828e+01 0.000000000000000000e+00 1.204578603000000000e+09 4.182640799999999714e+00 0.000000000000000000e+00 4.625911000000000000e+06
-1.147617199999999968e+02 4.102501900000000035e+01 0.000000000000000000e+00 1.204584004000000000e+09 2.786772000000000027e+00 0.000000000000000000e+00 4.625767000000000000e+06
-1.095329399999999964e+02 4.277789700000000295e+01 0.000000000000000000e+00 1.204585689000000000e+09 4.124128599999999700e+00 0.000000000000000000e+00 4.625800000000000000e+06
-1.127852599999999939e+02 4.204939799999999650e+01 0.000000000000000000e+00 1.204644101000000000e+09 -9.990000000000000000e+02 0.000000000000000000e+00 4.627246000000000000e+06
-1.040265100000000018e+02 4.525156100000000237e+01 0.000000000000000000e+00 1.204646780000000000e+09 -9.990000000000000000e+02 0.000000000000000000e+00 4.627297000000000000e+06
-1.058770499999999970e+02 4.395864499999999708e+01 0.000000000000000000e+00 1.204664111000000000e+09 -9.990000000000000000e+02 0.000000000000000000e+00 4.627631000000000000e+06
-1.052117599999999982e+02 4.457790500000000122e+01 0.000000000000000000e+00 1.204665336000000000e+09 -9.990000000000000000e+02 0.000000000000000000e+00 4.627649000000000000e+06
-1.062935499999999962e+02 4.027947000000000344e+01 0.000000000000000000e+00 1.204666095000000000e+09 -9.990000000000000000e+02 0.000000000000000000e+00 4.627668000000000000e+06
-1.063989399999999961e+02 4.447881300000000238e+01 0.000000000000000000e+00 1.204670441000000000e+09 -9.990000000000000000e+02 0.000000000000000000e+00 4.627745000000000000e+06
-1.057922899999999942e+02 4.373566699999999940e+01 0.000000000000000000e+00 1.204676259000000000e+09 3.425390300000000110e+00 0.000000000000000000e+00 4.627832000000000000e+06
-1.057571300000000036e+02 4.466410400000000180e+01 0.000000000000000000e+00 1.204734197000000000e+09 -9.990000000000000000e+02 0.000000000000000000e+00 4.628965000000000000e+06
-1.043463699999999932e+02 4.147182800000000213e+01 0.000000000000000000e+00 1.204743303000000000e+09 -9.990000000000000000e+02 0.000000000000000000e+00 4.629084000000000000e+06
-1.163149200000000008e+02 4.275859400000000221e+01 0.000000000000000000e+00 1.204755344000000000e+09 -9.990000000000000000e+02 0.000000000000000000e+00 4.629270000000000000e+06
-1.065093799999999931e+02 4.443507400000000018e+01 0.000000000000000000e+00 1.204764349000000000e+09 -9.990000000000000000e+02 0.000000000000000000e+00 4.629606000000000000e+06
-1.148902599999999978e+02 4.114676299999999998e+01 1.913194199999999867e+01 1.204769156000000000e+09 4.121842199999999679e+00 0.000000000000000000e+00 4.630152000000000000e+06
-1.040100599999999957e+02 4.615187800000000351e+01 0.000000000000000000e+00 1.204828719000000000e+09 3.716911099999999912e+00 0.000000000000000000e+00 4.630576000000000000e+06
-1.069392899999999997e+02 4.607730699999999757e+01 0.000000000000000000e+00 1.204832169000000000e+09 3.744297299999999940e+00 0.000000000000000000e+00 4.630612000000000000e+06
-1.056810600000000022e+02 4.380654700000000190e+01 3.291118399999999866e+01 1.204837508000000000e+09 3.899959099999999790e+00 0.000000000000000000e+00 4.630698000000000000e+06
-1.201640600000000063e+02 3.709200299999999828e+01 0.000000000000000000e+00 1.204842338000000000e+09 4.085847499999999854e+00 0.000000000000000000e+00 4.630764000000000000e+06
