-1.175691199999999981e+02 4.098549799999999976e+01 0.000000000000000000e+00 1.199749208000000000e+09 3.231885300000000072e+00 0.000000000000000000e+00 4.532575000000000000e+06
-1.142207200000000000e+02 3.356063900000000189e+01 0.000000000000000000e+00 1.200607232000000000e+09 -9.990000000000000000e+02 0.000000000000000000e+00 4.548264000000000000e+06
-1.118624499999999955e+02 4.005788600000000343e+01 0.000000000000000000e+00 1.200608121000000000e+09 -9.990000000000000000e+02 0.000000000000000000e+00 4.548285000000000000e+06
-1.108063400000000058e+02 4.114979199999999793e+01 0.000000000000000000e+00 1.201029885000000000e+09 4.323049400000000375e+00 0.000000000000000000e+00 4.555706000000000000e+06
-1.189199700000000064e+02 4.115800399999999826e+01 0.000000000000000000e+00 1.201042650000000000e+09 2.766997299999999882e+00 0.000000000000000000e+00 4.555280000000000000e+06
-1.196737499999999983e+02 4.118621100000000013e+01 0.000000000000000000e+00 1.201044268000000000e+09 2.518561300000000003e+00 0.000000000000000000e+00 4.555336000000000000e+06
-1.178654899999999941e+02 4.107844999999999658e+01 0.000000000000000000e+00 1.201130403000000000e+09 2.602164000000000144e+00 0.000000000000000000e+00 4.557097000000000000e+06
-1.178336500000000058e+02 4.134056000000000353e+01 0.000000000000000000e+00 1.201562631000000000e+09 2.627397999999999900e+00 0.000000000000000000e+00 4.565408000000000000e+06
-1.169065200000000004e+02 4.216820899999999739e+01 0.000000000000000000e+00 1.203627414000000000e+09 4.424003599999999814e+00 0.000000000000000000e+00 4.607536000000000000e+06
-1.076835200000000015e+02 3.343152500000000060e+01 0.000000000000000000e+00 1.206387468000000000e+09 -9.990000000000000000e+02 0.000000000000000000e+00 4.654117000000000000e+06
-1.026748800000000017e+02 4.514422299999999666e+01 0.000000000000000000e+00 1.206461051000000000e+09 3.626802000000000081e+00 0.000000000000000000e+00 4.655290000000000000e+06
