0.000000000000000000e+00
9.803921568627451677e+00
2.156862745098039369e+01
3.039215686274509665e+01
3.529411764705882604e+01
4.411764705882352899e+01
5.098039215686274161e+01
5.294117647058823195e+01
5.588235294117647101e+01
5.980392156862745168e+01
6.274509803921568363e+01
6.470588235294117396e+01
6.470588235294117396e+01
6.568627450980392268e+01
6.568627450980392268e+01
6.568627450980392268e+01
6.568627450980392268e+01
6.764705882352940591e+01
6.862745098039215463e+01
7.058823529411765207e+01
7.156862745098038658e+01
7.450980392156863275e+01
7.450980392156863275e+01
7.549019607843136725e+01
7.647058823529411598e+01
7.843137254901961342e+01
7.843137254901961342e+01
7.843137254901961342e+01
7.843137254901961342e+01
7.843137254901961342e+01
7.843137254901961342e+01
7.843137254901961342e+01
7.843137254901961342e+01
7.843137254901961342e+01
7.843137254901961342e+01
7.843137254901961342e+01
7.843137254901961342e+01
7.843137254901961342e+01
7.843137254901961342e+01
7.941176470588234793e+01
8.039215686274509665e+01
8.039215686274509665e+01
8.039215686274509665e+01
8.039215686274509665e+01
8.039215686274509665e+01
8.039215686274509665e+01
8.039215686274509665e+01
8.039215686274509665e+01
8.039215686274509665e+01
8.039215686274509665e+01
8.039215686274509665e+01
8.039215686274509665e+01
8.039215686274509665e+01
8.039215686274509665e+01
8.039215686274509665e+01
8.137254901960784537e+01
8.137254901960784537e+01
8.137254901960784537e+01
8.137254901960784537e+01
8.137254901960784537e+01
8.137254901960784537e+01
8.137254901960784537e+01
8.137254901960784537e+01
8.137254901960784537e+01
8.137254901960784537e+01
8.137254901960784537e+01
8.137254901960784537e+01
8.137254901960784537e+01
8.137254901960784537e+01
8.137254901960784537e+01
8.137254901960784537e+01
8.137254901960784537e+01
8.137254901960784537e+01
8.235294117647059409e+01
8.235294117647059409e+01
8.235294117647059409e+01
8.235294117647059409e+01
8.333333333333332860e+01
8.333333333333332860e+01
8.431372549019607732e+01
8.431372549019607732e+01
8.431372549019607732e+01
8.431372549019607732e+01
8.431372549019607732e+01
8.431372549019607732e+01
8.431372549019607732e+01
8.431372549019607732e+01
8.431372549019607732e+01
8.431372549019607732e+01
8.431372549019607732e+01
8.431372549019607732e+01
8.431372549019607732e+01
8.431372549019607732e+01
8.431372549019607732e+01
8.431372549019607732e+01
8.431372549019607732e+01
8.431372549019607732e+01
8.431372549019607732e+01
8.431372549019607732e+01
8.431372549019607732e+01
8.431372549019607732e+01
8.431372549019607732e+01
8.431372549019607732e+01
8.431372549019607732e+01
8.431372549019607732e+01
8.431372549019607732e+01
8.431372549019607732e+01
8.431372549019607732e+01
8.431372549019607732e+01
8.431372549019607732e+01
8.431372549019607732e+01
8.431372549019607732e+01
8.431372549019607732e+01
8.431372549019607732e+01
8.529411764705882604e+01
8.529411764705882604e+01
8.529411764705882604e+01
8.529411764705882604e+01
8.529411764705882604e+01
8.529411764705882604e+01
8.529411764705882604e+01
8.529411764705882604e+01
8.529411764705882604e+01
8.529411764705882604e+01
8.529411764705882604e+01
8.529411764705882604e+01
8.529411764705882604e+01
8.529411764705882604e+01
8.529411764705882604e+01
8.529411764705882604e+01
8.529411764705882604e+01
8.529411764705882604e+01
8.529411764705882604e+01
8.529411764705882604e+01
8.529411764705882604e+01
8.529411764705882604e+01
8.529411764705882604e+01
8.529411764705882604e+01
