0.000000000000000000e+00
1.386138613861386126e+01
2.673267326732673155e+01
3.762376237623762165e+01
4.455445544554455495e+01
5.049504950495049371e+01
5.247524752475247567e+01
5.643564356435643248e+01
5.841584158415841443e+01
6.138613861386138382e+01
6.336633663366336577e+01
6.336633663366336577e+01
6.336633663366336577e+01
6.336633663366336577e+01
6.435643564356435320e+01
6.435643564356435320e+01
6.435643564356435320e+01
6.435643564356435320e+01
6.435643564356435320e+01
6.435643564356435320e+01
6.435643564356435320e+01
6.435643564356435320e+01
6.435643564356435320e+01
6.435643564356435320e+01
6.435643564356435320e+01
6.435643564356435320e+01
6.435643564356435320e+01
6.534653465346534063e+01
6.534653465346534063e+01
6.534653465346534063e+01
6.534653465346534063e+01
6.633663366336634226e+01
6.633663366336634226e+01
6.633663366336634226e+01
6.633663366336634226e+01
6.831683168316831711e+01
6.831683168316831711e+01
6.930693069306930454e+01
7.029702970297029196e+01
7.029702970297029196e+01
7.128712871287129360e+01
7.128712871287129360e+01
7.227722772277228103e+01
7.227722772277228103e+01
7.227722772277228103e+01
7.227722772277228103e+01
7.227722772277228103e+01
7.227722772277228103e+01
7.227722772277228103e+01
7.227722772277228103e+01
7.326732673267326845e+01
7.425742574257425588e+01
7.425742574257425588e+01
