1.000000000000000000e+02
9.333333333333332860e+01
9.000000000000000000e+01
8.444444444444444287e+01
7.500000000000000000e+01
6.800000000000000000e+01
5.888888888888888573e+01
5.428571428571428470e+01
4.916666666666666430e+01
4.592592592592592382e+01
4.266666666666666430e+01
3.878787878787878896e+01
3.555555555555555713e+01
3.282051282051281760e+01
3.095238095238095255e+01
2.888888888888888928e+01
2.708333333333333215e+01
2.549019607843137081e+01
2.407407407407407263e+01
2.280701754385965074e+01
2.166666666666666785e+01
2.063492063492063622e+01
1.969696969696969546e+01
1.884057971014492594e+01
1.805555555555555713e+01
1.733333333333333215e+01
1.666666666666666785e+01
1.629629629629629761e+01
1.571428571428571352e+01
1.517241379310344840e+01
1.466666666666666607e+01
1.440860215053763405e+01
1.395833333333333393e+01
1.353535353535353458e+01
1.313725490196078383e+01
1.314285714285714235e+01
1.277777777777777857e+01
1.261261261261261346e+01
1.245614035087719351e+01
1.213675213675213627e+01
1.200000000000000000e+01
1.170731707317073145e+01
1.158730158730158699e+01
1.131782945736434165e+01
1.106060606060606055e+01
1.081481481481481488e+01
1.057971014492753703e+01
1.035460992907801447e+01
1.013888888888888928e+01
9.931972789115645739e+00
9.866666666666667140e+00
9.803921568627451677e+00
9.615384615384614975e+00
