1.000000000000000000e+02
9.333333333333332860e+01
8.333333333333332860e+01
7.555555555555555713e+01
6.500000000000000000e+01
5.733333333333333570e+01
5.222222222222222143e+01
4.571428571428571530e+01
4.250000000000000000e+01
3.851851851851851904e+01
3.600000000000000000e+01
3.515151515151514872e+01
3.277777777777777857e+01
3.128205128205128105e+01
3.000000000000000000e+01
2.800000000000000000e+01
2.666666666666666785e+01
2.509803921568627416e+01
2.407407407407407263e+01
2.280701754385965074e+01
2.166666666666666785e+01
2.063492063492063622e+01
1.969696969696969546e+01
1.913043478260869534e+01
1.833333333333333215e+01
1.839999999999999858e+01
1.769230769230769340e+01
1.728395061728394921e+01
1.666666666666666785e+01
1.609195402298850652e+01
1.555555555555555536e+01
1.526881720430107592e+01
1.500000000000000000e+01
1.454545454545454497e+01
1.411764705882352899e+01
1.371428571428571352e+01
1.333333333333333393e+01
1.297297297297297369e+01
1.263157894736842124e+01
1.230769230769230838e+01
1.200000000000000000e+01
1.186991869918699116e+01
1.158730158730158699e+01
1.131782945736434165e+01
1.121212121212121282e+01
1.111111111111111072e+01
1.086956521739130466e+01
1.063829787234042534e+01
1.041666666666666607e+01
1.020408163265306101e+01
1.000000000000000000e+01
9.803921568627451677e+00
9.615384615384614975e+00
9.559748427672955629e+00
9.382716049382716861e+00
9.212121212121212821e+00
9.047619047619047450e+00
8.888888888888889284e+00
8.735632183908046855e+00
8.587570621468927357e+00
8.444444444444444642e+00
8.306010928961748974e+00
