1.000000000000000000e+02
9.333333333333332860e+01
8.666666666666667140e+01
7.555555555555555713e+01
7.166666666666667140e+01
6.933333333333332860e+01
6.222222222222222143e+01
5.428571428571428470e+01
5.000000000000000000e+01
4.592592592592592382e+01
4.333333333333333570e+01
4.000000000000000000e+01
3.777777777777777857e+01
3.487179487179486870e+01
3.285714285714285410e+01
3.200000000000000000e+01
3.083333333333333215e+01
2.941176470588235148e+01
2.814814814814814881e+01
2.701754385964912331e+01
2.600000000000000000e+01
2.476190476190476275e+01
2.363636363636363669e+01
2.260869565217391397e+01
2.166666666666666785e+01
2.106666666666666643e+01
2.025641025641025550e+01
1.950617283950617420e+01
1.880952380952381020e+01
1.816091954022988375e+01
1.755555555555555713e+01
1.741935483870967616e+01
1.708333333333333215e+01
1.676767676767676818e+01
1.627450980392156765e+01
1.580952380952381020e+01
1.537037037037037024e+01
1.495495495495495497e+01
1.456140350877192979e+01
1.418803418803418737e+01
1.383333333333333393e+01
1.349593495934959364e+01
1.317460317460317398e+01
1.286821705426356566e+01
1.257575757575757613e+01
1.229629629629629584e+01
1.202898550724637694e+01
1.177304964539007059e+01
1.152777777777777857e+01
1.129251700680272030e+01
1.106666666666666643e+01
1.084967320261437962e+01
1.064102564102564052e+01
1.044025157232704437e+01
1.024691358024691290e+01
1.006060606060606055e+01
9.880952380952381375e+00
9.707602339181287121e+00
9.540229885057470938e+00
9.378531073446326971e+00
9.222222222222221433e+00
9.180327868852458550e+00
9.032258064516129892e+00
8.888888888888889284e+00
8.750000000000000000e+00
8.615384615384614975e+00
8.484848484848484418e+00
8.358208955223879855e+00
8.235294117647057988e+00
8.115942028985507761e+00
8.000000000000000000e+00
7.887323943661971981e+00
7.777777777777777679e+00
7.671232876712328341e+00
7.567567567567567544e+00
7.466666666666666785e+00
7.368421052631578760e+00
7.272727272727272485e+00
7.264957264957264904e+00
7.172995780590717629e+00
7.083333333333333037e+00
7.078189300411522389e+00
6.991869918699187281e+00
6.907630522088353153e+00
6.825396825396825129e+00
6.745098039215686292e+00
6.666666666666666963e+00
6.590038314176244860e+00
6.515151515151515582e+00
6.441947565543070908e+00
6.370370370370370239e+00
6.300366300366300187e+00
6.231884057971014634e+00
6.164874551971325722e+00
6.099290780141844337e+00
6.035087719298245723e+00
5.972222222222222321e+00
5.910652920962199630e+00
5.850340136054422047e+00
5.791245791245791530e+00
5.733333333333333393e+00
5.676567656765676873e+00
5.620915032679738133e+00
5.566343042071197011e+00
5.512820512820512775e+00
5.460317460317460458e+00
5.408805031446540568e+00
5.358255451713395345e+00
5.308641975308641570e+00
5.259938837920489441e+00
5.212121212121211933e+00
5.165165165165165106e+00
5.119047619047618625e+00
5.073746312684365378e+00
5.029239766081871288e+00
5.043478260869565410e+00
5.000000000000000000e+00
4.957264957264957417e+00
4.915254237288135819e+00
4.873949579831932333e+00
4.833333333333333037e+00
4.793388429752066138e+00
4.754098360655738098e+00
4.715447154471545055e+00
4.677419354838709964e+00
4.639999999999999680e+00
4.603174603174602808e+00
4.566929133858267598e+00
4.531250000000000000e+00
4.496124031007751931e+00
4.461538461538461675e+00
4.427480916030534175e+00
4.393939393939393590e+00
4.360902255639097724e+00
4.328358208955223496e+00
4.296296296296296724e+00
4.264705882352941124e+00
4.233576642335766138e+00
