1.000000000000000000e+02
6.666666666666667140e+01
7.333333333333332860e+01
6.888888888888888573e+01
6.000000000000000000e+01
6.000000000000000000e+01
5.777777777777777857e+01
5.142857142857143060e+01
4.750000000000000000e+01
4.518518518518518334e+01
4.266666666666666430e+01
4.000000000000000000e+01
3.666666666666666430e+01
3.435897435897435770e+01
3.190476190476190510e+01
2.977777777777777857e+01
2.791666666666666785e+01
2.705882352941176450e+01
2.592592592592592737e+01
2.526315789473684248e+01
2.433333333333333215e+01
2.412698412698412653e+01
2.303030303030303116e+01
2.231884057971014457e+01
2.166666666666666785e+01
2.133333333333333215e+01
2.051282051282051455e+01
1.975308641975308532e+01
1.904761904761904745e+01
1.839080459770114828e+01
1.777777777777777857e+01
1.720430107526881613e+01
1.666666666666666785e+01
1.616161616161616266e+01
1.568627450980392091e+01
1.523809523809523725e+01
1.481481481481481488e+01
1.441441441441441462e+01
1.403508771929824483e+01
1.384615384615384670e+01
1.366666666666666607e+01
1.333333333333333393e+01
1.301587301587301582e+01
1.271317829457364290e+01
1.242424242424242387e+01
1.214814814814814881e+01
1.188405797101449224e+01
1.163120567375886516e+01
1.138888888888888928e+01
1.115646258503401356e+01
1.093333333333333357e+01
1.071895424836601229e+01
1.051282051282051277e+01
1.031446540880503093e+01
1.012345679012345734e+01
1.006060606060606055e+01
9.880952380952381375e+00
9.707602339181287121e+00
9.540229885057470938e+00
9.378531073446326971e+00
9.222222222222221433e+00
9.071038251366120519e+00
8.924731182795698103e+00
8.783068783068783247e+00
8.645833333333333925e+00
8.512820512820512775e+00
8.383838383838384090e+00
8.258706467661690809e+00
8.137254901960783826e+00
8.019323671497584627e+00
7.904761904761905100e+00
7.793427230046948040e+00
7.685185185185185119e+00
7.671232876712328341e+00
7.567567567567567544e+00
7.466666666666666785e+00
7.368421052631578760e+00
7.359307359307359242e+00
7.264957264957264904e+00
7.257383966244725926e+00
7.166666666666666963e+00
7.078189300411522389e+00
6.991869918699187281e+00
6.907630522088353153e+00
6.825396825396825129e+00
6.745098039215686292e+00
6.666666666666666963e+00
6.590038314176244860e+00
6.515151515151515582e+00
6.441947565543070908e+00
6.370370370370370239e+00
6.300366300366300187e+00
6.231884057971014634e+00
6.164874551971325722e+00
6.099290780141844337e+00
6.035087719298245723e+00
5.972222222222222321e+00
5.910652920962199630e+00
5.850340136054422047e+00
5.791245791245791530e+00
5.733333333333333393e+00
5.676567656765676873e+00
5.620915032679738133e+00
5.566343042071197011e+00
5.512820512820512775e+00
5.460317460317460458e+00
5.408805031446540568e+00
5.358255451713395345e+00
5.308641975308641570e+00
5.259938837920489441e+00
5.212121212121211933e+00
5.165165165165165106e+00
5.119047619047618625e+00
5.073746312684365378e+00
5.087719298245613864e+00
5.043478260869565410e+00
5.000000000000000000e+00
4.957264957264957417e+00
4.915254237288135819e+00
4.873949579831932333e+00
4.833333333333333037e+00
4.793388429752066138e+00
4.754098360655738098e+00
4.715447154471545055e+00
4.677419354838709964e+00
4.639999999999999680e+00
4.603174603174602808e+00
4.566929133858267598e+00
4.531250000000000000e+00
4.496124031007751931e+00
4.461538461538461675e+00
4.427480916030534175e+00
4.393939393939393590e+00
4.360902255639097724e+00
4.328358208955223496e+00
4.296296296296296724e+00
4.264705882352941124e+00
4.233576642335766138e+00
