0.000000000000000000e+00
1.372549019607843057e+01
2.549019607843137081e+01
3.333333333333333570e+01
4.215686274509803866e+01
5.098039215686274161e+01
5.490196078431372229e+01
5.588235294117647101e+01
5.882352941176470296e+01
6.078431372549019329e+01
6.372549019607843235e+01
6.470588235294117396e+01
6.666666666666667140e+01
6.666666666666667140e+01
6.764705882352940591e+01
7.058823529411765207e+01
7.254901960784313530e+01
7.352941176470588402e+01
7.450980392156863275e+01
7.549019607843136725e+01
7.647058823529411598e+01
7.647058823529411598e+01
7.647058823529411598e+01
7.647058823529411598e+01
7.647058823529411598e+01
7.745098039215686470e+01
7.745098039215686470e+01
7.745098039215686470e+01
7.745098039215686470e+01
7.745098039215686470e+01
7.745098039215686470e+01
7.941176470588234793e+01
8.039215686274509665e+01
8.137254901960784537e+01
8.137254901960784537e+01
8.137254901960784537e+01
8.137254901960784537e+01
8.137254901960784537e+01
8.137254901960784537e+01
8.137254901960784537e+01
8.137254901960784537e+01
8.137254901960784537e+01
8.137254901960784537e+01
8.137254901960784537e+01
8.137254901960784537e+01
8.137254901960784537e+01
8.137254901960784537e+01
8.137254901960784537e+01
8.137254901960784537e+01
8.137254901960784537e+01
8.137254901960784537e+01
8.137254901960784537e+01
8.137254901960784537e+01
8.137254901960784537e+01
8.137254901960784537e+01
8.137254901960784537e+01
8.137254901960784537e+01
8.137254901960784537e+01
8.137254901960784537e+01
8.137254901960784537e+01
8.137254901960784537e+01
8.235294117647059409e+01
8.235294117647059409e+01
8.235294117647059409e+01
8.235294117647059409e+01
8.235294117647059409e+01
8.235294117647059409e+01
8.235294117647059409e+01
8.235294117647059409e+01
8.235294117647059409e+01
8.235294117647059409e+01
8.235294117647059409e+01
8.235294117647059409e+01
8.235294117647059409e+01
8.235294117647059409e+01
8.235294117647059409e+01
8.235294117647059409e+01
8.235294117647059409e+01
8.333333333333332860e+01
8.333333333333332860e+01
8.333333333333332860e+01
8.431372549019607732e+01
8.431372549019607732e+01
8.431372549019607732e+01
8.431372549019607732e+01
8.431372549019607732e+01
8.431372549019607732e+01
8.431372549019607732e+01
8.431372549019607732e+01
8.431372549019607732e+01
8.431372549019607732e+01
8.431372549019607732e+01
8.431372549019607732e+01
8.431372549019607732e+01
8.431372549019607732e+01
8.431372549019607732e+01
8.431372549019607732e+01
8.431372549019607732e+01
8.431372549019607732e+01
8.431372549019607732e+01
8.431372549019607732e+01
8.431372549019607732e+01
8.431372549019607732e+01
8.431372549019607732e+01
8.431372549019607732e+01
8.431372549019607732e+01
8.431372549019607732e+01
8.431372549019607732e+01
8.431372549019607732e+01
8.431372549019607732e+01
8.431372549019607732e+01
8.431372549019607732e+01
8.431372549019607732e+01
8.431372549019607732e+01
8.431372549019607732e+01
8.529411764705882604e+01
8.529411764705882604e+01
8.529411764705882604e+01
8.529411764705882604e+01
8.529411764705882604e+01
8.529411764705882604e+01
8.529411764705882604e+01
8.529411764705882604e+01
8.529411764705882604e+01
8.529411764705882604e+01
8.529411764705882604e+01
8.529411764705882604e+01
8.529411764705882604e+01
8.529411764705882604e+01
8.529411764705882604e+01
8.529411764705882604e+01
8.529411764705882604e+01
8.529411764705882604e+01
8.529411764705882604e+01
8.529411764705882604e+01
8.529411764705882604e+01
8.529411764705882604e+01
8.529411764705882604e+01
