1.000000000000000000e+02
8.666666666666667140e+01
7.333333333333332860e+01
7.333333333333332860e+01
7.333333333333332860e+01
6.666666666666667140e+01
6.333333333333333570e+01
5.619047619047618980e+01
5.000000000000000000e+01
4.740740740740740478e+01
4.333333333333333570e+01
4.000000000000000000e+01
3.722222222222222143e+01
3.487179487179486870e+01
3.238095238095237960e+01
3.155555555555555713e+01
2.958333333333333215e+01
2.823529411764705799e+01
2.703703703703703809e+01
2.596491228070175339e+01
2.500000000000000000e+01
2.412698412698412653e+01
2.333333333333333215e+01
2.231884057971014457e+01
2.166666666666666785e+01
2.133333333333333215e+01
2.102564102564102555e+01
2.024691358024691468e+01
1.952380952380952550e+01
1.885057471264367734e+01
1.822222222222222143e+01
1.763440860215053618e+01
1.708333333333333215e+01
1.656565656565656397e+01
1.607843137254901933e+01
1.561904761904761862e+01
1.518518518518518512e+01
1.477477477477477485e+01
1.438596491228070207e+01
1.401709401709401703e+01
1.366666666666666607e+01
1.333333333333333393e+01
1.301587301587301582e+01
1.271317829457364290e+01
1.242424242424242387e+01
1.214814814814814881e+01
1.188405797101449224e+01
1.163120567375886516e+01
1.138888888888888928e+01
1.115646258503401356e+01
1.093333333333333357e+01
1.084967320261437962e+01
1.064102564102564052e+01
1.044025157232704437e+01
1.024691358024691290e+01
1.006060606060606055e+01
9.880952380952381375e+00
9.707602339181287121e+00
9.540229885057470938e+00
9.491525423728813138e+00
9.333333333333333925e+00
9.180327868852458550e+00
9.032258064516129892e+00
8.888888888888889284e+00
8.750000000000000000e+00
8.615384615384614975e+00
8.484848484848484418e+00
8.358208955223879855e+00
8.235294117647057988e+00
8.115942028985507761e+00
8.000000000000000000e+00
7.887323943661971981e+00
7.777777777777777679e+00
7.671232876712328341e+00
7.567567567567567544e+00
7.466666666666666785e+00
7.456140350877192624e+00
7.359307359307359242e+00
7.264957264957264904e+00
7.172995780590717629e+00
7.166666666666666963e+00
7.078189300411522389e+00
6.991869918699187281e+00
6.907630522088353153e+00
6.825396825396825129e+00
6.745098039215686292e+00
6.666666666666666963e+00
6.590038314176244860e+00
6.515151515151515582e+00
6.441947565543070908e+00
6.370370370370370239e+00
6.300366300366300187e+00
6.231884057971014634e+00
6.164874551971325722e+00
6.099290780141844337e+00
6.035087719298245723e+00
5.972222222222222321e+00
5.910652920962199630e+00
5.850340136054422047e+00
5.791245791245791530e+00
5.733333333333333393e+00
5.676567656765676873e+00
5.620915032679738133e+00
5.566343042071197011e+00
5.512820512820512775e+00
5.460317460317460458e+00
5.408805031446540568e+00
5.358255451713395345e+00
5.308641975308641570e+00
5.259938837920489441e+00
5.212121212121211933e+00
5.165165165165165106e+00
5.119047619047618625e+00
5.073746312684365378e+00
5.029239766081871288e+00
5.043478260869565410e+00
5.000000000000000000e+00
4.957264957264957417e+00
4.915254237288135819e+00
4.873949579831932333e+00
4.833333333333333037e+00
4.793388429752066138e+00
4.754098360655738098e+00
4.715447154471545055e+00
4.677419354838709964e+00
4.639999999999999680e+00
4.603174603174602808e+00
4.566929133858267598e+00
4.531250000000000000e+00
4.496124031007751931e+00
4.461538461538461675e+00
4.427480916030534175e+00
4.393939393939393590e+00
4.360902255639097724e+00
4.328358208955223496e+00
4.296296296296296724e+00
4.264705882352941124e+00
4.233576642335766138e+00
