1.460888659010698731e+01
8.297620209066081998e+00
1.375078699357913692e+01
2.895742894365055520e+01
2.031854173165084099e+00
4.903317998911016495e+00
7.545543166126428503e+00
3.468013011913900989e+00
8.850956405662094184e+00
8.267801264571909670e+00
6.065899355038772534e+00
2.107504747304102111e+01
7.036933158817022083e+00
4.331807341648248766e+00
5.932438745092759369e+00
7.848440038204125280e+00
4.137555120515757245e+00
5.642199300175935406e+00
6.889858009508436076e+00
2.398302566998917751e-01
5.781551521248918135e+00
2.563404734297143328e+00
3.948113418055197776e+00
1.194841784296499476e+01
1.364976138268962691e+00
6.139012763810116624e+00
9.433443332376560519e+00
5.134976172370885550e+00
1.699261247249038931e+01
8.249833851526666706e+00
3.473740813618372503e+00
6.407072768604113833e+01
4.625702976377630726e+00
1.329113453937686629e+01
5.077361809615946697e+01
4.544651691812960692e+00
4.166930756378400957e+01
9.865203895184050609e+00
1.783436806364617411e+01
2.168428621621038417e+02
1.035551943978246641e+02
6.836090891690867366e+00
1.040099621639224203e+01
1.156069373351627583e+01
3.677606949078402021e+00
7.665157146912870090e+00
8.365061850819049738e+00
1.094731912444015087e+01
5.435028989604890626e+01
1.289774436714944184e+00
2.052153923557497706e+01
2.034844771517419915e+01
1.948604971818649574e+02
4.743933178400388861e+00
1.366914031566781418e+01
4.774878607669936770e+00
1.342492283189776980e+00
8.033065750989406339e+00
4.600389864124862171e+00
1.749382133270571060e+01
2.831918123784456398e+00
5.672520873178991785e+00
5.363323704837474892e+00
5.169829434630960563e+00
8.358032270325539415e+00
1.584972887790157259e+01
7.715509546192521384e+00
4.690469588641358989e+00
3.553805394131974538e+01
2.688012290942213411e+01
2.298496529258491794e+00
9.597501163814584402e+00
2.719843098558521355e+00
3.738462071304703205e+00
1.179468183742475640e+00
