8.704290252241214887e+00
2.215490719751909143e+00
7.035763657110878366e-01
3.258647107125095310e+00
4.307311137619938890e+00
6.931549540288356681e+00
1.389948419277339697e+00
7.069748524168680603e+00
9.932464041457755854e+00
3.581702611004996317e+00
9.119703663898871326e+00
2.030911014429259254e+00
3.253545049998126437e+00
4.792602111335354209e+01
2.213203454899494105e+00
2.788371246697206374e+00
1.649529881288651412e+00
2.073287539864020701e+00
1.283695152176856702e+01
6.313146104971992578e+00
7.171401901111210009e+01
1.542650648456137752e+00
2.249248836869857104e+00
5.702134993122318640e+00
2.150703086778700701e+00
2.816653054759736374e+00
3.175370212975467510e+00
1.395362317636634231e+01
4.765234072671709953e+01
7.630775069677580902e+00
2.323379286186410653e+00
4.484739036807124712e+00
7.260306040375446912e+00
4.862763538440725952e+00
2.186876626923859313e+00
7.466985420621100822e+00
1.884359689674422711e+01
2.061233967960195201e+01
8.235098648028886359e+00
3.334125700510532475e+00
7.470715798744804736e+00
4.755452982503486581e+00
1.560807625269272307e+02
2.583079414872675450e+00
3.460121507726301360e+01
1.091655041988638963e+01
1.574743656887854399e+02
2.152381303027408777e+01
2.960276482662611119e+00
6.051997369336373112e+00
3.203837825177467291e+00
9.621883914386400249e+01
2.337033735748478236e+01
5.238509778147708573e+00
1.963884414226524555e+01
5.858221425497957213e+00
1.092883227078532471e+01
2.072644145055207332e+01
2.151966992255599962e+02
3.692840903489825521e+00
1.158656478982031501e+01
2.380471689751360032e+01
6.866245611608537303e+00
2.644390819626708300e+00
1.772788341369972187e+01
3.346611301631444046e+00
4.777908699775231582e+00
1.513594137083951523e+02
2.546073107337437236e+01
7.936038761872419300e+00
7.562037484442741153e+00
6.064853476553698997e+00
1.855070666027737758e+01
6.772732375448675235e+00
1.616893279947489326e+00
1.545754343563777056e+01
1.921700241483386584e+00
1.356260968940219698e+02
3.162283279942768388e+01
5.680917318490239509e+00
1.288427339727204490e+01
4.023888980000984716e+00
8.722050824098934640e+01
5.639624785972969789e+00
8.346035385954699848e+01
4.255189306652768622e+00
2.111179737333146988e+01
