-1.221946473310822938e+02 4.616895203248902391e+01 7.219411843224452952e+00 1.199262023952026129e+09 2.579925141547984246e+00 7.486561956536024809e+01
-1.052600675638724397e+02 4.396539714376107355e+01 1.846006839251685676e+02 1.199262129386487007e+09 2.426640752863194805e+00 8.493287689634598792e+01
-1.091326871659871074e+02 3.846450514947851929e+01 1.747609620520041318e+01 1.199263975448093891e+09 2.605166339134219022e+00 5.115619221189990640e+01
-1.227007555897604760e+02 3.871407845830140104e+01 3.124159530447515465e+01 1.199263987750465155e+09 2.975297220181455593e+00 8.348368369066156447e+01
-1.051772307186852373e+02 4.374282549547346832e+01 3.234160617386494074e+00 1.199747484977830648e+09 2.971293661475865822e+00 3.852392329233698547e+02
-1.204832684000933511e+02 4.507926297372270596e+01 1.477611947153141791e+01 1.199747825063967705e+09 2.292428197277523783e+00 3.995141625520773232e+01
-1.222478398527012757e+02 4.688205165459658019e+01 5.333182769221865627e+00 1.199747826535145760e+09 3.048105336352511685e+00 7.536387278162874281e+01
-1.226201532957657463e+02 4.800150974514377111e+01 7.316492005480469407e-01 1.199747837318105698e+09 2.646586323526392004e+00 8.551388903683982790e+01
-1.228609497062784044e+02 4.608960929558848107e+01 3.193127890060472041e+00 1.199748185840884924e+09 3.846794890174276116e+00 1.904003547029569745e+02
-1.166861921641527431e+02 4.099721053867938991e+01 1.402532790932468565e+01 1.199748263996184111e+09 2.055428533365875055e+00 3.043972896947525442e+01
-1.222197793426510799e+02 4.646713728149971701e+01 1.438438640109196642e+00 1.199748347649745941e+09 3.353749395181981452e+00 6.774795696535147727e+01
-1.053660910164333302e+02 4.397001145446094483e+01 1.014327134466890046e+00 1.199748410014472008e+09 2.637205429306225923e+00 1.314733553356491029e+02
-1.125140521151216433e+02 4.539096258420102004e+01 3.356944720847154429e+01 1.199748440617588758e+09 2.856817699083305406e+00 1.235787820699624717e+02
-1.219298092037474959e+02 4.764082983156685458e+01 3.932406200617058811e+00 1.199749074117942572e+09 3.090694714564056866e+00 6.358761819917708635e+01
-1.168248227681506108e+02 4.064890702130335853e+01 1.392077861834078778e+00 1.199749215380235195e+09 2.666228481702388908e+00 4.359904080149717629e+02
-1.054236798175875691e+02 4.424813987514150426e+01 8.469975919477889192e+00 1.199749334838415146e+09 2.082342388162017333e+00 3.588986978121101856e+01
-1.066170776090008587e+02 4.607837752193632497e+01 3.826853810393742172e+00 1.199749375147254229e+09 3.037747312014413836e+00 9.496544231357984245e+01
-1.052378300484422340e+02 4.361321121408031587e+01 1.991194685314374269e+01 1.199749396244436979e+09 2.875743384179192841e+00 2.893928552186116576e+01
-1.054484261896388233e+02 4.376637330140491144e+01 1.122680957359819587e+01 1.199750524116760254e+09 2.064927193665758054e+00 4.029822979005984962e+01
-1.220434519492651333e+02 4.861882410025356904e+01 5.549442640748886824e+00 1.200138550487124681e+09 3.841505546093577639e+00 9.566957770916633308e+01
-1.171855412989991123e+02 4.066449115068024156e+01 3.450163668778673554e+01 1.200138679388599634e+09 3.346134809365755025e+00 1.230788924836087972e+02
-1.194052603708123712e+02 3.893414974214787350e+01 8.647316681604179323e+00 1.200138703347277403e+09 2.802079905162142115e+00 3.897794768291059881e+02
-1.049924791709001113e+02 4.350687669232475940e+01 1.646269380333967902e+01 1.200140396373140812e+09 2.019558680945792162e+00 1.416819904535077512e+01
-1.056904497138996675e+02 4.463633438798351705e+01 5.646819432018020279e+00 1.200140406422458649e+09 2.824651577768506172e+00 5.179359763069078326e+01
-1.068025182154255788e+02 4.520347503012131085e+01 7.209236783769842560e+00 1.200140418569581747e+09 3.110154241895852767e+00 2.052578762569464743e+02
-1.051299218522246832e+02 4.423170774671896766e+01 2.722151296021555567e+01 1.200605424803676367e+09 3.892478311172819616e+00 3.922394605586305261e+01
-1.218075137942589095e+02 4.696309751263217436e+01 2.605562811804874812e+00 1.200605442264466524e+09 2.591547071362672927e+00 1.318013661471195519e+01
-1.053648463085452960e+02 4.340098567279629549e+01 6.713889763885499962e-01 1.200605555205924988e+09 3.101576691550028020e+00 2.446748661077581346e+02
-1.046640731024032220e+02 3.797372521021409852e+01 1.592843434579741313e+01 1.200605685910315990e+09 3.564691321170095240e+00 2.186157295624725521e+02
-1.087977540574136981e+02 3.521594855709652450e+01 1.021826430109038064e+00 1.200605730408197880e+09 3.418041134164462758e+00 9.429231165815144777e+01
-1.052024891793996773e+02 4.387012668762543655e+01 5.999888827708195205e-01 1.200606752678041458e+09 2.656818541768357189e+00 1.025544719486497343e+02
-1.233352138650017906e+02 4.870365657884734389e+01 5.837735491770826179e+00 1.200606992327103138e+09 2.606437790008555133e+00 -4.723167939810082316e+00
-1.194904044105809930e+02 3.330407246911838115e+01 1.272099248741923994e+01 1.200607208772053480e+09 3.812076096843471262e+00 1.107493279271293432e+02
-1.139144279409039910e+02 3.518456900513249508e+01 5.665681923361945316e+00 1.200607219448526382e+09 3.310669718768752823e+00 1.185002388311550021e+02
-1.159857103150122413e+02 3.566051260276489643e+01 4.384052914926580335e+00 1.200607233476660728e+09 3.270581498953214705e+00 9.088289680727757514e+01
-1.181354303451596479e+02 3.486943018309029441e+01 5.847292358120834699e-01 1.200607238295135021e+09 3.683452948553495254e+00 8.832657190691679716e+01
-1.053130304678438591e+02 4.363879189813599169e+01 1.148731700777134179e+01 1.200607505188418388e+09 2.351360488239891744e+00 1.042683573798276484e+02
-1.104825522687436319e+02 4.421301119813549718e+01 1.413683680551281263e+01 1.200607580760958433e+09 2.008241970829955925e+00 2.558248100476339459e+01
-1.113732148835296982e+02 3.897928564802331408e+01 5.918110954608233776e+00 1.200608104143991232e+09 2.242865208782774733e+00 1.773105552953667939e+03
-1.052078549640480531e+02 4.388973860366495217e+01 3.782456114704880523e+00 1.201028393184222460e+09 3.166827149852943890e+00 6.179025944927707314e+01
-1.005996121442938147e+02 3.543478825193944459e+01 1.529470774310577319e-01 1.201028863632828712e+09 2.246779939128731307e+00 1.126632254826836288e+01
-1.112568759262452147e+02 4.494711168060748463e+01 2.879826877415784026e+00 1.201029868894708395e+09 3.108632999321859103e+00 4.077118090295698494e+02
-1.113708582125985629e+02 4.269028258689330357e+01 7.679771678115741906e+00 1.201029897309067011e+09 2.783385504716437975e+00 8.515101149212568998e+01
-1.052102705463841517e+02 4.378147931915277269e+01 1.749740681176628287e+00 1.201030486518567801e+09 3.051672984985172921e+00 3.200866777310147882e+01
-1.219190117166940865e+02 4.604992518996616013e+01 6.397564680674772131e-01 1.201030540923489094e+09 2.629276861183771352e+00 7.446171572455205023e+01
-1.051614441181366288e+02 4.401385495951858928e+01 5.738096825857612160e+00 1.201030951510072470e+09 2.802354519132702837e+00 3.622318186191841960e+01
-1.220301909823672020e+02 4.622781424676294648e+01 4.378984508746032844e+00 1.201030999369847775e+09 2.255816495740244232e+00 6.102406107634305954e+01
-1.218568833153824187e+02 4.797334657373269096e+01 4.556839739824326330e+00 1.201031022294231415e+09 2.236642155944605026e+00 7.316772267059423029e+01
-1.149115034658427703e+02 4.121364946862964018e+01 3.447117345155643875e+01 1.201031054241452456e+09 2.537091157455825474e+00 5.219652098906226456e+01
-1.167931661019079002e+02 4.508418081965389490e+01 1.382074750785412087e+00 1.201031056662995577e+09 2.476324974279147551e+00 7.606957294652238488e+01
-1.054831052432456602e+02 4.351719751620802867e+01 1.937407448379911745e+00 1.201031118583162069e+09 2.043796598152983091e+00 3.531234548450447619e+01
-1.089935516246636951e+02 3.980200551769733153e+01 2.154661824922981950e+01 1.201042517370060682e+09 2.079411551892263343e+00 3.584398380666971207e+01
-1.054210385398509118e+02 4.369988976973970551e+01 4.195364421565965785e+00 1.201042521552425861e+09 2.759898774354474060e+00 1.562380159688182175e+02
-1.164579788906257676e+02 4.097278465914402545e+01 4.330183907880122085e+00 1.201042657058682442e+09 2.441724582256273202e+00 4.877361729529220611e+02
-1.207131709800270869e+02 4.492258552543297156e+01 1.185975471181025309e+00 1.201042657265750170e+09 2.824886512700220731e+00 7.197245489037595689e+01
-1.052855176299314337e+02 4.391211430099587432e+01 9.134503621818993224e+00 1.201042686640773535e+09 2.314069820518829257e+00 4.272151465807110071e+01
-1.051465143235996180e+02 4.382101836033066178e+01 4.506668745275543841e+00 1.201042819465977907e+09 2.559066579776664074e+00 7.460547759197652340e+01
-1.057434818045143743e+02 4.389949062090411758e+01 1.650881514413487405e+00 1.201043564565315247e+09 2.662755104902813308e+00 7.555544125824235380e+01
-1.168298949880578732e+02 4.058487813953095724e+01 2.992797689752361379e+00 1.201044277390590429e+09 2.444873276442351973e+00 3.487039277493022382e+01
-1.092369888306457852e+02 4.712824908151789316e+01 2.781434767762922533e+00 1.201044370796771526e+09 2.296481467844554203e+00 4.770142882224172354e+01
-1.209569454052885362e+02 4.501176675414749440e+01 2.033135348088348238e+01 1.201044569572762489e+09 2.500013703024591916e+00 1.055729162797797471e+02
-1.051898876781240375e+02 4.382129522667180765e+01 1.014916294734574720e+01 1.201044887326515675e+09 2.257973122761181006e+00 4.564604898984543979e+01
-1.246986255036424751e+02 4.044150289574385226e+01 2.570127674848836108e+01 1.201046016859679699e+09 3.038389496650368837e+00 1.171163275709841400e+02
-1.147948766131688245e+02 4.124292244297836874e+01 9.962566620701653886e-01 1.201129193704115391e+09 2.194049238801456525e+00 5.626716397167183459e+01
-1.067270730609679958e+02 4.592621906661334208e+01 1.363164867297861704e+01 1.201129316267725945e+09 2.284461118278557024e+00 6.893888853141106665e+01
-1.049782251017863928e+02 4.364734946124399073e+01 3.962332451222268848e+00 1.201129323557159185e+09 2.726164851339458739e+00 9.800439632451161742e+01
-1.051553887877626892e+02 4.383955497574157079e+01 2.333798174559313932e+00 1.201129498857972383e+09 2.272066954972663311e+00 8.424468820798210800e+01
-1.049250828417715127e+02 4.366965798287919398e+01 1.365351429188599042e+01 1.201130192040425062e+09 2.247742665401049944e+00 3.457786696217954159e+01
-1.050461799486432000e+02 4.350065370588237812e+01 3.436991898489593078e-01 1.201130589014796019e+09 2.723415274103155426e+00 5.776475132815539837e+01
-1.052030894752570021e+02 4.394374152610188133e+01 6.525141092257908948e-01 1.201131133567953587e+09 3.055887851376364761e+00 2.982168743491638452e+02
-1.228056772690142822e+02 3.873517020312245762e+01 2.106418711565686408e+01 1.201131821852282524e+09 2.175392647085785391e+00 2.870312428451143205e+01
-1.220434767302018884e+02 4.671636278100872630e+01 3.318211288550880056e+01 1.201131866629489422e+09 3.559505632830182620e+00 8.463193422905169427e+01
-1.052817462280479361e+02 4.355184795948706977e+01 6.885690360882235517e+00 1.201132128841535807e+09 2.693642144235929070e+00 3.659652588749304414e+01
-1.227225478364406825e+02 3.859957072890510688e+01 9.669738750385670656e+00 1.201317632328183174e+09 2.136643261415752448e+00 6.555265631037764251e+01
-1.089905153096694335e+02 4.710146090762383153e+01 2.100802800361143863e+00 1.201319357281472206e+09 2.916265356620917792e+00 9.909670831169933081e+01
-1.209768640336567529e+02 4.517588672851449871e+01 6.811565136979401913e+00 1.201320717896796703e+09 2.751822508596232009e+00 1.315491200201213360e+02
-1.222863810778621314e+02 3.772707396515982481e+01 1.238173826400145039e+01 1.201557030715836287e+09 2.195564107538551024e+00 4.139919127360917628e+01
-1.053009001553082555e+02 4.364945093506572249e+01 2.100419662962051461e+02 1.201557158788473129e+09 2.915405245710512627e+00 4.677067821566015482e+01
-1.051586427765442977e+02 4.387515137037550517e+01 1.196473137713188306e+00 1.201557217504468918e+09 3.419076234332450337e+00 4.699530151931103319e+02
-1.055607867792020187e+02 4.455684797664515884e+01 4.313649662816128050e+00 1.201557585689775944e+09 2.232798602204881799e+00 5.357395304902456701e+01
-1.118537022959943954e+02 4.601697001562771305e+01 1.316082468515650528e-01 1.201557597659782171e+09 2.845843769388621158e+00 1.878122436818666756e+02
-1.069580368057319362e+02 4.509736553806535397e+01 1.230100676070469490e+01 1.201557609247463226e+09 2.024162985134763115e+00 5.982614004192873836e+01
-1.073913032240769354e+02 4.507093364721631445e+01 1.079970973313522009e+01 1.201558043035590172e+09 2.879879926905010823e+00 4.744143885280936956e+01
-1.055279600482446085e+02 4.363941590240032298e+01 1.619016176564154641e+00 1.201558062875510693e+09 2.971736932398469033e+00 5.253437886666506529e+01
-1.153438130877099042e+02 4.439414274150774276e+01 3.438016870594712771e+01 1.201558292681349754e+09 2.697296660060781726e+00 3.254377828328870237e+01
-1.164103328627030578e+02 4.097309095484965979e+01 2.048955962765943539e+01 1.201558329052286148e+09 2.201194248646792584e+00 8.670850028190761805e+01
-1.181750898675179826e+02 3.938605190217511165e+01 5.873172194894015208e-01 1.201558730305726528e+09 3.679432235878647983e+00 3.260077407816424966e+02
-1.192140885304074658e+02 3.860245563443729822e+01 2.149058464232131982e+00 1.201558754438308001e+09 3.303236943411055559e+00 1.397618699341546744e+02
-1.068061640330151221e+02 4.504744671581475757e+01 1.158072324715645784e+01 1.201559555353776693e+09 2.071386624335168847e+00 3.500359755614772439e+01
-1.208410280512586468e+02 3.645389684835711108e+01 3.336029332803266811e+01 1.201559642205171824e+09 2.476558524279381945e+00 7.243936189217492938e+01
-1.225243609488395151e+02 3.748611950107044777e+01 4.579522615747532832e+00 1.201559648521982908e+09 2.061575162062175171e+00 6.111872841115109622e+01
-1.050946407342110405e+02 4.368652725589890906e+01 2.849244335414085683e+01 1.201560440579690218e+09 3.694666546630764881e+00 1.098065664749592543e+02
-1.069167274437983082e+02 4.515798164869993059e+01 5.112535610551210974e-01 1.201560443591815710e+09 2.137873580358656600e+00 1.331256648360285908e+02
-1.125468536616700987e+02 4.575514220339206162e+01 2.687079961589933230e+00 1.201561165492865324e+09 2.042326654834098587e+00 6.094009276991710067e+01
-1.051496720091099490e+02 4.367734839246124778e+01 5.975395980303998655e+00 1.201561177354381800e+09 3.310053206084031974e+00 2.895713200536556542e+02
-1.052907986528364006e+02 4.377184111709945569e+01 1.709690270285580027e+01 1.201561381884255648e+09 2.899980345847266161e+00 5.635394465504214168e+01
-1.077942570660435138e+02 4.018796579351418075e+01 1.148817970922633869e+01 1.201561390351908684e+09 2.116015716710383465e+00 4.119116388121619821e+01
-1.147200288654465936e+02 4.131881632750044986e+01 3.207315411891419643e+01 1.201561668527220726e+09 2.547236274091429387e+00 6.950568888778798282e+01
-1.054710820632874828e+02 4.382440751807788359e+01 8.879001288146641802e-01 1.201561682839037180e+09 2.404493545266734422e+00 1.062235097133088857e+02
-1.226458499008226113e+02 3.782577067581342334e+01 8.816596873035766890e+00 1.201561720975172997e+09 2.664850274501427307e+00 1.503704878361895680e+02
-1.214902203555634799e+02 3.710785477149140377e+01 5.185809351385679555e-01 1.201561731911277533e+09 2.629086325767852728e+00 8.373573548416607082e+01
-1.052249490880149381e+02 4.365817868548160163e+01 2.997384217536244844e+00 1.201562324863569260e+09 2.289393698926506016e+00 1.897501864540390670e+01
-1.163092877802667147e+02 4.031459196241534926e+01 2.198073022758419626e+01 1.201562643883800983e+09 2.414550910172768905e+00 2.795837806616909802e+02
-1.092699257876465424e+02 3.296204977628227795e+01 2.637230472810637494e+00 1.201562966741631269e+09 2.239831770453513560e+00 7.658315893588587642e+01
-1.216882556548859213e+02 4.691576886609687591e+01 2.325455969104926801e+00 1.201563454846512079e+09 2.132946934321707566e+00 6.697974499617703259e+01
-1.065965611549197405e+02 4.592133407901746267e+01 9.201193864734944938e+00 1.201563504447702885e+09 2.170967308663922513e+00 7.212427602987736464e+01
-1.056164855689373070e+02 4.455738905815925222e+01 1.158891543697734283e+00 1.201563526935226440e+09 2.561658579610629705e+00 1.507927127706352621e+02
-1.204741888055820027e+02 3.552064003590824370e+01 1.455554007926255888e+00 1.201563675256354332e+09 2.744766295355149932e+00 2.935007020272314548e+01
-1.212483862541772481e+02 3.698520106997072787e+01 5.245234971476298025e-02 1.201563981484400272e+09 2.894195338030872477e+00 1.420350802969187498e+02
-1.236675118858858156e+02 4.754342063706907595e+01 1.976261020264575841e+00 1.202888285352865219e+09 2.703291179222025331e+00 6.619532912806607783e+01
-1.209263775423158478e+02 4.518720659729336120e+01 5.047898745842884338e+00 1.202888353742805481e+09 2.185626520474040824e+00 1.066010094420053065e+02
-1.243114054346723520e+02 4.729268952241623936e+01 2.924598882179991755e+00 1.202889628080621481e+09 2.332035213252374284e+00 5.879752668063156307e+01
-1.227358967520251696e+02 4.693761629338830232e+01 6.112776660407184259e-01 1.202889684364835501e+09 2.230310298417953696e+00 1.842620841742027551e+02
-1.223552226702926191e+02 3.719198561440357054e+01 1.240089174266402416e+01 1.203627225718545914e+09 3.027452432270694604e+00 9.906468827673234046e+01
-1.226648799037301671e+02 3.867114970814014185e+01 8.974931199412758076e+00 1.203627227271626234e+09 2.180013380334810957e+00 5.846925174305215478e+01
-1.149623172498156691e+02 4.110578196887120583e+01 1.095725676012572691e+01 1.203627411738099098e+09 2.508563594644655836e+00 6.928150630260352045e+02
-1.213894904615044936e+02 3.713288594471799797e+01 3.844436687309644718e+00 1.203627462039667368e+09 2.122203337304778170e+00 7.015099414414726198e+01
-1.127231877372939124e+02 3.810654812731599606e+01 2.675609821174115943e+00 1.203627903423393965e+09 2.215309510364137591e+00 4.515898626297712326e+01
-1.152645867577216734e+02 4.437684505214444641e+01 2.712622897264341404e+01 1.203627928514945745e+09 2.475877101784789147e+00 5.639783330867066979e+01
-1.149683273977951217e+02 4.113421145618493568e+01 8.584938604838447951e-01 1.203628357594495535e+09 2.048998531683685176e+00 1.694516598847694695e+02
-1.138644492328073454e+02 4.048112595661091717e+01 4.228689780204279991e+00 1.203628509337342024e+09 2.395577096669309736e+00 7.856499772798269987e+01
-1.149166823408806692e+02 4.112383421615643897e+01 3.259585768906271852e+01 1.203628519101144075e+09 2.370513924002703554e+00 2.486717386546079069e+02
-1.162866068866857887e+02 4.092310634632385558e+01 2.523909275129620866e+01 1.203628750799113750e+09 2.470829212751125326e+00 4.499675937555730343e+01
-1.137729345098502733e+02 3.770831891022191940e+01 7.984086329070502863e+00 1.203628761241745472e+09 2.532509248836995130e+00 6.774645921029150486e+01
-1.151675015236153712e+02 4.090203639196580809e+01 1.979422467097554650e+00 1.203628766861916304e+09 2.016501770648877923e+00 4.779885850939899683e+01
-1.118379295298028495e+02 4.539061723141954729e+01 1.482626162519853796e+00 1.203628780551096439e+09 2.915473973064678592e+00 4.935915587539784610e+01
-1.180656474881238722e+02 3.955206895361745723e+01 4.376399989725778816e+00 1.203628802155564547e+09 2.309679230918754822e+00 4.559533384791575372e+01
-1.075162284253378431e+02 3.869641452355344313e+01 4.596993444469894285e+01 1.203629166935858011e+09 2.893899692393391732e+00 2.414991712807677686e+02
-1.067085089987503039e+02 4.593689493713012695e+01 2.563868919529809220e-01 1.203629176030759096e+09 3.801785951284725851e+00 9.817685853969305754e+01
-1.131222313796436367e+02 4.482564093127813720e+01 2.854866997296848785e-01 1.203629194620460749e+09 2.828044323337379318e+00 8.747374683013185859e+01
-1.053356647968783761e+02 4.391064634690170720e+01 1.176549083499146775e+00 1.203629195623804569e+09 3.071880336533142408e+00 1.517770279445685446e+02
-1.076487380650209786e+02 4.006424763252698540e+01 2.591511247333360757e+01 1.203629244955667019e+09 2.590124825184432211e+00 2.632357330969534814e+01
-1.149614696627797485e+02 4.114387603313390684e+01 1.900866625598562065e-01 1.203629326351531267e+09 2.119912051305955281e+00 6.439702608145307750e+02
-1.153177080563623207e+02 4.106738241737614459e+01 1.698694654475037202e+00 1.203629552720441818e+09 2.266461732921011052e+00 1.120864485490601510e+02
-1.149775507862773907e+02 4.113902983331639263e+01 3.101458620958148504e+00 1.203629750556444645e+09 2.842625463564924182e+00 9.290327583788894117e+02
-1.203821183295260795e+02 3.564415922045598961e+01 2.522385932919518403e+00 1.203629829083286762e+09 2.743150357917706561e+00 4.423660302697680891e+01
-1.147802536832277269e+02 4.115303735484272352e+01 3.295777636109273434e+00 1.203629830698629618e+09 2.344710019612596508e+00 1.960686250233557075e+02
-1.148899379927107844e+02 4.116101017192982425e+01 9.781678007158665089e-01 1.203630435024715185e+09 2.025142626290522330e+00 1.236783218281343579e+02
-1.164120504378457781e+02 4.097044328226670729e+01 9.963605002533482136e+00 1.203630518052991152e+09 2.463895373204578743e+00 2.255823082900606096e+02
-1.219813466286272501e+02 4.757924076272544767e+01 1.634556057785192529e+00 1.204068014104851961e+09 2.428181331641542151e+00 6.060107656987383962e+01
-1.054318466791513913e+02 4.390086747783201560e+01 1.442752015559614742e+00 1.204068046372103214e+09 2.411576740016910136e+00 8.553450331324711442e+01
-1.085754077245192377e+02 4.574246780911732913e+01 3.999967056886925665e+00 1.204068052878542185e+09 2.459508406662627156e+00 9.112578555941581726e+01
-1.065556916446131339e+02 4.584940251715197235e+01 7.150964037237567794e+00 1.204068469870297909e+09 3.159112231397538828e+00 7.994973810319788754e+01
-1.052021128293194181e+02 4.381538224045529972e+01 6.492934674397166095e-01 1.204068492634245396e+09 3.000840775790321935e+00 4.528745049177668989e+02
-1.067897876041411394e+02 4.534736556003591090e+01 2.326820857558566047e+00 1.204068740250517368e+09 2.079607495627161740e+00 4.161076592281460762e+01
-1.052294594111020558e+02 4.377601278377050420e+01 5.098782308105892724e+00 1.204068743345880508e+09 2.528926598227435818e+00 6.000599139835685492e+01
-1.044470412100749996e+02 3.909220688763643636e+01 8.145997336758746599e+00 1.204068946136801481e+09 3.123933299068385683e+00 4.314923298684880137e+01
-1.071725927090378860e+02 3.872527716376249884e+01 3.056535684558516053e+01 1.204068955564019442e+09 3.195941175794817291e+00 8.678842169698327780e+01
-1.054695689581947278e+02 4.376634863224070671e+01 4.530210764200056417e+00 1.204068979002577782e+09 2.555900590662695038e+00 1.382638097121380270e+02
-1.066852469712559639e+02 4.520362250821925443e+01 2.993832218504526921e+01 1.204069031351174831e+09 3.299609638565402570e+00 7.304084878158755600e+01
-1.227766390449439342e+02 3.873702522126423275e+01 1.793215893566181407e+01 1.204069307811210632e+09 2.551357541755845393e+00 9.274437380884774029e+01
-1.221556280095379208e+02 3.719233089688436422e+01 1.237311883070190355e+01 1.204069321551323652e+09 3.187235040620761239e+00 2.121997979003936052e+02
-1.163362933911357118e+02 3.475082332273373709e+01 3.338327054480250666e+01 1.204069343859475851e+09 3.164826280856781526e+00 5.576214743172749877e+01
-1.222857635061621977e+02 4.611933945440822669e+01 2.038972982240305765e+00 1.204070272700879097e+09 2.075386774708687376e+00 6.985427257861010730e+01
-1.207924664048322398e+02 4.509727823371403588e+01 3.972792733331446113e-01 1.204070571258273125e+09 2.646439168844458845e+00 6.057744455477222800e+01
-1.221655553087721842e+02 4.627429933920683425e+01 2.780672259995312867e+00 1.204369562759166241e+09 2.955999470726223599e+00 6.758529971190728247e+01
-1.239639889307552352e+02 4.796152473371191149e+01 2.916717295669514343e+01 1.204370731747241974e+09 2.670283921230521607e+00 6.785330562735907733e+01
-1.204423394636664568e+02 4.554412986121512574e+01 1.700232492944887319e+00 1.204370814343697309e+09 2.940855660319580789e+00 1.569631001399829984e+02
-1.129570749393303117e+02 3.793299512625777936e+01 3.576493948754837504e-01 1.204370862807732582e+09 2.688315688008693805e+00 6.083124529593624175e+01
-1.148847334966044968e+02 4.120167649534731424e+01 3.271506384726162509e+01 1.204370864078468084e+09 2.638753634259249026e+00 1.156622827250976115e+02
-1.118763955757255957e+02 3.857690657955556190e+01 3.081411039074501090e+00 1.204370877548307657e+09 2.484146553587045503e+00 1.901161037140991539e+02
-1.227906638820887935e+02 4.588341453924652313e+01 3.867497987119785208e+00 1.204969308187272310e+09 2.494821083796877836e+00 5.786304624821059406e+01
-1.217438352302535662e+02 4.674304907656255637e+01 2.676404083281438862e+00 1.204969437696354866e+09 2.260526555620345324e+00 9.878394239605404437e+01
-1.148942565048465099e+02 4.115325956550936581e+01 1.658251903147010253e+01 1.204969813547513962e+09 2.035623660739704910e+00 7.689522343431599438e+01
-1.197873465914275357e+02 3.959833708326269885e+01 7.529093152480348383e-01 1.204970823364795446e+09 2.925902030984051549e+00 2.246346536218188703e+02
-1.182281099307918879e+02 3.722812907887709599e+01 3.401072172943965910e+01 1.204970830542684555e+09 3.599372624040924062e+00 6.778184809396043420e+01
-1.231086639405853731e+02 3.946525581517307302e+01 4.081098685942334825e+00 1.204970855187844515e+09 2.709884603209142817e+00 1.628334135955665261e+02
-1.254917533480058864e+02 4.042677368308633845e+01 4.246995258578219357e+00 1.204971029827099562e+09 2.666403029826038384e+00 1.490680142210330814e+02
-1.233267922156623513e+02 4.852505357062373292e+01 3.461622150976722168e+01 1.204971940906306982e+09 2.542081218800592790e+00 3.790108894556760788e+01
-1.222363739392873327e+02 4.621740106980117702e+01 2.495595519334009804e+00 1.205429248749677896e+09 3.002843617688417677e+00 5.925522706843912601e+01
-1.050581171875885218e+02 4.379069249191002910e+01 5.030022514169462333e+00 1.205429427153488159e+09 2.662816417537973379e+00 4.947552292002364993e+01
-1.221824811385793055e+02 4.613408240914718306e+01 1.926237818500785126e+00 1.205430523368651628e+09 2.797329469457359608e+00 5.654465684643946588e+01
-1.221757401861619741e+02 3.749444730219131827e+01 6.772466198100232759e+00 1.205430913574350595e+09 3.598320659979792335e+00 1.534902948911767453e+02
-1.001681276763050903e+02 3.452887099109185698e+01 4.184039282095880496e-01 1.205430961777541399e+09 2.730796881056921421e+00 1.440256140334531665e+01
-1.207451651346555508e+02 3.990159522469965481e+01 8.327300455984417482e+00 1.205430967531993628e+09 2.924829942387121573e+00 9.900818952545523643e+01
-1.196729478546075569e+02 4.000242349771612993e+01 2.015854686990222522e+00 1.205430984498625994e+09 2.886437309831274334e+00 1.916393630676902831e+02
-1.222698705035781330e+02 3.775718109603319306e+01 1.614306947108661205e+01 1.205431452818200111e+09 2.241141050200574636e+00 6.917579390807077289e+00
-1.054002202526618674e+02 4.386119055251833032e+01 9.276093831936956136e+00 1.205431594235575199e+09 2.959399405335440658e+00 1.707075998550280929e+02
-1.125750151225789324e+02 4.412622527741685730e+01 3.481576610592378529e+01 1.205431601653033733e+09 3.264531943313049744e+00 7.341794613446108997e+01
-1.082454845583542635e+02 4.686474797440192930e+01 3.498294685727957987e+00 1.205431828188901186e+09 2.505565730241458233e+00 8.611135382694192231e+01
-1.091798296826394790e+02 3.949086172842430642e+01 8.271614263077720963e+00 1.205431848019669771e+09 2.669932637903309480e+00 5.227332285279408097e+01
-1.053037664708168819e+02 4.410551908628450235e+01 2.581135782423004343e+00 1.205431849429249763e+09 2.811977911163455079e+00 7.244563911156728864e+01
-1.148445494031961687e+02 4.102202781646765573e+01 1.917582957493260096e+02 1.205432209861529112e+09 2.223318446934765991e+00 3.674640794936567545e+01
-1.052190643221778288e+02 4.385817944285073366e+01 1.068951665395533990e+00 1.205432560489241600e+09 2.166881802642814048e+00 6.230732346512377262e+01
-1.212264042191362421e+02 3.624718630554064447e+01 1.900325091579181702e+01 1.206115541022578239e+09 2.987139415417573218e+00 1.783436233366373926e+02
-1.221552020493937079e+02 4.624289157463688582e+01 1.995066531549506417e+00 1.206154121337629318e+09 3.060690193616495858e+00 7.569611508119851351e+01
-1.222059177521062594e+02 4.610102095081193596e+01 2.238614943427432280e+00 1.206157172743752718e+09 2.761684130416817151e+00 1.866496535765472800e+02
-1.221799259707681244e+02 3.792280544885547044e+01 9.502175859196146490e+00 1.206384959511502743e+09 2.385588116806955927e+00 5.441916362103074789e+01
-1.222136789721075019e+02 4.757120071222821167e+01 1.624118948751292280e+01 1.206385079369067669e+09 2.839892966855495970e+00 1.470118766636587679e+02
-1.223711806173019170e+02 3.851066605809513277e+01 9.183251148446096579e+00 1.206385159892199755e+09 2.637291777250446057e+00 6.867158563528209925e+01
-1.146994313915364501e+02 4.234543508552532387e+01 6.762290168864041107e+00 1.206386267211317778e+09 2.421141617128543366e+00 6.197436307324096560e+01
-1.050528300994954520e+02 4.374753695901873840e+01 6.077327946885040966e+00 1.206386286473228216e+09 2.432263778036845014e+00 4.345059095066972077e+01
-1.068439522322237849e+02 4.515270660853713736e+01 7.505703638619439566e+00 1.206386287650169134e+09 2.384736661826465376e+00 9.264636180084198713e+01
-1.087109920985161722e+02 4.006247071063874188e+01 1.006828365253721635e+01 1.206386296020009756e+09 2.395576856922566833e+00 6.304163561947643757e+01
-1.222286345079217824e+02 4.751682531327109871e+01 4.702360774820948386e+00 1.206387154574105501e+09 2.582074491838169283e+00 6.513786232820712030e+01
-1.051570743330980804e+02 4.385036343576357609e+01 1.045931369884011986e+02 1.206387222502261639e+09 2.003571203113521104e+00 6.672723181894980371e+01
-1.016726096433747699e+02 3.527823233968921812e+01 6.688173620177883194e+00 1.206387436024163008e+09 2.000668316774000033e+00 1.639864744408987463e+01
-1.074523445360559037e+02 3.885328620566188818e+01 9.681730829578851782e+00 1.206387446456208467e+09 2.256517675763143771e+00 1.409056711483281106e+02
-1.010093276722003566e+02 3.549850568056362476e+01 7.171421842197625907e+00 1.206457987948912144e+09 2.577334600575302392e+00 2.986965557769872248e+01
-1.217664018438489251e+02 4.755994993736612741e+01 1.166078536733599513e+00 1.206458050169426680e+09 2.397130431016814445e+00 6.875292919203639030e+01
-1.221005313851479315e+02 4.626281018921706334e+01 1.373932534908411274e+00 1.206459771604990244e+09 2.018813861065359649e+00 6.089766856655478477e+01
-1.219112394816846461e+02 4.761915365283681467e+01 4.006957858412813600e+00 1.206459929878730297e+09 2.733329213007522185e+00 8.502978639118373394e+01
-1.225168858168654538e+02 4.620287121231606164e+01 2.076586045417948334e+00 1.206459979959275484e+09 2.548268389834466685e+00 1.583808219716884196e+02
-1.052479539112058546e+02 4.367139666022537625e+01 4.342479998899237614e+01 1.206460285340592146e+09 3.281809012099067946e+00 6.165453748940490186e+01
-1.067501952150422397e+02 4.597147292403840169e+01 2.716302926343534097e+00 1.206461061318879604e+09 2.029873845799449406e+00 5.743434185255318880e+01
-1.052966838573154575e+02 4.380183865231757068e+01 3.050507242152713960e+00 1.206461085069824696e+09 2.756107068408035765e+00 1.475378028298728168e+02
-1.051288775883173940e+02 4.377189806441818831e+01 3.082421687622282889e+02 1.206461440725896835e+09 3.577291989497245250e+00 7.697135714627802372e+01
-1.149103715053739165e+02 4.115518109543259584e+01 3.251012867668333683e+02 1.206588511829093695e+09 2.402447552700475164e+00 1.365744527245406061e+02
-1.221373912941925113e+02 4.617817628608595015e+01 2.370507231742845278e+00 1.206589056944309473e+09 2.795058817625766689e+00 7.877077313582412899e+01
-1.222084743920957095e+02 3.890005458132583982e+01 4.379015255372928905e-01 1.206589306421569824e+09 2.816090248793301942e+00 2.387379775366280228e+02
-1.211629407837497183e+02 3.985106879341621067e+01 7.044550881901777473e+00 1.206589314075705528e+09 3.286190959088701735e+00 3.635794451879337430e+01
-1.186958941552418310e+02 3.740092008530039180e+01 9.289589658077163747e+00 1.206589353104714394e+09 2.309441709211477622e+00 3.517916010180488229e+01
-1.211422321658836694e+02 4.502795178407874488e+01 4.942696538431934350e+00 1.206590360981034756e+09 2.370206991424967491e+00 5.337669595074839890e+01
-1.224608022922695483e+02 4.724124806273529487e+01 3.489216092864751317e+00 1.206590709188035250e+09 2.365381976793258900e+00 8.397595401923172176e+01
-1.226307205593751632e+02 4.880197618405227900e+01 3.575947658277446317e-01 1.206798801691963673e+09 2.690226311737180964e+00 9.728149778023362160e+01
-1.220347345095156868e+02 4.705635053794742362e+01 2.092843211750805565e+01 1.206800241521498203e+09 2.165481159229458274e+00 7.218332860851660371e+01
-1.244756196981982299e+02 4.817683396796880402e+01 1.718903834838251043e+01 1.206800247202873945e+09 2.719531771335622405e+00 8.486177658755332232e+01
-1.175504757168979495e+02 3.377815884490632925e+01 1.543877187951307128e+01 1.206800655378003597e+09 2.871271733261896220e+00 6.768062925292178988e+01
-1.233838993940453861e+02 4.626455869415093503e+01 8.173992587805782861e+00 1.206801787533502340e+09 2.481148592744695236e+00 8.946578824194148183e+01
-1.235842209844230837e+02 4.804406522930327128e+01 3.555995027181852564e+00 1.206801809167500734e+09 2.412320485961861216e+00 8.625803764117881656e+01
