0.000000000000000000e+00
1.274509803921568540e+01
2.156862745098039369e+01
3.235294117647058698e+01
4.313725490196078738e+01
4.901960784313725839e+01
5.588235294117647101e+01
5.784313725490196134e+01
5.882352941176470296e+01
6.274509803921568363e+01
6.372549019607843235e+01
6.470588235294117396e+01
6.568627450980392268e+01
6.666666666666667140e+01
6.666666666666667140e+01
6.960784313725490335e+01
6.960784313725490335e+01
7.058823529411765207e+01
7.156862745098038658e+01
7.254901960784313530e+01
7.352941176470588402e+01
7.450980392156863275e+01
7.549019607843136725e+01
7.549019607843136725e+01
7.647058823529411598e+01
7.843137254901961342e+01
8.039215686274509665e+01
8.039215686274509665e+01
8.039215686274509665e+01
8.039215686274509665e+01
8.039215686274509665e+01
8.039215686274509665e+01
8.039215686274509665e+01
8.039215686274509665e+01
8.039215686274509665e+01
8.039215686274509665e+01
8.039215686274509665e+01
8.039215686274509665e+01
8.039215686274509665e+01
8.039215686274509665e+01
8.039215686274509665e+01
8.039215686274509665e+01
8.039215686274509665e+01
8.039215686274509665e+01
8.039215686274509665e+01
8.039215686274509665e+01
8.039215686274509665e+01
8.039215686274509665e+01
8.039215686274509665e+01
8.039215686274509665e+01
8.039215686274509665e+01
8.137254901960784537e+01
8.137254901960784537e+01
8.137254901960784537e+01
8.137254901960784537e+01
8.137254901960784537e+01
8.137254901960784537e+01
8.137254901960784537e+01
8.137254901960784537e+01
8.235294117647059409e+01
8.235294117647059409e+01
8.235294117647059409e+01
8.235294117647059409e+01
8.235294117647059409e+01
8.235294117647059409e+01
8.235294117647059409e+01
8.235294117647059409e+01
8.235294117647059409e+01
8.235294117647059409e+01
8.235294117647059409e+01
8.235294117647059409e+01
8.235294117647059409e+01
8.235294117647059409e+01
8.235294117647059409e+01
8.235294117647059409e+01
8.235294117647059409e+01
8.333333333333332860e+01
8.333333333333332860e+01
8.333333333333332860e+01
8.333333333333332860e+01
8.431372549019607732e+01
8.431372549019607732e+01
8.431372549019607732e+01
8.431372549019607732e+01
8.431372549019607732e+01
8.431372549019607732e+01
8.431372549019607732e+01
8.431372549019607732e+01
8.431372549019607732e+01
8.431372549019607732e+01
8.431372549019607732e+01
8.431372549019607732e+01
8.431372549019607732e+01
8.431372549019607732e+01
8.431372549019607732e+01
8.431372549019607732e+01
8.431372549019607732e+01
8.431372549019607732e+01
8.431372549019607732e+01
8.431372549019607732e+01
8.431372549019607732e+01
8.431372549019607732e+01
8.431372549019607732e+01
8.431372549019607732e+01
8.431372549019607732e+01
8.431372549019607732e+01
8.431372549019607732e+01
8.431372549019607732e+01
8.431372549019607732e+01
8.431372549019607732e+01
8.431372549019607732e+01
8.431372549019607732e+01
8.431372549019607732e+01
8.431372549019607732e+01
8.431372549019607732e+01
8.529411764705882604e+01
8.529411764705882604e+01
8.529411764705882604e+01
8.529411764705882604e+01
8.529411764705882604e+01
8.529411764705882604e+01
8.529411764705882604e+01
8.529411764705882604e+01
8.529411764705882604e+01
8.529411764705882604e+01
8.529411764705882604e+01
8.529411764705882604e+01
8.529411764705882604e+01
8.529411764705882604e+01
8.529411764705882604e+01
8.529411764705882604e+01
8.529411764705882604e+01
8.529411764705882604e+01
8.529411764705882604e+01
8.529411764705882604e+01
8.529411764705882604e+01
8.529411764705882604e+01
8.529411764705882604e+01
