-1.148750986960894096e+02 4.116568951130695808e+01 2.980180479244566083e+00 1.203646900992394924e+09 2.568912681253976427e+00 2.689604699322953820e+02
-1.149285212027737941e+02 4.105805457400325054e+01 2.476323573036710801e+00 1.203647776418395758e+09 2.336894070177326643e+00 3.479226884543895721e+02
-1.226651189217850373e+02 3.943293006295109393e+01 3.365941581326703869e+01 1.203647776624874353e+09 3.003053060903101645e+00 1.105051446342840791e+02
-1.150443585167777485e+02 4.089669176732756029e+01 4.468840587011546628e-01 1.203648391272847652e+09 2.359112752154923776e+00 2.517225732975639403e+02
-1.148994676556447132e+02 4.118709195014758961e+01 2.275747209461487230e+01 1.203648702999922037e+09 2.967489490992970325e+00 5.565049752541817725e+02
-1.148847865663377235e+02 4.112620119639206706e+01 1.215264161876918969e+01 1.203649890544331312e+09 2.080070967632035472e+00 3.375300656380131841e+02
-1.149109014214640752e+02 4.116275307677667428e+01 2.277564642006073281e-01 1.203650046804615974e+09 2.027701515850807823e+00 5.885246175150386989e+02
-1.148045699880638324e+02 4.116951173529703567e+01 4.225892998059249672e-02 1.203650802158630610e+09 2.006791196596296789e+00 3.253357151448726654e+02
-1.230931145297794700e+02 3.874819466966949477e+01 6.201406184204507621e-01 1.203651196545508862e+09 2.597988348254903990e+00 1.045229468131437898e+02
-1.150945945546112483e+02 4.113971330801494730e+01 4.271616512435155499e+00 1.203651201420453787e+09 2.138657568767107886e+00 1.172622755994088948e+02
-1.171819615858571382e+02 3.391493071165903928e+01 2.511106450940273760e+02 1.203651204017114401e+09 2.699370262527093001e+00 1.902783643938601017e+02
-1.226738348909563285e+02 4.618360235268298197e+01 1.456726713259408834e+00 1.203651741285333157e+09 3.082934933631875207e+00 1.252326879496686161e+02
-1.149372856613353377e+02 4.119155264522586890e+01 7.730833241061774608e+00 1.203652077425444603e+09 2.691468908447129493e+00 5.844791627521626651e+02
-1.170139951435328385e+02 4.244130678231912412e+01 2.982401091254958914e+01 1.203652569994676828e+09 2.910172862346288358e+00 1.146615823307074606e+02
-1.148915382106102356e+02 4.108498940149214462e+01 1.625846948203000508e+01 1.203652604604880333e+09 2.711568963757394091e+00 2.363635915750637650e+02
-1.148923642497420872e+02 4.110415856368705079e+01 7.966133168274727616e+00 1.203653944992724895e+09 2.196671314045179013e+00 7.215549822989851236e+02
-1.167689162166422534e+02 4.056505548127339722e+01 4.723155239063993349e+02 1.203654283718826532e+09 2.355278044857968212e+00 1.291052788621746004e+02
-1.149234287299089345e+02 4.116156489051328293e+01 8.972601363032199018e+00 1.203655654526215315e+09 2.157959232649012016e+00 1.092851938354782760e+03
-1.148724838597589581e+02 4.117950314208500373e+01 1.405436650998267645e+01 1.203656841316955805e+09 3.581370309821021003e+00 1.058279572702944279e+03
-1.150127721711682938e+02 4.109679925598009476e+01 7.720348254367873864e+00 1.203657221843076229e+09 2.343496825234457681e+00 2.025789661477319896e+02
-1.149770822656718252e+02 4.113653961754247490e+01 2.681140576857556912e-01 1.203658101100899220e+09 2.154065652865909009e+00 4.305562280872836709e+02
-1.149732130381597273e+02 4.114558593490798444e+01 2.497556684883095457e+00 1.203658580346041918e+09 2.277940403638411659e+00 9.531412993306294084e+02
-1.149405926090379353e+02 4.109644180200301378e+01 6.885780454959185004e-01 1.203659266372604132e+09 2.446336810510691073e+00 4.810182734760455787e+02
-1.148747648963633026e+02 4.112154554566792797e+01 2.172787358565735616e+01 1.203659694545692205e+09 2.528353012953403756e+00 3.714995666933245957e+02
-1.125865742487764720e+02 4.507392779948090578e+01 1.497974873135186513e+00 1.203661623239963055e+09 2.511726236811778534e+00 1.226898685870692134e+02
-1.148949522589308856e+02 4.116145975505619958e+01 1.184563693071465273e+01 1.203662975679789782e+09 2.937138118971117873e+00 1.030547872595954686e+03
-1.149976144009796712e+02 4.118353686494251775e+01 2.953576575732915543e+00 1.203663145618350983e+09 2.384196881226852582e+00 1.223177750394679606e+02
-1.148945999272566496e+02 4.112390480242341795e+01 1.549790959738294838e+00 1.203664648860680103e+09 2.073122966244455245e+00 4.896567465788684785e+02
-1.149026183715278648e+02 4.110213251720693250e+01 1.122994377802837640e+01 1.203664941535285950e+09 2.049055384434065985e+00 2.860240836306475103e+02
-1.148564598771842782e+02 4.118194061297288755e+01 7.495075391746027549e+00 1.203665613662082434e+09 3.372266961905160620e+00 1.214628415750339627e+03
-1.148485365200201045e+02 4.120877101030212231e+01 4.311503224197229756e+00 1.203666051113271713e+09 2.221522796454998616e+00 2.812007431392557919e+02
-1.149813803289980996e+02 4.115002621489081491e+01 5.650872158407261203e+00 1.203667153112097502e+09 2.372950463792346198e+00 5.173658861839212477e+02
-1.147410788396057768e+02 4.113779612438443678e+01 4.389927013071910800e+00 1.203667603034900904e+09 2.167352422897295572e+00 2.628637513676658273e+02
-1.149976869873339638e+02 4.113733318305065012e+01 2.550984576772213352e-01 1.203668242136995554e+09 2.798113266807719324e+00 5.533205733178183436e+02
-1.220894340389708645e+02 3.890763897505751601e+01 4.245982340521662479e+01 1.203669904060037136e+09 2.681432916450844139e+00 1.729574805363081396e+02
-1.149382107600660987e+02 4.109367808643270337e+01 1.607407641240124718e+01 1.203671480197958946e+09 2.279965290021161106e+00 4.694108089115470648e+02
-1.149229789922486731e+02 4.108240006690764545e+01 8.868308927172695588e-01 1.203671776207545280e+09 2.142120467801701622e+00 2.646695617293007672e+02
-1.149397060973770408e+02 4.121566364632731450e+01 7.345923251293033918e-01 1.203671826969634533e+09 2.704723128761711060e+00 4.451638658745214343e+02
-1.210774734474637739e+02 3.625366801171058739e+01 4.538323411899362725e+00 1.203673931340628386e+09 2.298058311037655344e+00 1.613370867422781885e+02
-1.148591660521762066e+02 4.122996397981002303e+01 7.585560338398928515e+00 1.203674696397106409e+09 2.344232090860498552e+00 4.910215180004015565e+02
-1.220468340924877140e+02 3.688683485238690452e+01 6.642495442322045918e+00 1.203674700095587730e+09 3.145009717812536909e+00 1.019036672799848020e+02
-1.148574693346556046e+02 4.117216227449515031e+01 9.279703160131266060e+00 1.203675007720864296e+09 2.035144707768291816e+00 1.807570962752215564e+02
-1.149025931053907925e+02 4.115544174326432625e+01 1.653361084845117546e+01 1.203676031340151548e+09 3.130534841666734014e+00 1.377954871791880578e+03
-1.148734049334865261e+02 4.114943034419084000e+01 3.337570392988561174e+00 1.203676240223337412e+09 2.563107509732986955e+00 4.641181177869439125e+02
-1.248351761361037688e+02 4.082291300601855966e+01 4.723302726159236187e+00 1.203676676937691689e+09 3.402513819161374631e+00 2.016433443524874747e+02
-1.149308319065253698e+02 4.114452430032601171e+01 1.121378535511601626e+01 1.203677275220372677e+09 2.516539716650318059e+00 8.943023419920355082e+02
-1.148762429856282097e+02 4.113482379592829119e+01 1.003264813898679897e+01 1.203677728427528620e+09 2.257215699472158388e+00 1.623042253404855728e+02
-1.149407868532667862e+02 4.110881910741214540e+01 1.417413322810955889e-01 1.203678081056269169e+09 2.096485223435870182e+00 3.624823203571140766e+02
-1.149435577500464376e+02 4.116205761219475789e+01 8.193063353570426699e+00 1.203678328468077183e+09 3.418037861429440216e+00 1.526651312591042370e+03
-1.149297688196786282e+02 4.117171262206944249e+01 8.467526940991557893e+00 1.203678568930200338e+09 3.076979907229393962e+00 1.151620661003980786e+03
-1.148982010435386769e+02 4.115428404433346543e+01 1.809050813488117626e+01 1.203679044606551886e+09 3.372733913148411755e+00 1.182488899143878371e+03
-1.149643171679416440e+02 4.107001213222229552e+01 1.460787188508705192e+01 1.203680009951260328e+09 2.619149672774113036e+00 2.001521002794615924e+02
-1.147822053799538793e+02 4.118190818075727577e+01 8.190185373391122070e+00 1.203680700074034929e+09 2.552372441503304668e+00 3.651703814449720085e+02
-1.149305142314290578e+02 4.112372546717578103e+01 5.012324992054562500e+00 1.203680807111636639e+09 2.217563850715308149e+00 6.225491514517925680e+02
-1.149652966896392456e+02 4.113445473441487366e+01 1.176139623595506301e+01 1.203681776892215490e+09 2.331065910927332396e+00 4.746131021012552083e+02
-1.149272093615105206e+02 4.120569325734869182e+01 7.662954697294822815e+00 1.203685257733608961e+09 2.040409471007416098e+00 2.339874025620520115e+02
-1.149254903298670030e+02 4.120572559185229267e+01 3.032803178895678897e+01 1.203685793272549391e+09 2.579569170489002694e+00 1.827424960103817284e+02
-1.149591351568313655e+02 4.110335784123125080e+01 1.730311080629614651e+01 1.203685795333345413e+09 2.326911417267171878e+00 1.470451994785107672e+02
-1.149474164562841452e+02 4.106989098244677905e+01 4.416174837521489316e+00 1.203685925645169735e+09 2.105774594668203825e+00 1.722179190004244447e+02
-1.149626597843151075e+02 4.111542047024525459e+01 1.353637245931407840e+01 1.203687073818593979e+09 2.088569249015469698e+00 4.127508900561369956e+02
-1.148843397704202545e+02 4.114188774902175538e+01 6.777806336632888673e+00 1.203688404500156641e+09 2.015452870027230503e+00 1.645278625711798668e+02
-1.211650480522290962e+02 3.696665118720714105e+01 2.059825096078279572e+01 1.203688999615535975e+09 2.722968846437060275e+00 1.287730695167556405e+02
-1.148869944058343009e+02 4.114187281638290017e+01 1.310898444124021367e+01 1.203690482215738297e+09 2.127858637551659271e+00 3.342831403720192611e+02
-1.218774347416945716e+02 4.780435001235644421e+01 1.776951315949057175e+02 1.203690617540596962e+09 2.982785169828049199e+00 1.871339908353984356e+02
-1.148746465982943334e+02 4.121605030452754193e+01 1.695449053451148824e+00 1.203691199900468826e+09 2.001083888870460736e+00 2.455092428307980299e+02
-1.148464850802747463e+02 4.121984750686294063e+01 6.288576088034663059e+00 1.203691521267090082e+09 2.006480193805329826e+00 1.590606739982031286e+02
-1.148338668101472990e+02 4.111141432935513507e+01 2.524131250910979318e+01 1.203692549468267441e+09 2.161469211642281341e+00 1.269608844728209078e+02
-1.185694286916618694e+02 3.789277150875791733e+01 2.939097369554648935e+02 1.203693469001911402e+09 2.762942404908796945e+00 7.208299113661050797e+02
-1.149686386732565637e+02 4.113723880120795684e+01 2.536464257712257364e+00 1.203693800407754898e+09 2.005645195565431305e+00 1.644691707780584693e+02
-1.149180304594195547e+02 4.111433641799609973e+01 2.413245628266452059e+00 1.203694221765818357e+09 3.216204670957941048e+00 2.078537506954744458e+03
-1.075572729239006406e+02 3.887281354342606221e+01 4.442514288231418362e+00 1.203694700343660116e+09 2.030457846703887181e+00 1.293967556986026466e+02
-1.148228344891771258e+02 4.114440123263770488e+01 1.184076937769955151e+00 1.203695993535387039e+09 2.175320823181904561e+00 3.192933009020052850e+02
-1.209126698519071965e+02 3.572382041449144907e+01 4.474959856257798574e-01 1.203696069610688686e+09 2.625220036573684190e+00 1.722847173749469221e+02
-1.211746685161220825e+02 4.505824667301990871e+01 1.137677570980727459e+01 1.203696275035171986e+09 2.585200234167999156e+00 1.138269850295037031e+02
-1.149181018956660409e+02 4.122703227486439204e+01 2.174272070034428950e+01 1.203697745169240475e+09 2.803309053599181588e+00 2.756280470318160951e+02
-1.149217294171736654e+02 4.110048104405972680e+01 1.124123318945338568e+01 1.203700220022533655e+09 2.919501823064781121e+00 1.522046662752516568e+03
-1.149350904397985147e+02 4.111001102756963377e+01 1.254297507974345471e+01 1.203701504603933096e+09 3.158962719622006254e+00 9.631381469769403338e+02
-1.219002672921715202e+02 3.666732454333032365e+01 2.518670325484126060e+00 1.203703573152044296e+09 3.447096981158126017e+00 1.481023647226393223e+02
-1.149218067796766434e+02 4.111052852495087961e+01 8.088990790206423753e+00 1.203705018154504061e+09 3.030160378590642800e+00 1.628871708553750068e+03
-1.149592082304076968e+02 4.115550196488573675e+01 1.507207534560921225e+01 1.203705968300097227e+09 2.374043325011159222e+00 1.751838845699094236e+02
-1.124837580788848754e+02 4.523788078867124085e+01 1.542214989194804886e+01 1.203705989290144920e+09 2.409751952952644327e+00 1.230585234947502613e+02
-1.165224502167276768e+02 3.337242587257244963e+01 4.342626608098196783e+01 1.203706462324057102e+09 3.232554527104002595e+00 6.328036229000426829e+02
-1.149752056875700248e+02 4.108126554214752701e+01 1.073907667320026960e+01 1.203706535613193512e+09 2.372689776825124053e+00 2.154975300314836204e+02
-1.148467862648139715e+02 4.110041195377834100e+01 5.886472902520463180e-01 1.203707649527148008e+09 2.091038377680493277e+00 2.897657270641066134e+02
-1.148692430776149962e+02 4.111384010741446815e+01 1.410664868135363292e+01 1.203708150124449492e+09 3.232900137871355994e+00 7.296344787115231156e+02
-1.136897614158741163e+02 3.304829800226885794e+01 1.077003185245637518e+01 1.203708694516420364e+09 6.096889500615804813e+00 6.177061532000079751e+02
-1.134868226577256110e+02 3.359653198544403807e+01 1.971365378002060353e+01 1.203708704405124426e+09 5.553544869834987630e+00 2.116683081607334316e+02
-1.119204643197993505e+02 3.409754286640745846e+01 5.622205495871381409e+00 1.203708745030956030e+09 5.584135331029075111e+00 2.014971829801797867e+02
-1.127519753221205860e+02 3.525511565802628411e+01 8.539621149408130663e+00 1.203708766372698784e+09 5.120892131677408088e+00 6.238537485930137336e+02
-1.143210231480911290e+02 4.219829390769920963e+01 5.455959007102972436e+00 1.203708947731669903e+09 3.422908211450948812e+00 1.413029996925033629e+02
-1.086666984791013704e+02 3.225966256071411919e+01 5.545074566702181684e-01 1.203713772178305387e+09 4.503166433868172724e+00 1.080876024509780109e+02
-1.149376764145713281e+02 4.116636709087188706e+01 5.235292969205196378e+00 1.203715256953940868e+09 2.639178480378049585e+00 8.515449482081457973e+02
-1.148879197279993889e+02 4.107554968180924249e+01 5.272246913792657530e-01 1.203715985882550478e+09 2.790537538916334714e+00 3.347443195902742445e+02
-1.119818969961512209e+02 4.503482323972383483e+01 1.853157730270600601e+00 1.203717442470066071e+09 2.847711950570192663e+00 1.292210835674777627e+02
-1.149312584758412896e+02 4.116863651912758826e+01 4.156585501776056901e+00 1.203717964311142921e+09 2.018432476835160916e+00 2.783803406120277941e+02
-1.052297312434984207e+02 4.375525514029188656e+01 2.179915092710955182e+00 1.203718019325534821e+09 4.898690838002787373e+00 3.623228708733804524e+02
-1.067465926464024619e+02 4.116407659123471063e+01 2.469364817770115650e+01 1.203718033141773462e+09 3.479946062287363251e+00 1.080789228803478181e+02
-1.051975832761263661e+02 4.375577190879536715e+01 4.898945903729228224e-01 1.203719176988154888e+09 2.746500437878360401e+00 1.080371164786629379e+02
-1.148179161125671612e+02 4.122490811628912155e+01 4.777219637299060295e+00 1.203719266146258831e+09 2.360252195645747619e+00 2.086277297157794237e+02
-1.148668386908134664e+02 4.117424222738423367e+01 4.962480758622046517e-01 1.203719539880021811e+09 2.404881382760710729e+00 1.101399663863703609e+02
-1.148220733386357040e+02 4.118892144026800395e+01 6.916431976478042642e+00 1.203719670295950174e+09 2.334886704494281595e+00 3.649435457191430032e+02
-1.052419201355211413e+02 4.381914813051745483e+01 1.854767510479164772e+00 1.203720154504704714e+09 2.812039746706052057e+00 2.848705520555377007e+02
-1.086534853035139321e+02 4.174485660595087921e+01 1.925561731575125179e+01 1.203721198442043066e+09 3.164447974632844662e+00 1.377977518360130489e+02
-1.174091282878500238e+02 4.760515665907067984e+01 3.792649681764060698e+00 1.203722054050482988e+09 2.614218412069678532e+00 1.827797120898030698e+02
-1.124982707055252575e+02 4.160894628480725288e+01 3.141678027070819823e+01 1.203722606007092953e+09 3.762570471543282391e+00 1.289113492229953408e+02
-1.149173921005335473e+02 4.110904524286987538e+01 1.279555290288092984e+01 1.203722643018704891e+09 3.441013396232368127e+00 1.273207048303913325e+03
-1.137717165534803598e+02 4.211440052177920990e+01 3.395510548180562438e+01 1.203722857809737206e+09 5.388605893949732106e+00 2.680606491598300636e+02
-1.149622795903775199e+02 4.110758889319826892e+01 2.526914622424966694e+01 1.203722866061334133e+09 5.320319064519491548e+00 1.057600402754731476e+03
-1.135884901439950454e+02 3.981254280727379324e+01 3.807692964234018262e+00 1.203722909600719452e+09 5.851310947766682702e+00 3.216661304226145148e+02
-1.217927482025512091e+02 3.677842368393976358e+01 2.960159630094694627e+00 1.203723394645939827e+09 3.195828924381572289e+00 1.061185722523368895e+02
-1.096285016700408335e+02 3.309799804344589802e+01 1.697557335193542905e+00 1.203724362867029190e+09 2.951626802182424125e+00 1.410979030453599989e+02
-1.149201678434649239e+02 4.133619480252487222e+01 5.497060910105412646e+00 1.203724630042170286e+09 2.338608822878051718e+00 1.088864723946899176e+02
-1.148878415848842707e+02 4.118680638309655961e+01 1.207162872628546069e+01 1.203728978405597210e+09 2.122539533959744151e+00 1.198633848233148456e+02
-1.149240384076924357e+02 4.108388278782103953e+01 1.041204600015381487e+01 1.203729902059931517e+09 2.319541079134166850e+00 4.806066228789277375e+02
-1.147684038543683585e+02 4.114061782499881303e+01 7.278246715771958808e-01 1.203731544680954933e+09 2.030877769049609149e+00 2.260640763770788908e+02
-1.207109538659509553e+02 4.532843955219542664e+01 3.142271924822789053e+00 1.203732438074866533e+09 3.320180386030193720e+00 1.005978792370297015e+02
-1.220354096622398288e+02 4.630737528218123344e+01 7.867578021777715813e-01 1.203734447550859451e+09 3.785915309151674180e+00 1.735110858529806137e+02
-1.148586203799132761e+02 4.121941331465927760e+01 2.575118352248451536e+00 1.203735298201241493e+09 2.476501130855964128e+00 3.936864334493875504e+02
-1.101069611272982911e+02 3.754713883442351374e+01 2.233077066427522794e+00 1.203737421469123363e+09 2.842510021372549378e+00 2.318948687603697181e+02
-1.149445843404177339e+02 4.111929961848731807e+01 1.402336050701894976e+01 1.203738262471676111e+09 2.300792033779354817e+00 3.861342296823859215e+02
-1.226063847780061593e+02 3.851386657498625254e+01 4.538440972637420856e-01 1.203742500617377758e+09 2.106026992540865450e+00 1.063601060556247830e+02
-1.120209100492467371e+02 4.464424011555393434e+01 5.200334434158849106e+00 1.203742867470576048e+09 2.671243387489321552e+00 1.390195761532522738e+02
-1.142470601610816203e+02 4.415189118330903284e+01 1.207990391185246981e+00 1.203742881605801582e+09 2.804899839508195214e+00 1.957701519373804331e+02
-1.149000071086509109e+02 4.116876571110180549e+01 1.142739479481955911e+01 1.203743091055311203e+09 2.531431270733365935e+00 8.801227995576336980e+02
-1.120098784631347684e+02 4.464546804611664044e+01 5.763375463986385228e+00 1.203743631440262556e+09 3.084833253491930272e+00 4.790832537007518113e+02
-1.148761074219785456e+02 4.112311938023899671e+01 1.238154846918012097e+01 1.203744947325229168e+09 2.013407425199476020e+00 1.514235749542713165e+02
-1.132293544920823081e+02 3.824582618346735075e+01 8.488719529658222962e-02 1.203748143812599897e+09 3.477349678156366419e+00 1.331374143133871257e+02
-1.148350527491365511e+02 4.120327697687150703e+01 2.796069814171279866e+00 1.203748169896014452e+09 3.078953059610522569e+00 4.836931791761890054e+02
-1.150278671033624107e+02 4.136983907659031701e+01 1.360694853480175492e+00 1.203748229212690592e+09 2.999398836584962869e+00 1.390572254140861332e+02
-1.150737618198848224e+02 4.122826785183884368e+01 3.079010613786472117e+00 1.203748436932205200e+09 2.902628969015103255e+00 2.840825320305302739e+02
-1.148316910094489742e+02 4.109405645960099207e+01 7.371995771121487850e-01 1.203748572454064131e+09 2.498049343927637445e+00 4.581251126653514802e+02
-1.144190056060357676e+02 4.080929131026854861e+01 6.762967311420037264e-01 1.203748640662196875e+09 2.144288128803757409e+00 1.324571657557971776e+02
-1.149633853521047797e+02 4.113389476719574844e+01 5.749438098720524692e+00 1.203750362243376732e+09 2.216285018664668538e+00 4.524414848340675235e+02
-1.148433282180640163e+02 4.117160475486090121e+01 1.552778467358510639e+01 1.203752591517526865e+09 2.085840210896571456e+00 2.095232580015435815e+02
-1.148881858797535074e+02 4.113590950277257008e+01 4.412865924058888556e-01 1.203752917768887043e+09 2.389047723423784575e+00 3.096740740053355694e+02
-1.149060597379849753e+02 4.110490181317572933e+01 8.137261564607690900e+00 1.203753982845062494e+09 2.516307289344902109e+00 1.199292095096781850e+03
-1.148866763698896989e+02 4.113152919321619549e+01 6.746327059060423792e-02 1.203755023895224094e+09 2.150925835700023825e+00 2.859020630065351725e+02
-1.149713431354259257e+02 4.116390894550450241e+01 1.049805293002210593e+00 1.203755937661535025e+09 2.564086496663584125e+00 7.176300481185317039e+02
-1.149318359324951189e+02 4.116447167493268466e+01 1.026385795853998140e+01 1.203757038053221226e+09 2.029236882877577752e+00 5.475329592837952077e+02
-1.148772973424656243e+02 4.115235685653940578e+01 7.720816706730181167e+00 1.203757303666602135e+09 2.022106481592667038e+00 2.777154793962836266e+02
-1.149713658823748119e+02 4.115272284351920717e+01 9.079480113840379119e+00 1.203760189684054613e+09 2.072003273996783967e+00 3.454357041036710143e+02
-1.219332032082698447e+02 4.596745605219455655e+01 5.053418958979299935e-02 1.203761349450630188e+09 3.514144747857161466e+00 1.923560741040855646e+02
-1.149397138894246382e+02 4.110451928555306012e+01 1.470658913973672322e+00 1.203761819630644798e+09 2.000911005362035144e+00 2.126253925752826035e+02
-1.149500692283051961e+02 4.118411606591568130e+01 6.235579740147279004e+00 1.203764278858801603e+09 2.511007952580248670e+00 4.041240851720795035e+02
-1.149950190652177469e+02 4.110263952883147454e+01 9.763045498182061355e-01 1.203768016617091179e+09 2.182425480424757147e+00 2.880196118997409940e+02
-1.149406611917102623e+02 4.106399201250097519e+01 9.072386217978628764e+00 1.203768289986988306e+09 2.003301913788138933e+00 3.962587048118002713e+02
-1.148339347141323969e+02 4.122588222890248488e+01 3.689026535002100093e-01 1.203771079739403963e+09 2.207312528817002573e+00 2.644623459242284298e+02
-1.227142086020192693e+02 3.853022986163225738e+01 5.858856374694659586e+00 1.203771282418406963e+09 2.005739049076540326e+00 1.103891228209249675e+02
-1.202262182631634602e+02 3.606452112530655540e+01 1.678274560252798508e+01 1.203771319463215113e+09 2.605588697718399072e+00 1.509536980879493058e+02
-1.152743540884143272e+02 4.160898776846305935e+01 1.256754237032565946e+00 1.203778333657694578e+09 2.533866058817216604e+00 1.241139267855323851e+02
-1.149683836242032697e+02 4.104606437286609122e+01 2.615073421366228557e-01 1.203779136222579718e+09 2.025594186779626327e+00 1.587272372189909220e+02
-1.060948883127626772e+02 4.592244902251360372e+01 6.519001761280875051e+00 1.203779173360383511e+09 3.380971664441067226e+00 1.632612679493613541e+02
-1.217129386940185043e+02 3.661920933011869295e+01 9.922977812653069662e+00 1.203780412200970650e+09 2.761222723120202449e+00 1.074747636341489851e+02
-1.102765804692477758e+02 3.863919136382475727e+01 3.443908810008566235e+01 1.203782966303813457e+09 5.006441919585872924e+00 1.311023543253540993e+02
-1.148986412266858537e+02 4.107100570673119933e+01 1.075230389211541393e+01 1.203783024433946609e+09 2.184077830450307012e+00 2.923272102568298578e+02
-1.243810439508472143e+02 4.794110694347590140e+01 3.370486380399719195e+01 1.203783096236080885e+09 4.731424827246634379e+00 1.668970814077183604e+02
-1.010900749194210420e+02 3.885693269693022245e+01 7.973989403884999660e+00 1.203783251042023897e+09 6.153569462656653499e+00 1.484606736628338695e+02
-1.107992486106230956e+02 3.722691323525092599e+01 2.177089495551246756e+01 1.203783280191458941e+09 5.003008635735665344e+00 3.838523721327073872e+02
-1.032578960359433182e+02 4.765132477006188338e+01 7.579949122048790233e-01 1.203783290120362282e+09 5.337717317142657514e+00 2.039027467998676002e+02
-1.029840185336082925e+02 4.871726289275239452e+01 8.600222106588507387e+00 1.203783333595560551e+09 5.300305004869567682e+00 1.834085792079567909e+02
-1.184795389973025408e+02 3.753487023146152524e+01 7.835231557555967008e+00 1.203783362018996477e+09 3.279978828694232185e+00 1.624424260845407844e+02
-1.142775601222117245e+02 3.955074282794167573e+01 3.138401607261326021e+01 1.203783369557621241e+09 3.628282025435064728e+00 1.375515565439127386e+02
-1.094744784015319539e+02 3.306303448659767241e+01 4.299013186891395222e+00 1.203783370711575031e+09 2.994601880493803048e+00 1.188794358475133777e+02
-1.167217915330416815e+02 4.331086673168415047e+01 1.313258496694563249e+01 1.203783374972684145e+09 4.523695998088511416e+00 1.618497982518747449e+02
-1.051451808843354456e+02 4.382804862224539733e+01 4.375333182312201252e+00 1.203783377433352947e+09 3.180276406156439251e+00 1.355590690798126161e+02
-1.249348262594253214e+02 4.046128398932140158e+01 1.308365118998513310e+01 1.203783379773066282e+09 3.802706717629571465e+00 2.138162472252734005e+02
-1.031509178334177506e+02 4.668187551845509375e+01 1.152062847263779943e+00 1.203783382028282404e+09 5.259734239799628952e+00 1.664955295142717659e+02
-1.125180285245139515e+02 4.535230724060360075e+01 1.148849659599629369e+01 1.203783420814700365e+09 2.587591640926925507e+00 1.388309130724519491e+02
-1.144812034320557927e+02 3.789472746476481291e+01 1.628690196568943449e+01 1.203783429301121235e+09 2.996522278775602288e+00 1.563669110108166933e+02
-1.127662422978874304e+02 3.743047310412211459e+01 1.951413208839418090e+01 1.203783817447731733e+09 3.499638176643043774e+00 2.777618687991052866e+02
-1.247605082814068993e+02 4.032118706561073651e+01 2.527805645037918225e+01 1.203784010690963030e+09 3.389394524602203251e+00 2.215261862133629620e+02
-1.149253052451241075e+02 4.118675501521582305e+01 5.042978355106779276e+00 1.203786838564343691e+09 2.002640187865923238e+00 1.342116713705472648e+02
-1.121811625338109053e+02 4.543739780025955355e+01 2.073332101423345009e+01 1.203791957673015833e+09 3.104989356342882090e+00 2.669962849062867463e+02
-1.149756282324171082e+02 4.111803460244760089e+01 6.432944309512364178e+00 1.203792462899849892e+09 2.079329765174855904e+00 2.202318506143055856e+02
-1.149604679990753766e+02 4.115125238894419368e+01 1.221467002883689923e-01 1.203793234830465794e+09 2.062193675661637471e+00 2.277933742022141814e+02
-1.172399135871316531e+02 4.454121705080005000e+01 1.690981091472370412e+00 1.203793241526650667e+09 3.114325888563013400e+00 1.224529783464968204e+02
-1.221641007868563662e+02 4.618040557267166690e+01 9.129364841451582890e+01 1.203794614386411905e+09 2.631719943891667413e+00 1.082107630274258554e+02
-1.063775425072732901e+02 4.585314853817968128e+01 8.830170230653341434e+01 1.203796935492165089e+09 2.090271685938360324e+00 1.760070557468570769e+02
-1.112308355708850058e+02 4.511706255954160127e+01 5.391529626560626731e+00 1.203796967532465219e+09 3.265231399991804118e+00 1.316869711107574403e+02
-1.053804658730190198e+02 4.430293582166221711e+01 3.302571959958677894e+01 1.203797626880262375e+09 3.982356029096374872e+00 1.727147821816615760e+02
-1.050927420990502981e+02 4.390290675505482909e+01 2.997471326819122428e+00 1.203797721470894575e+09 3.041319637414375165e+00 1.601455836812965572e+02
-1.149665642317856111e+02 4.114707246069031044e+01 5.185138332682609486e-01 1.203798228124491930e+09 2.000706146401644681e+00 4.535505834561772645e+02
-1.052914079201676998e+02 4.380984314001164392e+01 2.527868706483544781e+00 1.203800790802282572e+09 2.535134328000461235e+00 1.471631467426195741e+02
-1.149721783055302780e+02 4.112950199234040838e+01 3.272503732560521961e+00 1.203802413435648203e+09 2.005990713216801336e+00 1.768249632413499057e+02
-1.067991380770559999e+02 4.514478491019927731e+01 7.335523496599179794e+00 1.203803222810950994e+09 2.734374006890942788e+00 1.064954411736689508e+02
-1.053788874033647289e+02 4.379449437975098647e+01 1.998879283124376460e+00 1.203803223575288296e+09 2.917825668509651749e+00 1.057499857954680920e+02
-1.185495691391213029e+02 3.412976566570289805e+01 6.513490319822198948e+00 1.203803484824526548e+09 2.978327780710286365e+00 1.069898945693857968e+02
-1.075580408115819750e+02 3.857821623825806512e+01 5.001999689517647951e+00 1.203803560602269411e+09 2.861651956223056903e+00 1.206265243059024215e+02
-1.148072186045718581e+02 4.116738475284415699e+01 2.753808374019131033e+00 1.203807398191117048e+09 2.902477013931286098e+00 5.450078067318536341e+02
-1.051452627932159487e+02 4.379462244709360164e+01 6.279905510157354875e+00 1.203807748541068792e+09 4.402645927365102629e+00 1.141927123926579952e+02
-1.052757638404820142e+02 4.372685271544718688e+01 8.973581657281602730e+00 1.203808836999820709e+09 2.683100826621873658e+00 1.195305547839961946e+02
-1.148961176263290014e+02 4.110828108160223593e+01 4.164602121511634003e+00 1.203809955933780909e+09 2.094249381660215015e+00 1.407234346559271216e+02
-1.075199824282808265e+02 3.886335093041970623e+01 1.499953396097871234e+02 1.203818700340276718e+09 3.025464134131407246e+00 1.942266505984589458e+02
-1.222723463961478956e+02 4.738484441415928927e+01 2.515602413832989548e+00 1.203822746179171562e+09 3.520121657669615267e+00 1.117115839528851211e+02
-1.149595155928598729e+02 4.114751753682237734e+01 2.000372801631520758e+01 1.203823160833009720e+09 2.052136405982100786e+00 2.239523081048391759e+02
-1.148951990993745369e+02 4.115523790388925107e+01 2.175692447165962307e+01 1.203824914486496687e+09 2.186809601102842393e+00 2.927209808994084597e+02
-1.221765572270654161e+02 4.621108903348421393e+01 2.434669207017710946e+01 1.203829705826329231e+09 2.797509791610832686e+00 1.187597887711599469e+02
-1.215369901876142222e+02 3.974333108625329913e+01 2.678098896529617079e+00 1.203831136657008410e+09 3.559516814712843757e+00 1.254767463477328420e+02
-1.254115635838181788e+02 3.993778137168191478e+01 2.427285063005286503e+01 1.203831147742903233e+09 4.053300830838484359e+00 1.658423213134519756e+02
-1.227858838191000643e+02 3.881799686162566587e+01 1.304963390306144166e+00 1.203831502649751425e+09 2.910924046191322390e+00 5.406063518114387989e+02
-1.068740137402838144e+02 4.506752881764016649e+01 6.517406815049466218e+01 1.203834544213608742e+09 2.008433493815044546e+00 1.130996599863283336e+02
-1.148239849146369238e+02 4.116441539848820952e+01 2.950002283393649449e+00 1.203837137134714842e+09 2.017453707955578324e+00 1.489597825799137354e+02
-1.119848806736686981e+02 4.564934217950376905e+01 4.302845793389825091e-01 1.203837162972846031e+09 2.231961387002022068e+00 1.204086382463574409e+02
-1.148502380718835099e+02 4.121057323830956420e+01 1.177350728528215651e+00 1.203850729264966726e+09 2.012890266815360540e+00 2.044122892045415938e+02
-1.158174836567695252e+02 4.897156282338238498e+01 6.988143294756365265e+01 1.203853306147749901e+09 2.224381719123044832e+00 1.371081641511991620e+02
-1.146777879445990607e+02 4.101047697452619900e+01 1.394439453576466592e+00 1.203857564416016340e+09 2.036730497134331408e+00 1.312630872749723494e+02
-1.235120812520570723e+02 4.104490196872480823e+01 4.335563704824266118e+00 1.203858026798878908e+09 3.607422999592956980e+00 2.459751062821596861e+02
-1.231266249518460683e+02 3.949849932371365213e+01 1.338188901653673268e-01 1.203858071971658468e+09 3.233543754148916261e+00 2.218393432945013046e+02
-1.222955699050621092e+02 4.591325786802443076e+01 1.007194316633252384e+01 1.203858883645882130e+09 3.111974547564254401e+00 1.083819835260510445e+02
-1.148029134762105485e+02 4.112613042579836531e+01 7.749386749967241528e+00 1.203859641938624382e+09 2.025450988255615759e+00 1.936191332936286926e+02
-1.165306338747076182e+02 3.312316455107888657e+01 1.612810395275251357e-02 1.203862423870951653e+09 2.439911483295380989e+00 1.045904425862245262e+02
-1.077076567457815770e+02 3.875189702250441570e+01 1.318358923025884266e+01 1.203865419641531467e+09 3.401568553833663966e+00 1.017604284728877246e+02
-1.123014931148343010e+02 3.801887732434688161e+01 1.967791898367671521e+01 1.203865437072371960e+09 3.225059799905467095e+00 1.240951951416209340e+02
-1.227989953867066077e+02 3.884325664952119439e+01 2.448742663585963797e+01 1.203865476574537039e+09 3.040627404990339677e+00 2.587329617231152952e+02
-1.156933793339424881e+02 4.556055583530528708e+01 2.176202163936268619e+01 1.203865577664729118e+09 3.172912337360687118e+00 1.286753530967980623e+02
-1.070339261337294090e+02 3.905477234197410041e+01 3.320883762590863597e+00 1.203865606713344812e+09 2.839125496860347209e+00 1.467063372172415257e+02
-1.221319104459503251e+02 3.781073505122002842e+01 5.064463516774542207e-01 1.203865673978188992e+09 2.811681698058939638e+00 1.738410523720085621e+02
-1.150270020995707227e+02 4.109482549334506274e+01 7.242512854842089176e-01 1.203866653966857433e+09 2.294064747106834723e+00 1.012086188443936408e+02
-1.052237456538642562e+02 4.364928356281082245e+01 6.035584998406049451e+00 1.203869840305031776e+09 2.018082412527566483e+00 1.499067259617149830e+02
-1.149144791607526486e+02 4.108325634549537142e+01 1.000077565873069396e+00 1.203875182909739733e+09 2.156197075061890178e+00 5.513742750221863389e+02
-1.066843422664889545e+02 4.598464751039429643e+01 8.737758430241182595e-01 1.203876147829458714e+09 2.808589993012144959e+00 1.397099854284897447e+02
-1.149653210787432585e+02 4.132409456464647945e+01 3.386530272683083709e-01 1.203876949947681665e+09 2.524774886937862117e+00 1.248440636633895338e+02
-1.053592552804500571e+02 4.418675806859825173e+01 1.839854598924004936e+00 1.203877703091056585e+09 2.361637030834728979e+00 1.427408019532449543e+02
-1.148150300588511499e+02 4.114766365999826547e+01 7.958345626038812348e+00 1.203878445184667826e+09 2.172304217052733133e+00 4.811172714484855533e+02
-1.148680526768138748e+02 4.117069437184308356e+01 9.102374370719919838e+00 1.203879650045862675e+09 2.175049732666043401e+00 1.308839054866693914e+02
-1.114047668059006355e+02 4.658590453904623985e+01 2.206257625927282362e+00 1.203879758492553949e+09 2.653253475727465727e+00 1.127063355576246977e+02
-1.209313758733054840e+02 4.507700745275244003e+01 8.833064215618136039e-02 1.203880203860568047e+09 3.052480624144890964e+00 1.067659590952098370e+02
-1.051090494919854166e+02 4.391836593197439953e+01 4.561493603948306053e+00 1.203886090136927605e+09 3.140726958478226027e+00 1.737579748700372875e+02
-1.119016984590620325e+02 4.531174085200586887e+01 3.944290638642294899e-02 1.203886093031574488e+09 2.891475114944981328e+00 1.144897883245721459e+02
-1.084559353812508107e+02 4.650145953059382720e+01 2.876399804157067752e+00 1.203886978513870478e+09 3.894945949274450925e+00 1.883985761790536344e+02
-1.051601084774279826e+02 4.385081354914790097e+01 4.063379900871264994e+00 1.203886991996856689e+09 3.852090704451345271e+00 3.370442892671562731e+02
-1.071844088318238732e+02 4.503154688554156593e+01 3.026838059287624283e-01 1.203886994183739185e+09 3.967342964312599030e+00 2.515240372400730848e+02
-1.109262091431741908e+02 4.534348374217272237e+01 1.050041138060159529e+00 1.203887936063569307e+09 2.835108484683355634e+00 1.982218010341748595e+02
-1.148723385888468300e+02 4.117229650938990204e+01 1.675837678444130674e+01 1.203891898481016636e+09 2.126743361258323084e+00 1.241510433428920805e+02
-1.051850831683021852e+02 4.376728876152998993e+01 9.924249245111688822e+00 1.203892851317331791e+09 3.162847930851615086e+00 2.397704555136151612e+02
-1.053030563962497723e+02 4.389995456239951466e+01 8.269152132750670958e+00 1.203893849911020994e+09 4.135513314048746558e+00 1.124551684167236090e+02
-1.052342487255979364e+02 4.377371520009499051e+01 1.203251823134307763e+01 1.203895016808030844e+09 2.583146945806742867e+00 1.396654876270331442e+02
-1.090769921051460329e+02 3.301719042942410454e+01 3.342217287071491238e+00 1.203895514493638515e+09 2.845709822197207917e+00 1.491450365218333900e+02
-1.094194839736395153e+02 3.288369506670263576e+01 5.855364666331758450e+00 1.203895607663050890e+09 2.878748276285024499e+00 1.211497932844795287e+02
-1.216345184191235234e+02 3.733299029071917374e+01 7.376892288651653473e+00 1.203896193331129551e+09 2.267569715328623836e+00 1.074078764468431473e+02
-1.051888889113622128e+02 4.384755509015835884e+01 3.787618412463876760e-01 1.203897610945772409e+09 2.718324204502274188e+00 2.595871339221484959e+02
-1.148491815228304773e+02 4.123075003680548889e+01 3.416121635014763847e+00 1.203899119686508894e+09 2.320764896953033229e+00 2.197997923092916608e+02
-1.148099176781670963e+02 4.108399502717567486e+01 4.775947688427417575e+02 1.203900347089133501e+09 2.032274321557355989e+00 1.751555724972859025e+02
-1.252303809592344237e+02 4.841004558052703999e+01 8.195240133339574129e-01 1.203903164357144117e+09 3.112976469747335440e+00 1.455007683010771871e+02
-1.149217107325714693e+02 4.111208886622291914e+01 5.779045704419343288e-01 1.203903750117031813e+09 2.034590455346301674e+00 2.610729588908143342e+02
-1.148316460422102949e+02 4.121872105439590683e+01 4.258894634738899398e+00 1.203904452343956232e+09 2.299768534102986983e+00 2.433931747954338789e+02
-1.215961591734011478e+02 3.758563493376869502e+01 6.226874602827428551e-02 1.203906207746992826e+09 2.409741917538874123e+00 1.465358421690762043e+02
-1.148692344494610609e+02 4.121691637592837765e+01 1.588158166416003780e+01 1.203908342175959110e+09 2.296025233436064905e+00 3.944812525925226510e+02
-1.226033553353146033e+02 3.858220337927510712e+01 8.319196465632327175e+00 1.203911547273369789e+09 2.047251672078758578e+00 1.533773731379769742e+02
-1.149540885935922603e+02 4.110108817788643165e+01 1.639711505779905820e-01 1.203912891003220081e+09 2.313158382629652454e+00 3.474543830198235810e+02
-1.148977536088346909e+02 4.110330873852565503e+01 5.973486011046557742e+00 1.203918714748245955e+09 2.436162523346133479e+00 6.269714063904248178e+02
-1.148759060906772902e+02 4.115986662973718779e+01 1.393306922226021527e+01 1.203923116895035982e+09 2.048899239413395357e+00 1.377258541574701667e+02
-1.073130373442181593e+02 4.658088702311197693e+01 2.839235394095370957e+00 1.203929627520598650e+09 3.815154656782941522e+00 1.151087211235426366e+02
-1.079361183608644694e+02 3.246056427162807267e+01 2.020368184597671757e-01 1.203929675425814867e+09 4.921170470533563268e+00 1.423392291618511081e+02
-1.065694552335938994e+02 3.325252625696432318e+01 2.478382967484719090e-01 1.203929692107200861e+09 5.347142928180183219e+00 1.318223174894228578e+02
-1.183487498379139424e+02 4.292831067719603766e+01 3.168604517957822964e+01 1.203929768167344570e+09 4.864491271864243238e+00 1.171954299854114652e+02
-1.095832729593315378e+02 3.881413323224118272e+01 1.601233501852483698e-02 1.203929826487536430e+09 4.175299875353721824e+00 1.763241807860322297e+02
-1.095749623636184538e+02 3.298124443842382902e+01 5.855358338240008287e+00 1.203929900989301443e+09 3.494057062825950855e+00 1.259222874138504267e+02
-1.053752306589241954e+02 4.389813508115580731e+01 3.255922006020794157e+01 1.203930350288020849e+09 4.332317461104240763e+00 1.099522777698002756e+02
-1.162565768040034726e+02 4.095918748799753217e+01 1.965903278861308889e+00 1.203935560872794628e+09 2.563404139715525165e+00 2.078186127557419240e+02
-1.149633202176016198e+02 4.113964816936901059e+01 6.742535975905412649e+00 1.203936766081531763e+09 2.004899896459967135e+00 1.234998413659632206e+02
-1.222936693186458967e+02 3.786117165419329922e+01 4.252077391676862561e+01 1.203939695426073790e+09 2.962765040636547109e+00 6.801436132444068789e+02
-1.124791746676180111e+02 3.794351021912410005e+01 1.483698066621833567e+00 1.203946117410011530e+09 3.294567347389159462e+00 1.025867569278925657e+02
-1.216980477220019310e+02 4.736114687064929285e+01 6.751975423820156585e+00 1.203947063996843576e+09 3.037497785340432355e+00 1.192141723320819438e+02
-1.149787835364923012e+02 4.119383138920593268e+01 1.241529168826943197e+00 1.203953018210611582e+09 2.185183236418353214e+00 3.445669804816134274e+02
-1.221679667072954487e+02 4.706195547843508109e+01 6.134616760383558187e+00 1.203953472566548347e+09 3.019363588755774153e+00 1.054696880518458784e+02
-1.213603010994617080e+02 4.671881496310879811e+01 7.380397740315169486e+00 1.203955175249354839e+09 3.161905429082053409e+00 1.029518988388590515e+02
-1.079496773669749956e+02 3.255322893906036796e+01 1.000701417309771246e+00 1.203963864361119986e+09 5.921509982456655052e+00 1.794578620330430567e+02
-1.054161124450023692e+02 3.269565266056271469e+01 3.477063745406884010e+00 1.203963866226541996e+09 3.588348291887900832e+00 1.484993045092560351e+02
-1.106108501415850327e+02 4.522574702322919649e+01 2.959810689211881396e+01 1.203964056253088474e+09 3.267062172044705726e+00 1.166891254265792668e+02
-1.186699539890133082e+02 3.748225696433053855e+01 2.859121316661539325e+01 1.203964300047181129e+09 3.053044632535977687e+00 1.026363873747177422e+02
-1.148877875714813541e+02 4.114075582988068902e+01 2.083637920054440540e-01 1.203965946827891827e+09 2.001921517749237101e+00 1.055382416946813464e+02
-1.149378404432842018e+02 4.134559860392785424e+01 3.479208242779104898e-01 1.203966095480908632e+09 3.133291912207544438e+00 2.243358040722087026e+02
-1.051261193784529411e+02 4.378027103496513206e+01 2.705117711710467887e+00 1.203968774966459274e+09 2.746059333926375690e+00 1.395807000729255378e+02
-1.118194138036470804e+02 4.434470727926400713e+01 1.826601896568885053e+01 1.203971163683991671e+09 2.674285668627217394e+00 1.029512563059106469e+02
-1.149240905476568031e+02 4.111568871600033503e+01 2.712768949652711470e+01 1.203972562051966906e+09 3.203375438126408348e+00 5.962070086253806949e+02
-1.113928830142316997e+02 3.501722425333190358e+01 2.782502276771287342e+01 1.203974370139869928e+09 4.281060565905087323e+00 1.270276088253594935e+02
-1.173911067209988204e+02 4.250887056747541237e+01 6.917172173158599335e+00 1.203974420328962564e+09 4.456836811843865931e+00 1.658469990203157067e+02
-1.080758314015273385e+02 3.598322683580539660e+01 2.758753520145973681e+01 1.203974479807024240e+09 4.580746196883795918e+00 1.681808371641673148e+02
-1.071313033193864328e+02 3.839149169537774497e+01 6.907703405271016450e+00 1.203974626180671930e+09 4.156548814160752947e+00 1.843826679755002260e+02
-1.091101978572386884e+02 3.225405897855531379e+01 1.287158632919114964e+01 1.203974640610117435e+09 3.390153956494661447e+00 1.129236207506619394e+02
-1.209584110194339246e+02 4.518818605043980341e+01 1.295848444817588430e+01 1.203974845187076330e+09 2.658639674119594787e+00 1.153132444713264704e+02
-1.253223189572166802e+02 4.071569812043523484e+01 2.412834149900236369e+01 1.203975006355500937e+09 4.237967902106559492e+00 1.334940772820264101e+02
-1.217243004953726881e+02 3.730401919410645206e+01 9.182501907482064496e+01 1.203980248572164059e+09 2.577795126691635907e+00 1.765513917990028858e+02
-1.165969217501103117e+02 3.342501130622014927e+01 9.389670369521629922e+00 1.203980345107041597e+09 3.000000000000000000e+00 2.413964949585497379e+02
-1.227259872977931110e+02 3.775079199303711874e+01 2.101079091569306279e+00 1.203981304202470779e+09 2.889277995263764609e+00 1.203453276026993990e+02
-1.061540963354430005e+02 4.596375452927915717e+01 7.509886753094002110e+00 1.203981832735563040e+09 2.518757393425306468e+00 1.236296157208271325e+02
-1.149070595554170353e+02 4.126218368695170824e+01 7.972990297231725698e+00 1.203992541612356424e+09 4.073493765060431038e+00 1.074103071843739599e+03
-1.148966210771051237e+02 4.113830995430567583e+01 2.721806027459433608e+01 1.203993507378230095e+09 2.544443871367148002e+00 2.139190413802862167e+02
-1.149239150539794423e+02 4.121202314475825546e+01 8.844071741389244679e+00 1.203994126319538355e+09 3.097776645890970570e+00 3.447328735222108662e+02
-1.148271927182378676e+02 4.117256044272997428e+01 8.384705050707520257e+00 1.203997635409344435e+09 3.096015072053222461e+00 9.529808545024134219e+02
-1.211220695452993112e+02 3.679233049402083111e+01 6.197771593586201888e+00 1.203998530714763880e+09 2.262822729319270199e+00 1.105706635741516948e+02
-1.053467509800960329e+02 4.350271544484890995e+01 1.968872649045321221e+00 1.204008536396237850e+09 3.347971837786606564e+00 1.125637449622154236e+02
-1.148299164911754247e+02 4.117340275504223968e+01 9.351225664339155585e+00 1.204008870857344389e+09 2.010360916792018227e+00 1.334075830332003534e+02
-1.148871278607911819e+02 4.115526151848476388e+01 9.340035279138788837e+00 1.204013294135928631e+09 2.177019569230800311e+00 2.690517619438469410e+02
-1.221635702353712674e+02 4.610509846024554292e+01 5.212468883812599874e-01 1.204022743653550625e+09 2.824530916994956620e+00 1.026044382904656231e+02
-1.148869517128537012e+02 4.122638359894615689e+01 8.809800630696969392e+00 1.204026794460080862e+09 3.402908568646998422e+00 5.824725825442001224e+02
-1.149764184414266737e+02 4.114570958370048714e+01 1.147077380363834465e+01 1.204029312809527397e+09 2.433667765368105584e+00 3.647088689627125859e+02
-1.228050928884528190e+02 4.556613871357668444e+01 3.381195592907756620e+00 1.204031063384151220e+09 2.480784972394866728e+00 1.483354931944049895e+02
-1.219463581475133935e+02 4.785875644899149250e+01 5.905867399303366128e+00 1.204031114437269926e+09 2.630045108355202998e+00 1.823926053484901786e+02
-1.217719962713287458e+02 3.718509571646640666e+01 2.502970400831494580e-02 1.204033777629753828e+09 2.750215660773471349e+00 1.006035323380492628e+02
-1.218102734128653708e+02 3.748387298312358951e+01 6.826520213942265158e+00 1.204033974169192553e+09 2.291497385965472144e+00 2.546338939238339663e+02
-1.149474578884426847e+02 4.121439686971915251e+01 8.939222716570677463e+00 1.204041660594791412e+09 2.578403650948916326e+00 1.685355528392829001e+02
-1.228728578932716715e+02 3.877797664578849179e+01 3.563139941438824287e+00 1.204041707870221138e+09 2.120896954719349026e+00 1.125211469265632331e+02
-1.148496756277050395e+02 4.121176225575742791e+01 1.577665754295990652e+01 1.204042977751972914e+09 2.275185618057597559e+00 1.624204750810749829e+02
-1.075904632976542246e+02 3.927788993150847574e+01 1.127669563555915389e+01 1.204050160409703732e+09 3.928818901923841977e+00 1.264244613894261420e+02
-1.068042956077809862e+02 4.529065053089171755e+01 3.681881304356543483e-02 1.204050172550770521e+09 3.512473538359008884e+00 3.777776435636915267e+02
-1.054497825727457183e+02 4.413714928818440342e+01 1.716781908980491522e+01 1.204053958767148495e+09 2.949866232677971212e+00 3.401408864385448396e+02
-1.211153306960410134e+02 3.631419895574156698e+01 1.234257606327995660e+01 1.204056354532145023e+09 3.138504023872951354e+00 2.585840145945549011e+02
-1.149509600249236314e+02 4.108790547172294794e+01 1.896223252722095909e+00 1.204058810881840467e+09 2.552095470222209173e+00 2.118746828651055694e+02
-1.052548843681448432e+02 4.449508735749118671e+01 1.351918961222565585e+01 1.204061083949785471e+09 3.055611106334008120e+00 1.305863874605856836e+02
-1.067979165018357719e+02 4.521925641610511093e+01 6.362190975498034362e+00 1.204062222995558977e+09 2.627827188875745179e+00 1.723382769469171762e+02
-1.068087526832615737e+02 4.520486950426334971e+01 8.478301609669976813e+00 1.204062400503944635e+09 3.024672369600623245e+00 2.348480430068448186e+02
-1.221850793452452422e+02 4.622491300257429714e+01 3.451414686950845301e+00 1.204063401276340723e+09 3.157531539668382070e+00 1.174571607992984354e+02
-1.053015749137909580e+02 4.397185061286046448e+01 1.816901643297019753e+00 1.204064770004040718e+09 2.333887987422854859e+00 1.225241699311882257e+02
-1.113639643632036069e+02 3.906722216065956133e+01 2.008173980894618893e+01 1.204067067350186348e+09 2.564231259396666740e+00 2.362931969286873937e+02
-1.053112189383978716e+02 4.393144948297402408e+01 1.993629979000735686e+00 1.204068482332781792e+09 2.608523442788892588e+00 1.493397533260285854e+02
-1.209610160506386904e+02 3.668115603321107443e+01 2.926456302551442334e+01 1.204071573689318895e+09 2.296417044182360812e+00 1.387312920833937824e+02
-1.148546543821535408e+02 4.121830241953684748e+01 2.424259342847093102e+00 1.204071700675925016e+09 2.063037760661768250e+00 3.954325678325258195e+02
-1.247098089251647650e+02 4.898992848489452712e+01 6.712584234879956036e+00 1.204081807440415621e+09 2.423666654547862009e+00 1.311959610478952527e+02
-1.222380813650146081e+02 4.615108552711065215e+01 8.264350721852085968e+00 1.204085968243510723e+09 3.320593911235955265e+00 1.237204207642935216e+02
-1.255696276043935597e+02 4.891284557479789896e+01 5.495085334481100148e-01 1.204086973020342112e+09 3.176383971366929515e+00 1.501647466938011348e+02
-1.148770968651535469e+02 4.121827600818306792e+01 9.024732963243014439e+00 1.204088081613471985e+09 2.318952313036316326e+00 4.479336352050304413e+02
-1.192527977686857383e+02 4.796369427893198889e+01 8.844310355194097140e-01 1.204095772684073210e+09 2.011516355528977229e+00 1.080456135552376509e+02
-1.178982910704472005e+02 4.294594685577541071e+01 1.970257708545629072e+01 1.204095917504446030e+09 4.670325911759922732e+00 1.556879038168117404e+02
-1.112938146019584309e+02 3.893757670047587993e+01 2.367282205749617674e+01 1.204095943816813946e+09 3.734972922874160162e+00 3.442092320537194610e+02
-1.091716177224816704e+02 3.317570396704588376e+01 4.175814669067225537e+00 1.204096215775566339e+09 3.019110118683754784e+00 1.061829610620625317e+02
-1.250044342088288261e+02 3.601631593859746516e+01 1.305960352130486335e-02 1.204099128036578178e+09 6.077260837038575225e+00 1.153583378354087472e+02
-1.148595939772288261e+02 4.121213583845509021e+01 1.380973090820786275e+01 1.204099176685524702e+09 4.565015682763529981e+00 2.253616163741331547e+03
-1.246550087579560113e+02 3.686102654033791026e+01 6.032796852776925789e+00 1.204099185502573490e+09 6.089254376863984852e+00 1.724674493963830173e+02
-1.149603506690783519e+02 4.114595196570343205e+01 7.341781372745455059e-01 1.204099664012441635e+09 2.877445253728780905e+00 1.036836272450163960e+02
-1.149442442145437440e+02 4.116962106337507521e+01 5.749935685528654972e+00 1.204101712251044989e+09 2.420376066832722550e+00 5.792031812090426683e+02
-1.148198879860638613e+02 4.118242643964170924e+01 2.664410054200200939e+00 1.204102394691469193e+09 2.095787772290394813e+00 1.348583781276829541e+02
-1.146865007072555187e+02 4.118031463066272124e+01 4.077800468251019161e+00 1.204102508458744049e+09 3.020474469353040092e+00 4.917499602437019348e+02
-1.148941104823261128e+02 4.112138249480683072e+01 1.220788351664151250e+01 1.204107577730934381e+09 2.003307624567816081e+00 3.861614655172452331e+02
-1.218500718067298720e+02 3.787785813535263202e+01 3.196567614307014651e+02 1.204113937689698696e+09 2.029174202142602468e+00 6.295170619296841323e+02
-1.071363250015717341e+02 3.866644045511590377e+01 3.016762553118078616e-01 1.204118179851404428e+09 2.618065505645394087e+00 1.242677832157351077e+02
-1.222837815201110203e+02 4.625020711436900456e+01 5.515487691461253839e-01 1.204120471307146549e+09 3.130240435284478817e+00 1.048336770981550217e+02
-1.148831144353366653e+02 4.115482127941088919e+01 1.037017166033397331e+01 1.204123846907624006e+09 2.505682319919742884e+00 5.077296786922961473e+02
-1.103030150829661125e+02 4.549222902293590209e+01 1.747020386858562802e+01 1.204126311018481970e+09 2.390250295245252232e+00 1.018777671959251165e+02
-1.050994075832079915e+02 4.343256243095358116e+01 5.224037910595919598e+00 1.204128238369580269e+09 3.211310138394327662e+00 2.590150023875758052e+02
-1.052126771676113179e+02 4.375198660585665067e+01 1.923386694467105640e+00 1.204132558028061628e+09 2.580420020694324190e+00 4.377042357153259218e+02
-1.113026466335471696e+02 4.277389069856797477e+01 5.383657443616121085e-01 1.204137725467429399e+09 2.117761930472869203e+00 1.058297307305037975e+02
-1.053156060233428093e+02 4.355488508785541057e+01 2.658893461710105210e+00 1.204142163343116045e+09 2.711597745437771323e+00 1.476512704803608358e+02
-1.066152021595243724e+02 4.518292761450158679e+01 2.227318504910539509e+00 1.204142169757294178e+09 3.206275283606870197e+00 1.319185932101681828e+02
-1.120499905646058210e+02 4.440399815853765375e+01 3.437496833355819348e+00 1.204142664567360401e+09 3.141503193797182014e+00 2.239018764402717352e+02
-1.149092174541272584e+02 4.105439411185179210e+01 4.886956287024628587e+00 1.204142792317727089e+09 3.087722340478056271e+00 7.355439312164671719e+02
-1.217534551186286365e+02 3.729240146335308026e+01 4.282003543019615166e-01 1.204143699940841675e+09 2.306737226455088496e+00 2.328072960264980793e+02
-1.149028236338408107e+02 4.112532082498937314e+01 3.473707841543610453e+00 1.204144235130520344e+09 2.002058191571396861e+00 4.109750108616426587e+02
-1.052345779556687830e+02 4.369463360314968980e+01 1.039441149532684427e+01 1.204144882806052685e+09 3.468856693409774650e+00 1.176927364547736943e+02
-1.149072569030589221e+02 4.112558477136969515e+01 2.470285604092150322e+01 1.204145248066116810e+09 2.454821610733452619e+00 4.622971102036535740e+02
-1.148914909744871693e+02 4.116223024219096516e+01 3.532083983975814245e+00 1.204145567844990492e+09 2.026541789407416694e+00 2.079702388960868120e+02
-1.049221921052403275e+02 4.388291317480998543e+01 4.372333530690439285e-02 1.204145830025404215e+09 3.686632367419591993e+00 3.090592710906639695e+02
-1.053958299521580102e+02 4.390332364012589750e+01 5.058616124304897710e-01 1.204146758006750345e+09 3.016888784425600711e+00 1.830385364685207605e+02
-1.096195011949864977e+02 4.547996927899187369e+01 1.123233814112657214e+01 1.204146767047223806e+09 2.556063804607630274e+00 1.166896950388327241e+02
-1.148981814575836751e+02 4.045708323973906317e+01 9.256210929789432384e+00 1.204147206392955303e+09 2.402470426982482810e+00 1.193220884860493243e+02
-1.052609116518284083e+02 4.365384992545264708e+01 6.681811036181383834e+00 1.204147275665493011e+09 3.895951447029032622e+00 1.751815910306759179e+02
-1.146845182376887067e+02 4.128283063168061773e+01 9.784105324930511216e+00 1.204150010528501034e+09 2.275598622368493640e+00 1.557293391544371843e+02
-1.052511844177768126e+02 4.429037378439087291e+01 2.014224553292552344e-01 1.204152232009460211e+09 2.924699007482149060e+00 1.462762429905124009e+02
-1.163251355310769810e+02 4.112991388600505616e+01 1.116666781298716238e+01 1.204153922533069611e+09 2.931554046689336168e+00 1.502075123446993530e+02
-1.252679369643618230e+02 4.094623214224333907e+01 3.458538910353288998e+01 1.204155674714601278e+09 4.785263857970207368e+00 1.624923860821872950e+02
-1.148663408726529127e+02 4.122243519245534316e+01 5.218083039290648095e+00 1.204157179904472589e+09 2.128195040377491409e+00 2.941913495482876897e+02
-1.242656548702904047e+02 3.820858486049868930e+01 1.987640373885987799e+00 1.204159444099112749e+09 3.616571174614699125e+00 1.497046647118404508e+02
-1.145951358970320371e+02 4.123924689207590433e+01 1.059134390472129006e+01 1.204159458683475256e+09 2.886398271055266029e+00 1.846509524597786367e+02
-1.043248212662504812e+02 4.355493589107369701e+01 7.812703215345658814e-01 1.204159530219732046e+09 3.961142921776782622e+00 3.237210215958766639e+02
-1.065505609445301047e+02 4.592859023893015546e+01 3.028081118440439923e+01 1.204159593526163101e+09 3.807067891583517216e+00 1.173561952095478773e+02
-1.052401244229967148e+02 4.405260959716276403e+01 1.322445724208466955e-01 1.204161230779034615e+09 2.858323665636280708e+00 4.196208511083386838e+02
-1.151067036081110047e+02 4.122329610440952052e+01 1.679994376127775801e+00 1.204171652123132467e+09 2.107812771205700209e+00 1.297340470678173006e+02
-1.148093752175015254e+02 4.120017653826629100e+01 4.912486354158620117e+00 1.204173357463049412e+09 2.309611932294814540e+00 4.353298346805386245e+02
-1.148974572827089133e+02 4.110643250780552904e+01 1.590017222061278801e+01 1.204174218157618046e+09 2.022280409127669820e+00 1.175537881786003709e+02
-1.148784766539516369e+02 4.123721783248325323e+01 8.592317695751328088e+00 1.204174378422401905e+09 2.212697920782363159e+00 1.641239564153365791e+02
-1.201726562015582971e+02 3.630136953947901901e+01 9.874640810170198790e-05 1.204176429031030893e+09 2.553478461037558933e+00 1.021420772084966302e+02
-1.148812471607762262e+02 4.108102063078661104e+01 5.487230843578149688e+02 1.204187336542587280e+09 2.702533982446256644e+00 1.159607361722737551e+02
-1.148589611940665804e+02 4.121708339508105468e+01 4.291093664135961383e+00 1.204190509284408569e+09 2.522250517959343519e+00 3.454590460970066488e+02
-1.149699265481938539e+02 4.116806001170470353e+01 2.394513166090710410e+00 1.204191765695934534e+09 2.096195799168696361e+00 3.525377551363781095e+02
-1.148180423263354584e+02 4.112524357962083599e+01 1.354637237314287868e+00 1.204192375082743406e+09 2.088142329339790049e+00 1.060718107214197516e+02
-1.148617791430849024e+02 4.122399073287930094e+01 2.611166533889397456e+00 1.204202202344269514e+09 2.659753164417566929e+00 4.852973075900226831e+02
-1.148643697066552107e+02 4.123147382312610887e+01 1.165582850945965632e+01 1.204207334358342886e+09 2.632024699742941731e+00 5.591500662975013256e+02
-1.148731109419195775e+02 4.116847299761406731e+01 3.805108334580585616e+00 1.204207795126127005e+09 2.002399929134674128e+00 1.160978100495412946e+02
-1.115053882378340404e+02 4.617033428200162604e+01 1.110009447941753713e+00 1.204209623228613615e+09 3.290030171913715940e+00 1.286836755354888737e+02
-1.147453343262985612e+02 4.095973338417978482e+01 3.666347797753947368e+00 1.204209784490826130e+09 2.175479886376657124e+00 1.167738271360285580e+02
-1.132463650543513722e+02 3.836574372260993471e+01 3.129016941405971863e+01 1.204211427238569498e+09 4.599881804862055112e+00 2.615978827313520014e+02
-1.149617838484981291e+02 4.109895416554018510e+01 1.651726710802077491e+01 1.204211438415036678e+09 4.499814031210450871e+00 1.013960543002467602e+03
-1.148926975463585478e+02 4.120971599265212149e+01 7.096962785438106103e+00 1.204211499220695496e+09 3.180747250171003682e+00 2.147802107022143900e+02
-1.149456900750648884e+02 4.106407458235693042e+01 7.584692059352708959e+00 1.204214214344055653e+09 2.048622771136309417e+00 3.152681221887469292e+02
-1.067538960274636395e+02 4.535224886827967339e+01 1.270983676047994226e-01 1.204218333939422607e+09 3.634019034956479821e+00 2.933265042868442833e+02
-1.054272897788045213e+02 4.374600123347993730e+01 3.277047315091843327e-01 1.204218370525845766e+09 3.450264006431695396e+00 1.551313710832037032e+02
-1.052064092634105208e+02 4.375167474460583605e+01 8.600622659364905331e+00 1.204220867724866629e+09 2.954603398645433643e+00 1.101366218463517725e+02
-1.074804298797312185e+02 4.501083104879123908e+01 2.231734250944917264e+01 1.204222306668021679e+09 3.286045684323906979e+00 1.067953952783718705e+02
-1.103981197949449040e+02 4.481354237237808036e+01 1.460037606892155893e+01 1.204222320951934099e+09 3.226934398579877072e+00 1.272079714951105416e+02
-1.149809784323742718e+02 4.114143937017540509e+01 7.633326238628629135e+00 1.204223442825245619e+09 2.165224941135770464e+00 1.661237208028323948e+02
-1.120302934535931882e+02 4.516812555054426781e+01 4.506889992763545294e+00 1.204232967239225149e+09 2.969000024624289136e+00 1.460766392727382481e+02
-1.065556369896612807e+02 4.531432903320316541e+01 1.701439009339860142e+00 1.204233034274771452e+09 4.033428608934118920e+00 1.221277232496067882e+02
-1.074083941301062737e+02 4.004355415005659324e+01 4.358948426153576250e+00 1.204233883140142918e+09 2.752911141177877052e+00 1.054547179988585413e+02
-1.052382867027378524e+02 4.387325043230014643e+01 1.270069506865461229e+01 1.204233967501542568e+09 2.953449811999562691e+00 1.059735839162021875e+02
-1.054521720904365338e+02 4.414613476705200412e+01 4.383405683194196989e+00 1.204238108764188051e+09 2.820193977696237031e+00 1.456547510884702206e+02
-1.070353032975469176e+02 4.520717908678271613e+01 1.155147755328802261e-01 1.204239980448385000e+09 2.957019942427579817e+00 1.513979522017762065e+02
-1.052618985636305950e+02 4.383158171673890280e+01 9.035396329171012653e-01 1.204241563930671930e+09 4.235648964099858027e+00 1.017434836031869054e+03
-1.074482380661888357e+02 4.450553224307197553e+01 1.263757713948532757e+00 1.204242932708994865e+09 2.971834078930189804e+00 2.715426961979828775e+02
-1.053344427563147860e+02 4.388539604782951642e+01 4.082282081253971739e+00 1.204243595473653555e+09 2.068332060694831220e+00 1.199761496530845761e+02
-1.052595198434026003e+02 4.425425499467873180e+01 8.107415277550110710e-01 1.204244921384703398e+09 3.023335545497495502e+00 2.776376502583734691e+02
-1.128263903987198944e+02 4.468820528672767978e+01 2.919866892219892307e+01 1.204245346919713259e+09 2.796684384826094494e+00 1.170498662944883108e+02
-1.146309411425545193e+02 4.432798616793659363e+01 2.890849690434316344e+01 1.204245360785844564e+09 2.790632302732734882e+00 1.324897315264679492e+02
-1.206693931212002155e+02 3.440280834194281567e+01 4.842191949735309322e+02 1.204250269017230749e+09 2.948514582658718464e+00 1.525833247383125126e+02
-1.133481913803948373e+02 4.418377384590024803e+01 7.706912180563682213e+00 1.204253363720927715e+09 2.755639874909531439e+00 1.120234339851886034e+02
-1.227858352524903438e+02 3.880178211776382824e+01 1.589698415297691847e+00 1.204262456368117571e+09 2.598199426558882141e+00 7.333568948465399444e+02
-1.149010024639274405e+02 4.121092469467966168e+01 1.755435525064026336e+01 1.204269551063935995e+09 3.030499146034330238e+00 6.546491858507506549e+02
-1.149042845904076984e+02 4.109722278189425282e+01 9.015732856730689804e+00 1.204274987386001587e+09 3.707790027633972585e+00 2.221036440089344978e+03
-1.244393725975968295e+02 4.032322290683589472e+01 2.821061834692191894e+01 1.204282485087341070e+09 2.829057224873518628e+00 1.046522434656508267e+02
-1.149682980706807598e+02 4.107838044964559288e+01 1.353953532704300144e+01 1.204283678543481350e+09 2.161641543186176850e+00 2.449246431365609169e+02
-1.148997391171086235e+02 4.110838284676324150e+01 8.764988718579378002e+00 1.204286853593835592e+09 2.623019026504739504e+00 9.787282646433450282e+02
-1.149051109944030316e+02 4.108178155906534101e+01 3.655488952194235530e+00 1.204290496230664968e+09 2.076884325656405128e+00 4.508283358705230057e+02
-1.149030201500537345e+02 4.111160855223739219e+01 2.435359273972795435e+01 1.204292790054533005e+09 2.248562147618759610e+00 1.716474660984240472e+02
-1.148710562952156522e+02 4.114452114437952446e+01 4.706681446662758006e+00 1.204297320862613678e+09 2.000487008022401092e+00 1.129765707692131400e+02
-1.230937631558347931e+02 4.835118098995472735e+01 1.709493905677748060e+01 1.204301188515940666e+09 3.157488033998481214e+00 1.022091712187975645e+02
-1.074783041744223624e+02 3.892980484331770441e+01 2.771002081037087237e+02 1.204308092944356918e+09 3.117011729510849705e+00 1.318078936142846942e+02
-1.149845661436096975e+02 4.121272104968349481e+01 8.857089277943828165e+00 1.204311321617277861e+09 2.064835683984044490e+00 1.758949769069440663e+02
-1.147998874534666953e+02 4.118882238734978785e+01 5.374827915412636159e+00 1.204315253631388664e+09 2.309694160098892279e+00 3.605930842063389719e+02
-1.121751362218982564e+02 4.557513315851752367e+01 6.414049274288544655e-01 1.204317275782661676e+09 2.440141947380534582e+00 1.061736971451900899e+02
-1.150169266783607753e+02 4.116867746230614244e+01 2.672493986640622765e-02 1.204319971803029299e+09 2.771418739620798100e+00 2.152739924578927457e+02
-1.051912362226974551e+02 4.381694062141635726e+01 4.680944418711036725e+00 1.204320243429410458e+09 2.703233329856291167e+00 1.294807673245668411e+02
-1.052511539280627488e+02 4.395796090381735155e+01 7.211203879866470157e-01 1.204324561091172934e+09 2.799433277820619015e+00 2.152740730019286275e+02
-1.111585148655293409e+02 4.642493325784030844e+01 8.488426392455790115e-01 1.204326548904831886e+09 2.500176501735556389e+00 1.097362339054234326e+02
-1.065952425199903644e+02 4.587408866014419573e+01 9.937260354968614706e+00 1.204326562406171560e+09 2.815502487173620949e+00 1.666671630297787488e+02
-1.164313576802811809e+02 4.096468547935266713e+01 9.874634268705417384e+00 1.204326972267359495e+09 2.416069777719363820e+00 3.826505632540211082e+02
-1.166905823882157165e+02 3.996007980217702027e+01 1.422662860522321893e+01 1.204327369442717791e+09 2.399661237373214906e+00 1.061490871799178421e+02
-1.051936283502543432e+02 4.383352408813216528e+01 2.957436520353659670e+00 1.204328354468151808e+09 3.904418182991257424e+00 8.417719475072808564e+02
-1.130748654838750014e+02 4.599877992714124986e+01 3.242743360836424671e+00 1.204330749911600351e+09 2.494491591413645626e+00 1.177557833651080728e+02
-1.109968503057644966e+02 4.591286017042166634e+01 2.084453445323922516e+00 1.204330767952223063e+09 2.812342050490542089e+00 1.269418286839500070e+02
-1.223361015199665474e+02 3.770777511369229984e+01 2.188996107127771751e+01 1.204334968964708090e+09 2.956952338765414190e+00 2.015646839020773768e+02
-1.148651919690799872e+02 4.118858482393324039e+01 1.767703719637672322e+01 1.204340068401187897e+09 2.034660107285142683e+00 1.196357563468627632e+02
-1.223986013200581198e+02 4.631698617620619984e+01 4.579093915271730566e+02 1.204341836705785751e+09 2.730107356593394208e+00 1.049269879059866071e+02
-1.215946486343545274e+02 4.768782483868054101e+01 3.005293388483121220e-01 1.204342672072035551e+09 2.637031748808724263e+00 1.088311037500388920e+02
-1.148780313040409027e+02 4.122145840684262907e+01 7.809367004965002135e-01 1.204344260720022917e+09 2.337396657912257147e+00 3.478595566530711949e+02
-1.149506360473914270e+02 4.111985226187063347e+01 2.490104679494453688e-02 1.204346357791959286e+09 2.007608693182010295e+00 3.603593415473587811e+02
-1.222464966722010047e+02 4.619329527533292179e+01 1.169231028231511260e+00 1.204354538747073889e+09 2.846798303248811557e+00 1.251501788110472262e+02
-1.148743799328251640e+02 4.121916514747805849e+01 5.294678436901042451e-01 1.204357685074779987e+09 2.373814753584460924e+00 3.097217253502458334e+02
-1.216554657314711960e+02 3.588455359078792384e+01 5.192191434582722032e+00 1.204359309504992962e+09 2.889966834781434457e+00 1.262540647462010384e+02
-1.219434573034492928e+02 3.784940440841709375e+01 1.851119879811259583e+00 1.204359338414902687e+09 2.807654839682030001e+00 2.224284667004831135e+02
-1.193414285508570032e+02 3.743282487201994257e+01 3.278691279805896031e+00 1.204359376392592192e+09 2.464556434855047051e+00 1.525486699198372662e+02
-1.227256930248106954e+02 3.849567057527033853e+01 1.213983691329908687e+01 1.204360600760545492e+09 2.127182410565797710e+00 1.041073786104097962e+02
-1.155019716472205857e+02 4.421307796929574607e+01 2.887821649620019571e+01 1.204363298469312906e+09 2.936605153092624931e+00 1.057594869621098042e+02
-1.146065864962631906e+02 4.130369716582246298e+01 6.803925998678332476e+00 1.204363377641510725e+09 2.039056575747658862e+00 1.422963819038122892e+02
-1.228916846857478191e+02 4.672819262445840138e+01 8.456998616659244794e-01 1.204365574914502621e+09 3.328961603358444599e+00 1.058590367515571415e+02
-1.149152946221224312e+02 4.119307041145101778e+01 2.271234573974631576e+00 1.204365605154304504e+09 2.017348043339369124e+00 1.625001530614681542e+02
-1.153909858311613164e+02 3.746189313881271232e+01 2.164393167531985540e+01 1.204370902061538935e+09 2.290025723917383793e+00 1.034791121645830572e+02
-1.147564854221260617e+02 4.094716548839748071e+01 3.577755716206624470e+00 1.204373390721465588e+09 2.262566851045531013e+00 2.453176532122306526e+02
-1.148818465746048787e+02 4.124591476074059671e+01 4.319164587836272773e+00 1.204379824261464596e+09 3.220417164957954714e+00 1.008768255660310388e+03
-1.149685347001455966e+02 4.109842179840644860e+01 8.895057689996344052e+00 1.204380346049012423e+09 2.451413862361554230e+00 3.853961434350349009e+02
-1.148932501284562875e+02 4.116407798092951964e+01 3.547343018467334907e+00 1.204380537081808805e+09 2.023051786544791231e+00 4.129140860498882830e+02
-1.232825809816416438e+02 4.616062029374335651e+01 1.488069605625772951e+00 1.204386559898895264e+09 3.276871548024708591e+00 1.306559114237315953e+02
-1.053101685025120418e+02 4.394912071266145404e+01 6.337034031594486194e+00 1.204389267878661633e+09 2.512973197860424168e+00 1.552643059282563627e+02
-1.148763399845493893e+02 4.122257311190286799e+01 6.539484583168662546e+00 1.204390503299962044e+09 2.174859874182653918e+00 3.018188202553428710e+02
-1.053348449108537039e+02 4.404112023001773224e+01 3.785898935387677078e+00 1.204391898984440327e+09 2.794616015068363879e+00 1.736189560052007437e+02
-1.053867038414564519e+02 4.379588261618560807e+01 7.396989107475287817e+00 1.204395526216635466e+09 2.921210945112614255e+00 2.757896924880333245e+02
-1.220891004805105950e+02 3.804836718374246374e+01 3.346187305697306869e+01 1.204397904732095718e+09 4.143161949081761719e+00 2.541452652895823121e+02
-1.126857298906843710e+02 3.762438178807506262e+01 1.583808366176323312e-01 1.204397968258274794e+09 2.953774732534642400e+00 1.392631428623571992e+02
-1.202361273832776902e+02 3.572825257366187657e+01 7.352807380923456648e+00 1.204397990720906496e+09 3.572031153290124994e+00 1.338290888951160014e+02
-1.051789077160281352e+02 4.383232666733790239e+01 2.173278170609356241e-01 1.204398315427118063e+09 3.810449993948732850e+00 9.606804904863238335e+02
-1.238046744471175202e+02 4.776221351319474451e+01 1.396470400369724585e+00 1.204401614269936800e+09 3.676023537221554172e+00 1.243807097291573882e+02
-1.074943980713458274e+02 4.576164096584589203e+01 5.809173741990186102e+00 1.204401741973464012e+09 3.195558099604355995e+00 1.178746293690055609e+02
-1.219135995002741453e+02 3.730541590967969512e+01 7.423300235263122104e+00 1.204401749362717867e+09 3.507857233418670617e+00 1.930224470300599933e+02
-1.163993423738100148e+02 4.089506648359886043e+01 1.471027719081727447e+01 1.204401755703275681e+09 4.374646218297989719e+00 1.564110174211673439e+02
-1.051747489673749385e+02 4.361930468748045087e+01 1.519019529657216871e+00 1.204404998594158173e+09 2.906277884145631152e+00 2.312303149052895606e+02
-1.218642173461776821e+02 3.812905612463065808e+01 1.841561243602529530e+01 1.204406366386821270e+09 3.105963752290163971e+00 1.401062960638664663e+02
-1.052119340843547803e+02 4.392020668125290683e+01 8.978037453384953182e+00 1.204409620959739685e+09 2.311793040368419483e+00 1.268517031474038959e+02
-1.068730601653227126e+02 4.513767379807548252e+01 1.116356298631213306e+01 1.204409628609425306e+09 2.816987919232138093e+00 1.020135174863971770e+02
-1.218499013123606005e+02 4.794105987350279463e+01 1.286588104229726470e+00 1.204409894730533361e+09 2.945659645021484252e+00 1.874113580686971545e+02
-1.056044364565014746e+02 4.438861451203653274e+01 1.958305671748208354e+01 1.204413168607157707e+09 2.102178816272268769e+00 1.036967496252618730e+02
-1.216254604076577976e+02 3.658874404527406909e+01 1.206741122268514044e+00 1.204413654849116087e+09 2.539399915816496378e+00 1.748561248416081071e+02
-1.054018590568328335e+02 4.416347257723630548e+01 1.586635097310879150e+00 1.204414174908783197e+09 2.896900492751902867e+00 1.099721287381835282e+02
-1.149537185946650197e+02 4.110533632852009589e+01 2.166988355923460574e+01 1.204416163950796843e+09 2.877148979922067085e+00 4.035596408606506884e+02
-1.056167558722927282e+02 4.428650764649363225e+01 1.859970622776806026e+00 1.204417050698952198e+09 3.646169343136768326e+00 1.987474327022209764e+02
-1.051509548305174491e+02 4.411692481815841660e+01 4.835321596090466079e-01 1.204418899044844151e+09 3.072734253898791845e+00 1.559299737722612917e+02
-1.221936927481182522e+02 4.608265782212833983e+01 1.148425263644859307e+01 1.204419326232621431e+09 2.982496628020448348e+00 1.812328971158713102e+02
-1.222982553053373351e+02 4.762294738196001731e+01 9.606472018931633272e+00 1.204426756214841843e+09 2.495049614582179665e+00 1.805656221383251250e+02
-1.225136809420676514e+02 4.510616505803525200e+01 4.084087816184124975e+00 1.204435072804654360e+09 6.019379487177706878e+00 1.209986556065268815e+02
-1.247514295150592005e+02 3.900082093611914758e+01 4.920267080261263581e-01 1.204435092973421812e+09 4.343528545242699046e+00 1.226847963747568429e+02
-1.234035620177336767e+02 3.972170571745963485e+01 3.267701239987287920e+01 1.204435113386914015e+09 4.267893496996249425e+00 1.383592085731215775e+02
-1.100843363157017762e+02 4.807818832080508287e+01 3.319876692226719328e+00 1.204435126069923401e+09 3.602096449499057496e+00 1.415180810638703406e+02
-1.123585459345426472e+02 3.863674906751354143e+01 5.405873243764859559e+00 1.204435136273834467e+09 2.976444286296242581e+00 1.430843034428544343e+02
-1.228450421934455647e+02 4.785573664488810408e+01 1.416738024207374451e+02 1.204438036947034597e+09 2.064162728944012759e+00 3.250266145360656083e+02
-1.225649404727381295e+02 4.733333672071509568e+01 1.649202070972795475e+00 1.204451421431925058e+09 2.699437908957531995e+00 1.547202956643886864e+02
-1.149893110618272942e+02 4.113671083467033895e+01 2.782289637770372082e-01 1.204452125259988070e+09 2.022753235419851858e+00 2.322703667809255421e+02
-1.053103128990037050e+02 4.386308570816066066e+01 2.729986931188718700e+02 1.204460720062313080e+09 2.804720511842615949e+00 3.004570377669297159e+02
-1.219255852164983338e+02 3.790447290461124652e+01 2.732088140710553503e+00 1.204462480553235531e+09 2.637022285331115601e+00 1.093491204576566815e+02
-1.150591940831397153e+02 4.118061902019488940e+01 5.813709391202852572e+00 1.204462731239115000e+09 2.016852444389447996e+00 1.347646017749793828e+02
-1.218934624430121545e+02 3.673948886319521989e+01 7.527271304885648995e+00 1.204463745180994511e+09 3.035756444353848504e+00 1.500646834536455572e+02
-1.148115981774401888e+02 4.120757094372355311e+01 2.947695216977717969e+00 1.204463921021609068e+09 2.319901785589782772e+00 4.059793975418433547e+02
-1.148323940997146480e+02 4.112692926594753828e+01 3.249964116111508372e-01 1.204467177428400278e+09 2.009943055642549492e+00 2.147670167176984251e+02
-1.052657057215072740e+02 4.386379386422392912e+01 2.018602131340871131e-01 1.204476183877820015e+09 2.524856759347083646e+00 2.674822744792327285e+02
-1.051180523273948069e+02 4.369768518513780009e+01 1.892315111690809237e+00 1.204480734112981319e+09 2.784534155540059341e+00 1.911484487904235721e+02
-1.066799683955713505e+02 4.510765544206061861e+01 4.523299293076015637e+00 1.204482324773083687e+09 2.187868538302429666e+00 1.521934529901482165e+02
-1.069325717794605737e+02 4.513833376027603350e+01 6.852205610072187980e+00 1.204482486155246019e+09 2.606810958197259609e+00 2.065195356411859393e+02
-1.223122786146128647e+02 4.733367751501506859e+01 7.305353568599997516e+01 1.204484032751519442e+09 2.588552216320364696e+00 3.026843736902810633e+02
-1.046840785587000795e+02 4.353572452021870021e+01 1.255062878562567263e-01 1.204485917908229589e+09 3.752805820785833024e+00 1.347484958386048675e+02
-1.112305640437297569e+02 4.583931722664163289e+01 5.158835935265191353e-01 1.204485923161190033e+09 2.518113857121884180e+00 1.064841217570938170e+02
-1.051810355992624437e+02 4.429397754379529317e+01 5.519149843545045897e-02 1.204487010505876541e+09 3.126544898007691753e+00 1.594462114912457764e+02
-1.148957331530809398e+02 4.114859160385228165e+01 1.751283473562017434e+01 1.204488268941864729e+09 2.082364121504707732e+00 4.518606111165136099e+02
-1.052769628937651589e+02 4.392564716228346100e+01 3.864864559267213728e-01 1.204490391040569782e+09 3.163351887025171560e+00 2.643713147630915046e+02
-1.123570347849626643e+02 4.517484077335052461e+01 5.875540391187229483e-01 1.204490392085301161e+09 2.428248446622808920e+00 1.468864060007035732e+02
-1.153137933198318308e+02 4.118693609403398170e+01 1.122706667597952723e+01 1.204491856477370977e+09 2.025177392276197086e+00 1.628790330635383725e+02
-1.053737492313349691e+02 4.381472634129954002e+01 1.242068549221030604e+00 1.204494183383848429e+09 2.978334526720660236e+00 1.963489918969571590e+02
-1.052014456871237940e+02 4.363615147039046605e+01 7.822093149109464960e+00 1.204494407356850863e+09 3.054211023395935864e+00 1.131264275233261287e+02
-1.053740344569412031e+02 4.380071798266583016e+01 3.466787042420567566e+00 1.204497696261775255e+09 2.869615202957060962e+00 1.278898318340070546e+02
-1.053143070558801924e+02 4.389431490094332844e+01 2.213989074357777920e+00 1.204498385231126785e+09 2.646412404312727951e+00 1.186843158151023090e+02
-1.052580948090863018e+02 4.372544248119596944e+01 3.842504716133737230e-01 1.204499233886007547e+09 3.314224419623390094e+00 7.683581286608241498e+02
-1.147714935114609602e+02 4.119150507497970892e+01 3.633129962708436356e+00 1.204499276977294207e+09 2.064922653411128461e+00 1.335474709356203675e+02
-1.127134778107538011e+02 4.529268561294902184e+01 7.559251144648380993e+00 1.204500815774910212e+09 2.003476297845749876e+00 1.006239886092953384e+02
-1.066385432573257930e+02 4.517985611809914559e+01 1.171029496876957232e+00 1.204502508953613997e+09 2.738450837902600021e+00 3.515554168107919395e+02
-1.052537496932573760e+02 4.380468045203812721e+01 2.302223091112363118e+00 1.204505043313549519e+09 3.023756117775175944e+00 2.003250366193242371e+02
-1.068491310736996951e+02 4.515860751753951519e+01 1.398823585826887062e+01 1.204505046281881094e+09 2.998845944782023043e+00 1.035934376358054578e+02
-1.109550294816103673e+02 4.505115172045578475e+01 3.156447607547514878e+01 1.204505062003367662e+09 2.911153694086666910e+00 1.055190453189425170e+02
-1.121534996374441562e+02 3.870042000908010493e+01 5.755218919454305748e+00 1.204512914265061617e+09 2.857434662242721579e+00 2.111883535687811673e+02
-1.122497725011192387e+02 3.652317877281090830e+01 4.231291030076354787e+01 1.204520125966883898e+09 3.102442084351941354e+00 2.529701189924962819e+02
-1.121066188398714871e+02 3.848872771297956774e+01 2.991957457233996251e+02 1.204526943326499939e+09 2.489860839667532133e+00 1.339054328929632902e+02
-1.133995430197857388e+02 3.897880660767117433e+01 1.848575761701819076e+01 1.204537220263548136e+09 3.971120143053389118e+00 2.021114490060135722e+02
-1.121532772397437441e+02 4.547033843024810551e+01 2.399508968684428112e+01 1.204537244717558384e+09 4.420290224397380285e+00 4.912367556621320546e+02
-1.161081682378901831e+02 4.008154449668626285e+01 2.089466653361308346e+01 1.204537274598130465e+09 3.713524470908727171e+00 1.944211720679886639e+02
-1.150136976341498780e+02 4.125225968560366141e+01 1.143276440284861195e+00 1.204537860629208565e+09 2.289862771045965140e+00 1.051231135511770844e+02
-1.119401639678139730e+02 3.853553268529325493e+01 1.957509760574243529e+00 1.204553179056127071e+09 2.472324783643747192e+00 4.517836220231838524e+02
-1.148782924194349988e+02 4.113776881731528334e+01 2.811655984985763190e+00 1.204553756199161291e+09 2.058082390823695818e+00 1.035266452929936349e+02
-1.221839885400319474e+02 3.715027317299524867e+01 4.309615241485541759e+00 1.204554299698264837e+09 4.323925881507941327e+00 1.007504267380572855e+02
-1.127525254057843398e+02 3.747703159310291454e+01 3.306407039734358122e-01 1.204554482059282780e+09 3.494903223651260937e+00 3.440888114003464580e+02
-1.151195762603399260e+02 4.412330523005915950e+01 1.160919426915211883e+00 1.204554484738958836e+09 3.016803785983797059e+00 1.114560116278007627e+02
-1.052669688995482886e+02 4.352679313187072552e+01 2.305908927184086021e-02 1.204555216928778887e+09 3.932160189861661159e+00 1.239916961491107941e+02
-1.211519141225261507e+02 4.413497859010962543e+01 4.918763002776541882e+00 1.204559124170319319e+09 3.699301699757481465e+00 1.084417848256416619e+02
-1.204325639405903416e+02 3.593741410543853476e+01 2.092141293432453963e+01 1.204559218488847733e+09 2.390487165688999660e+00 1.113139043506234884e+02
-1.248295207488871341e+02 4.041996247590739699e+01 3.252356241181950480e+01 1.204559420013711929e+09 3.450140122490028993e+00 3.316492691999301314e+02
-1.148798956775329998e+02 4.116497957146023623e+01 6.320653036367199995e+00 1.204559932090308666e+09 2.202196224558284676e+00 5.042056990233249962e+02
-1.052888348659800215e+02 4.386785247923102560e+01 5.289233181710512710e+00 1.204561002976311207e+09 3.578589276714255085e+00 4.041447375649586320e+02
-1.148791858126404861e+02 4.132383306151955793e+01 2.255429853314243616e+00 1.204563089206618309e+09 2.115517298004362168e+00 1.000973962252028286e+02
-1.148460700853762120e+02 4.116732911104655557e+01 2.898443345945338895e-02 1.204564081677624941e+09 2.070031914501535564e+00 2.041523350346833467e+02
-1.138545591356938047e+02 4.132172490634126660e+01 1.897392120068498667e+00 1.204565987128714323e+09 2.628030302455525824e+00 1.010395949105732143e+02
-1.149226417176197259e+02 4.113250036599259118e+01 3.103973746563386538e-01 1.204566008469622612e+09 2.011687818398101957e+00 1.785971488649956882e+02
-1.045882234828769128e+02 4.401429876235597050e+01 1.035400495446063651e+01 1.204567391109136343e+09 3.982624109694337111e+00 1.225870360410772264e+02
-1.243807865424102488e+02 4.053014512735826003e+01 3.277306739189857865e+01 1.204568341008628130e+09 3.481825279803000051e+00 2.809994515287689865e+02
-1.048955024929842921e+02 4.333703705966593844e+01 1.135758246970147711e+00 1.204569016868907213e+09 3.422033013955808389e+00 1.525619644401594996e+02
-1.052445434381994716e+02 4.382556358833932109e+01 4.872148493373533285e+00 1.204571098850894451e+09 4.589976532345779070e+00 7.645944684990681708e+02
-1.067548706556947167e+02 4.520063955129552369e+01 9.978211688709045291e+00 1.204571101328212738e+09 4.097611483976856483e+00 2.089526691664941609e+02
-1.148825040785043825e+02 4.114813304869192478e+01 9.363732379880160273e-02 1.204572342662052631e+09 2.078460021557832604e+00 1.062434724639169872e+02
-1.071422825829741754e+02 4.521569880345453640e+01 7.312390168692967096e-01 1.204575642345144749e+09 3.072543929261648987e+00 1.112622599704191089e+02
-1.148710554600892522e+02 4.122249920373727150e+01 2.265484440160183688e+00 1.204575673361056328e+09 2.177247856435621021e+00 4.770014942339621484e+02
-1.053158449631265228e+02 4.393946431380324213e+01 1.258407983284567599e+00 1.204576229290933132e+09 3.219993309008913673e+00 2.037593374294228852e+02
-1.066548918720616825e+02 4.553817589163392654e+01 5.660632286521786405e+00 1.204578671701459408e+09 3.471910722914588465e+00 1.918588916244916618e+02
-1.076775122406231446e+02 4.017244514276972467e+01 4.695006370223553382e+00 1.204578674530707836e+09 2.971305405978075243e+00 1.583078074017539620e+02
-1.123114517526807958e+02 4.680980004815994278e+01 1.810964118431510528e+01 1.204579713619520903e+09 2.078503886681015711e+00 1.024501589802093804e+02
-1.093863906431878803e+02 3.308622322434713681e+01 3.414226828481583453e+01 1.204579758421980143e+09 3.890994053826714705e+00 1.337089467803016305e+02
-1.052335379296140019e+02 4.386434493190574813e+01 4.248515865841796746e+00 1.204583236944941521e+09 2.747217726007392891e+00 1.174039913951419294e+02
-1.220634531326366812e+02 3.769862647632108121e+01 6.802155013582642518e-01 1.204583374297329426e+09 3.237321837355805698e+00 1.022358801304362714e+02
-1.149709261126650262e+02 4.113347233862548791e+01 7.748190081879374524e+00 1.204584004700721502e+09 2.563629583692322633e+00 6.305321676773019135e+02
-1.148729968854220118e+02 4.122678739985950358e+01 6.263486029154154977e+00 1.204584301449678183e+09 3.167281145766787098e+00 1.081200058279559016e+03
-1.165852402757156767e+02 4.101663696583838714e+01 7.853211506221266625e+00 1.204584780978088379e+09 2.677507750513807849e+00 1.894597638030536473e+02
-1.053219371301063774e+02 4.385504036596926625e+01 1.210109733919190056e+01 1.204585024340673447e+09 3.341596795647383544e+00 1.162113856230862439e+02
-1.230523347126307812e+02 3.939888412445789356e+01 6.815463699403176534e+00 1.204585389974322319e+09 3.074853194328566186e+00 3.802111193751916289e+02
-1.147822665152066151e+02 4.119573442779991268e+01 3.189843022741272094e+01 1.204585637476178169e+09 2.501087804196119979e+00 2.171315648346208036e+02
-1.225977569640661216e+02 3.748632380195546432e+01 9.759838913353474865e+00 1.204587706442108154e+09 3.044823037499824636e+00 2.447627003309316933e+02
-1.067298502829896307e+02 4.493176331924725275e+01 4.744728041792368955e+00 1.204588964866463661e+09 2.963004239898332504e+00 1.781278421944007277e+02
-1.052973957336346302e+02 4.390264276213173389e+01 8.567317726974226222e-01 1.204589398522511721e+09 3.045415716747940760e+00 3.336723340735770762e+02
-1.125070568091197032e+02 3.854166069411087392e+01 3.354735625386634013e+01 1.204590540533095598e+09 3.097161742533450113e+00 1.033591799587011337e+02
-1.148246121015009891e+02 4.122409966806930015e+01 1.077150016056049786e+01 1.204593250732749701e+09 2.073723746074676910e+00 1.664287141626700759e+02
-1.149584608112924542e+02 4.109511233348877113e+01 1.369390596820820960e+01 1.204597865762572765e+09 2.605652027168212204e+00 5.417364376215264201e+02
-1.148074934365477162e+02 4.115890433500150891e+01 2.264742460973573568e+00 1.204603470922171593e+09 2.116671327107470635e+00 2.381610635519027710e+02
-1.149216579201209072e+02 4.110468439858929912e+01 2.452580686481301697e+01 1.204605887147217989e+09 2.134190363063182883e+00 1.394781051808968186e+02
-1.216633118011230010e+02 4.597560630375837576e+01 1.584522911462302019e+01 1.204609288437081575e+09 2.860322742285203113e+00 2.481452459404245019e+02
-1.229812403374644703e+02 4.872747653702642623e+01 1.541268796892323500e+01 1.204618070623898983e+09 3.011324762374924635e+00 1.020211466606706381e+02
-1.113808148195104195e+02 4.293112359237634479e+01 2.833745074898618554e+02 1.204625437553145409e+09 2.199373646052784625e+00 1.988706554882228374e+02
-1.216963533851224213e+02 3.732437521404003178e+01 6.235099497186627815e+00 1.204630240205644608e+09 2.567471195064078504e+00 1.068748274012468755e+02
-1.224505583667561837e+02 4.853811982360752353e+01 4.927614254006284611e+00 1.204636904268877506e+09 2.389281832084098056e+00 1.216870395541191101e+02
-1.148440149012432698e+02 4.113924251820596822e+01 6.438482392889079975e-01 1.204644074197462082e+09 2.837137121890228375e+00 4.072930879988707602e+02
-1.111096037647759545e+02 4.471383094709361927e+01 6.965132336466386409e-01 1.204646852804601192e+09 2.834650549801194241e+00 1.939358132630586624e+02
-1.148737744749545868e+02 4.118254853744336685e+01 7.613534508942267465e+00 1.204648097450365782e+09 2.000874972776652605e+00 1.297917237081564963e+02
-1.212424059276874146e+02 3.704264256330966276e+01 4.945712735537053373e-01 1.204648975951469660e+09 3.267813565268733456e+00 1.272114124512299895e+02
-1.051746806113903148e+02 4.377060001546686863e+01 4.603352389801942834e+00 1.204650153219556093e+09 2.208059421909723596e+00 1.010271067367866635e+02
-1.146713954209809856e+02 4.224155910369929501e+01 3.321667470010942935e+01 1.204659033462691545e+09 4.936368381316489362e+00 1.650679487925954163e+02
-1.150314495480260746e+02 4.050569451360646411e+01 3.480903263545135928e+01 1.204661486023114920e+09 5.118482113206319184e+00 1.473087247204966843e+02
-1.051615831957576717e+02 4.410029648023922988e+01 3.595827313369873934e+00 1.204662611372054338e+09 2.607146401935325208e+00 1.334552931003272533e+02
-1.075610285682867726e+02 4.688723922497757002e+01 2.764723676113298723e+01 1.204665316617213249e+09 3.624228139312845265e+00 1.172188871158286929e+02
-1.148590557603355364e+02 4.126652624972649619e+01 1.691305771577211736e-02 1.204666727777909994e+09 2.849274174484212718e+00 3.485924460138194263e+02
-1.053295894152220029e+02 4.384275589834994236e+01 4.385912262360061931e+00 1.204668509056081772e+09 2.610118158582807268e+00 1.093395939921028912e+02
-1.163870622613241750e+02 4.094574280822646983e+01 1.126565698102719182e+01 1.204670795711539507e+09 2.978574340197875259e+00 3.080781878149136901e+02
-1.110213953136083944e+02 4.633307660340822309e+01 1.445463119881204506e+01 1.204674977213451385e+09 2.393630468940210143e+00 1.545389558253809810e+02
-1.051635777573650614e+02 4.377691370258628467e+01 4.176409523128209678e+00 1.204676252965126038e+09 2.976275311840984816e+00 1.579312138394452631e+02
-1.054496236210631395e+02 4.350458543980926152e+01 3.047303631120536482e-01 1.204677928745720863e+09 2.290302790396469224e+00 1.083560419064015150e+02
-1.222370617935906552e+02 4.759123557946264782e+01 2.633560914829503385e+00 1.204682829156435728e+09 2.717025395517183473e+00 1.457011191630735993e+02
-1.220187900721726635e+02 4.731053304040690222e+01 2.465202432341323657e+01 1.204692497879642963e+09 2.094977357897589432e+00 1.752581890509463847e+02
-1.149802913446348072e+02 4.115499110890077361e+01 2.960129949258095472e+00 1.204717032393629789e+09 2.355766999593131406e+00 1.636493695420213044e+02
-1.220480067246460436e+02 4.622927857121217698e+01 2.411436442010307379e-01 1.204724550095568419e+09 2.627586366161085429e+00 1.020942824445664883e+02
-1.216424494624787513e+02 3.811873585616029914e+01 1.165579109467751007e+00 1.204726567940769196e+09 2.535213840777354566e+00 1.101331280465237796e+02
-1.149428232816373310e+02 4.113423020822225595e+01 2.706854719405492560e+01 1.204727940659127235e+09 2.308785248073572216e+00 1.193506799060851336e+02
-1.224749889970333214e+02 4.657463745393988575e+01 1.883110711489324185e-01 1.204734147878456593e+09 3.296565289107564745e+00 1.166142702796496451e+02
-1.117212048741545800e+02 4.610380541136031241e+01 4.539369713643028881e-01 1.204734219173799276e+09 2.268753996805853657e+00 1.021913326275534928e+02
-1.120600078960003145e+02 3.854201508855683045e+01 3.839776017023702970e+00 1.204737705418205261e+09 2.068449288044766021e+00 2.005738879889249802e+02
-1.052634832894044905e+02 4.383611896088925874e+01 5.360811112229884046e+00 1.204743317496484041e+09 3.896817305190677594e+00 4.498644182626157999e+02
-1.066409006916007911e+02 4.501469265405867759e+01 4.356673359450750738e+00 1.204743318381016493e+09 3.144852758454348862e+00 1.288299252400174737e+02
-1.052908277502390462e+02 4.388748948485945078e+01 3.552212967706849245e+00 1.204748988227998734e+09 2.786968176396996455e+00 1.729150928528979421e+02
-1.075543760333808478e+02 3.861139167062230371e+01 4.690509489573368995e-02 1.204751145876055717e+09 3.416792050863916685e+00 1.490802427292801440e+02
-1.127106786273480026e+02 4.508389598232169959e+01 5.164323409617271210e+00 1.204751171577028751e+09 2.927471365889555255e+00 1.545753841595724225e+02
-1.052508969066729350e+02 4.381274248029373553e+01 1.073648252384983870e+01 1.204751460485479593e+09 3.583308320304579020e+00 2.429091017195023596e+02
-1.217872669325312245e+02 3.743817590289327057e+01 2.227810762357320229e+00 1.204752078666754246e+09 2.954440697643752500e+00 1.176830802238546312e+02
-1.164196804209862108e+02 4.096631480174733753e+01 7.288786799688516282e+00 1.204754566523962259e+09 2.395802290510173904e+00 3.857183575374074280e+02
-1.149668586068802369e+02 4.110427479628638281e+01 3.076368054010183428e+00 1.204755358280858994e+09 2.152926551919391862e+00 7.853629458178766072e+02
-1.149427137173418316e+02 4.108172831582079709e+01 7.594978444069981904e+00 1.204756265886368990e+09 2.086689158164285463e+00 1.173856045715510845e+02
-1.163853589487476796e+02 4.098283720948455056e+01 1.488510432616295809e+01 1.204756348089212894e+09 2.784413761991492819e+00 1.337645455263555050e+02
-1.051276050583316390e+02 4.454218717211254130e+01 1.510417566764303610e+00 1.204758444904557943e+09 2.984256952284342734e+00 1.678250338239595294e+02
-1.050754684332634667e+02 3.691341014640754992e+01 4.940755422430280532e+02 1.204759875854969501e+09 3.722862712553988818e+00 3.797068548877723515e+02
-1.176540710445323015e+02 3.396097070087676428e+01 1.366749991055376867e+00 1.204762457862307310e+09 3.256494731060800785e+00 2.388938124198466539e+02
-1.196834532341931805e+02 3.406101171399323135e+01 2.034846339236084933e-01 1.204762463629397869e+09 4.208033680715630886e+00 1.183781752865761518e+02
-1.053180853774109238e+02 4.373280034065908239e+01 7.963578729496971764e-01 1.204764347129317522e+09 3.351889612162184839e+00 3.617941958657465875e+02
-1.148040380412994921e+02 4.103363562474072523e+01 1.553882209354892074e+00 1.204765771555387735e+09 2.591767137705157431e+00 1.989031563159078360e+02
-1.058045032590822245e+02 4.363678452139870956e+01 3.600931709742408504e+00 1.204766048035580158e+09 2.723029806296924260e+00 2.036434485074132681e+02
-1.080333404212456543e+02 4.058223331993628591e+01 1.891713550860485427e-02 1.204766053707306385e+09 3.966043850475498456e+00 1.570867941910400987e+02
-1.148236169408127409e+02 4.117698989265994669e+01 4.621713467041745460e+00 1.204769155060256958e+09 2.428376769106039390e+00 6.300945247281342745e+02
-1.226833938762751899e+02 4.797111063354182647e+01 2.808879049627881486e+00 1.204770089503875017e+09 2.846764004161831174e+00 1.010501926490105689e+02
-1.228551001121946342e+02 3.884039724800188509e+01 2.639205526020594661e+01 1.204770447100447655e+09 2.574879188640190275e+00 1.925601029712706804e+02
-1.149159064569775950e+02 4.104607801163038516e+01 1.266820689416212531e+01 1.204775355308326960e+09 2.144139710345183580e+00 2.628910974003374577e+02
-1.218534870198567575e+02 4.774015549658812319e+01 1.661987412115325924e+01 1.204776791304076910e+09 2.803372476396671864e+00 1.461449994738213718e+02
-1.051787694762490730e+02 4.370229736905992723e+01 9.659296688799443587e+01 1.204777734539473534e+09 3.118502394828195357e+00 1.578611376518383622e+02
-1.053554269036601454e+02 4.375227589557601249e+01 2.043102830991374574e+00 1.204778297082714796e+09 2.051228526360553861e+00 1.551462577790953219e+02
-1.149362447648266254e+02 4.118599058531703605e+01 7.132535800804597592e+00 1.204784675362632036e+09 2.311914314738015452e+00 4.442742680846713483e+02
-1.188296235811547064e+02 3.758851676053617297e+01 1.210665972899268139e+00 1.204785744186246872e+09 2.517188372107029171e+00 2.523433371512219310e+02
-1.049583671576833694e+02 4.422498000975829768e+01 1.718424578106542455e+01 1.204796830465773821e+09 4.620773407800467858e+00 1.283355711530894041e+02
-1.219611187431135875e+02 4.024664275454571793e+01 8.405840706002265961e+00 1.204796844690592289e+09 3.429663133720493473e+00 1.153870502673089504e+02
-1.215725938326127817e+02 4.561233520556732657e+01 2.583189878968536135e+00 1.204800724367005825e+09 2.524895109756543299e+00 1.112164794341661036e+02
-1.148887786167081089e+02 4.113471966969240157e+01 6.066834314308470866e+00 1.204811412700980902e+09 2.006112892965593808e+00 3.153860422871075571e+02
-1.149379195217563705e+02 4.115996313716392052e+01 2.554809688967561598e+01 1.204811482220301867e+09 2.662969696446950696e+00 1.391072431248612702e+02
-1.218680197703058781e+02 3.771626679694794859e+01 2.722665501872676330e+01 1.204811553887702465e+09 3.237999090758896248e+00 2.684332253183238208e+02
-1.227181491453491162e+02 3.869595280429673068e+01 7.755234004877338272e-01 1.204811732026925564e+09 2.080301957070797680e+00 1.136235145195387304e+02
-1.209873278312154952e+02 3.755569613775986682e+01 1.644535827909386683e+01 1.204811762083653212e+09 2.789670894607646723e+00 1.092876685317605734e+02
-1.216143660192823290e+02 3.704612783039600288e+01 2.982087635481971422e-01 1.204816057881576777e+09 3.121954612184961508e+00 1.118440621066838503e+02
-1.219165436906967983e+02 3.806823783054713317e+01 3.097173083028965657e+00 1.204816059777335405e+09 2.868467936497037130e+00 1.497648521135561168e+02
-1.151941770736448092e+02 3.751695658351014373e+01 1.922825281755835114e+00 1.204816068538199663e+09 2.703198409081600584e+00 1.136491543403826654e+02
-1.227631109734472972e+02 4.677671740463702577e+01 2.208714704029436593e+00 1.204816761500160456e+09 2.309919876805473393e+00 1.347454916122369468e+02
-1.223846566613386528e+02 4.561897143765833817e+01 8.732668139493664494e-01 1.204819765408347845e+09 2.553446170382796865e+00 1.000667516831308603e+02
-1.093431298879019238e+02 3.317559108208549645e+01 1.442734440919893890e+00 1.204835295718539000e+09 3.001525590874533744e+00 1.306786557263694704e+02
-1.073267619097388348e+02 3.894966803782587306e+01 1.003547363659008518e+01 1.204836703305377960e+09 2.599764362551033159e+00 1.679110505450516939e+02
-1.148782846424069959e+02 4.114801190249378493e+01 9.117914945111206260e-01 1.204836992786823034e+09 2.112399189166202174e+00 4.253396536554209888e+02
-1.051968246720303171e+02 4.376460190758199786e+01 7.571896080859183087e+00 1.204837502862771511e+09 4.608716413853778171e+00 1.056568754857406020e+03
-1.089173158778626345e+02 4.675370275360209860e+01 7.395955940383001526e+00 1.204838117436837196e+09 2.590865258198306709e+00 1.106761658149771392e+02
-1.052637872329695909e+02 4.375190413609254847e+01 1.152246036360487835e+01 1.204838143844627380e+09 3.472987687306082538e+00 1.397967354836873710e+02
-1.051965932331240339e+02 4.374853449160891472e+01 2.432711342680085043e+00 1.204838391419509888e+09 2.996288996918989866e+00 1.326301539423875511e+02
-1.052762759836179356e+02 4.387553345773979885e+01 5.030329926250041161e-01 1.204839385873391151e+09 2.745715364958683846e+00 2.718706582081504166e+02
-1.049661203088702734e+02 4.362488878515773649e+01 1.735382754982029707e-01 1.204839934624986887e+09 2.382227829427512766e+00 1.077168907443992794e+02
-1.163933488338986422e+02 4.099303163528027483e+01 7.672271285008636532e+00 1.204840859984103918e+09 2.378449364534914512e+00 3.586292422702535987e+02
-1.230138660899564513e+02 3.947366219306692159e+01 6.236107856013531681e+00 1.204842307247962713e+09 2.875108652284989574e+00 1.447216166309081018e+02
-1.151189869044911660e+02 4.141402002260503679e+01 7.148259896471391706e+00 1.204843300268728733e+09 2.177364894586279132e+00 1.258365361662581563e+02
-1.208710602970721482e+02 3.649823837797054438e+01 1.919068811800462271e+01 1.204844887779683828e+09 2.683497772526413971e+00 1.212014050222933292e+02
-1.104914244877930969e+02 4.519700719047086324e+01 2.639746611499542439e+01 1.204845507781692266e+09 2.379092978239452538e+00 1.108791804336942732e+02
-1.064566091839469095e+02 4.489779057934799766e+01 1.638139674556815528e-01 1.204845822331821442e+09 2.416961788567144609e+00 1.197654508450068533e+02
-1.074073004728905545e+02 4.588245261431883648e+01 1.216825724218669080e+00 1.204847285148318291e+09 3.049342012956794967e+00 1.306785009093582630e+02
-1.052448742929118310e+02 4.387226398116178672e+01 2.134279981463030662e+00 1.204848305390725613e+09 2.663904926986668364e+00 2.168395294323563576e+02
-1.149767177217233893e+02 4.117677918887328303e+01 1.191321845697450366e+00 1.204850582298444986e+09 2.195552584812594077e+00 2.698182327966205776e+02
