1.320476950619543288e+02
6.882370216107104000e+01
1.548606242705291436e+02
2.009285881277888564e+02
4.944761439667058767e+01
1.406866163895006423e+02
1.088270630367820360e+02
5.268644308450578961e+01
3.972795988874399598e+01
1.054816499637845197e+02
1.779113451684603220e+01
8.286890039071128911e+01
5.227823781186539520e+01
1.102888337834079806e+02
5.788663717336112313e+01
7.492610939872987785e+01
7.411967963141773907e+01
1.167753514670867361e+02
4.967240510926898622e+01
4.298430801914435762e+01
1.645087589915881381e+02
1.080184109015941942e+02
3.441206640325978583e+01
1.888054353629547109e+02
1.357832362229499097e+02
6.380831230153025047e+01
9.217684684324041200e+01
1.006607731333071030e+02
2.850563451940091397e+01
7.029848771867834500e+01
8.413477288154371081e+01
3.907653507432343076e+00
4.350611881771507683e+01
1.765675376254544915e+02
6.185139435580462930e+01
1.355571721074599338e+02
3.124797683849404706e+01
5.562600881417877474e+01
2.312330905951598226e+01
7.903039831145180472e+01
2.071827044421478661e+02
7.709164406490606325e+01
1.200828136351420738e+01
7.579576182469131140e+01
3.019835162368204706e+01
3.637538097635615486e+01
4.682277499662751552e+01
1.506582159757707018e+02
2.743644361058492009e+01
1.576030467855773054e+02
4.238861743504782709e+01
1.492573305994570205e+02
8.631656046178578379e+01
3.133159506748188505e+01
9.615551623403432302e+01
