-1.143354599999999976e+02 4.221651800000000065e+01 0.000000000000000000e+00 1.203648697000000000e+09 2.559806000000000026e+00 4.929243699999999961e+01 9.230900000000000000e+04
-1.155220099999999945e+02 3.937717200000000162e+01 3.436416299999999779e+01 1.203652139000000000e+09 2.000000000000000000e+00 6.977617000000000402e+00 9.239200000000000000e+04
-1.159471900000000062e+02 4.135411700000000224e+01 0.000000000000000000e+00 1.203656840000000000e+09 3.200922999999999963e+00 5.067821699999999652e+01 9.255800000000000000e+04
-1.148520400000000024e+02 4.054113100000000003e+01 1.000000000000000000e+01 1.203656860000000000e+09 2.450000000000000178e+00 1.647224599999999839e+01 9.255900000000000000e+04
-1.164249400000000065e+02 4.063444599999999696e+01 0.000000000000000000e+00 1.203657224000000000e+09 2.450000000000000178e+00 2.050749599999999973e+01 9.256000000000000000e+04
-1.165696499999999958e+02 4.048326399999999836e+01 4.405378999999999934e+00 1.203658587000000000e+09 2.518762000000000167e+00 2.254927299999999946e+01 9.263100000000000000e+04
-1.170207900000000052e+02 4.199908200000000136e+01 0.000000000000000000e+00 1.203659248000000000e+09 2.192994000000000110e+00 1.886445900000000009e+01 9.269700000000000000e+04
-1.154526800000000009e+02 4.099633099999999786e+01 2.650724299999999900e+01 1.203662983000000000e+09 2.628770999999999969e+00 3.994237300000000346e+01 9.282000000000000000e+04
-1.160869399999999985e+02 4.204295700000000124e+01 0.000000000000000000e+00 1.203665606000000000e+09 3.017018999999999895e+00 3.094256199999999879e+01 9.293300000000000000e+04
-1.157624500000000012e+02 3.843506599999999906e+01 3.683079999999999909e+00 1.203666036000000000e+09 3.544579999999999842e+00 1.032536799999999921e+01 9.293500000000000000e+04
-1.161798299999999955e+02 4.126137200000000149e+01 0.000000000000000000e+00 1.203668239000000000e+09 2.471068999999999960e+00 3.408916899999999828e+01 9.304600000000000000e+04
-1.206688099999999935e+02 3.761423099999999664e+01 0.000000000000000000e+00 1.203668299000000000e+09 3.454190000000000094e+00 6.918412000000000006e+00 9.304700000000000000e+04
-1.149305700000000030e+02 4.101897699999999958e+01 0.000000000000000000e+00 1.203670414000000000e+09 2.450000000000000178e+00 1.923960800000000049e+01 9.309700000000000000e+04
-1.151144800000000004e+02 4.212341500000000138e+01 0.000000000000000000e+00 1.203671201000000000e+09 2.450000000000000178e+00 5.425053000000000125e+00 9.314000000000000000e+04
-1.147130899999999940e+02 4.171974699999999814e+01 0.000000000000000000e+00 1.203671476000000000e+09 2.450000000000000178e+00 2.199425000000000097e+01 9.314200000000000000e+04
-1.147020600000000030e+02 4.096390699999999896e+01 9.080451000000000050e+00 1.203671776000000000e+09 2.450000000000000178e+00 1.775730300000000028e+01 9.314600000000000000e+04
-1.149446200000000005e+02 4.090068800000000238e+01 0.000000000000000000e+00 1.203675794000000000e+09 2.450000000000000178e+00 8.065649999999999764e+00 9.325700000000000000e+04
-1.150669999999999931e+02 4.204775500000000221e+01 0.000000000000000000e+00 1.203676007000000000e+09 2.450000000000000178e+00 7.380779000000000423e+00 9.325800000000000000e+04
-1.155473199999999991e+02 4.114660899999999799e+01 3.411930100000000010e+01 1.203676032000000000e+09 2.909260999999999875e+00 1.868126000000000175e+01 9.325900000000000000e+04
-1.147381799999999998e+02 4.081884399999999857e+01 1.000000000000000000e+01 1.203676244000000000e+09 2.450000000000000178e+00 1.694745599999999897e+01 9.326000000000000000e+04
-1.161515100000000018e+02 4.135565100000000172e+01 0.000000000000000000e+00 1.203677272000000000e+09 2.450000000000000178e+00 2.809636599999999973e+01 9.329400000000000000e+04
-1.147447300000000041e+02 4.125131700000000023e+01 2.264942999999999884e+01 1.203678334000000000e+09 3.835874000000000006e+00 4.749303799999999853e+01 9.332200000000000000e+04
-1.146217500000000058e+02 4.044990099999999700e+01 3.489916300000000149e+01 1.203678570000000000e+09 2.759112000000000009e+00 4.298083400000000154e+01 9.332300000000000000e+04
-1.147075600000000009e+02 4.160492500000000149e+01 0.000000000000000000e+00 1.203679045000000000e+09 3.102285000000000181e+00 4.394903399999999749e+01 9.332400000000000000e+04
-1.145096900000000062e+02 4.054446300000000036e+01 0.000000000000000000e+00 1.203679056000000000e+09 2.450000000000000178e+00 1.841361900000000063e+01 9.332500000000000000e+04
-1.154928199999999947e+02 4.023736199999999741e+01 3.300493800000000277e+01 1.203680714000000000e+09 2.000000000000000000e+00 2.070968399999999932e+01 9.335400000000000000e+04
-1.191952100000000030e+02 3.894588900000000109e+01 6.030882199999999926e+01 1.203681755000000000e+09 3.132579999999999920e+00 2.740971899999999906e+01 9.338200000000000000e+04
-1.150636200000000002e+02 4.167378699999999725e+01 2.152620100000000036e+01 1.203681775000000000e+09 2.049999999999999822e+00 1.997466999999999970e+01 9.338300000000000000e+04
-1.162674399999999935e+02 4.052705699999999922e+01 0.000000000000000000e+00 1.203688406000000000e+09 2.450000000000000178e+00 1.290920599999999929e+01 9.348900000000000000e+04
-1.148151900000000012e+02 4.045219699999999818e+01 2.950844000000000023e+01 1.203694226000000000e+09 2.834062999999999999e+00 4.832802699999999874e+01 9.361200000000000000e+04
-1.143325099999999992e+02 4.060768099999999947e+01 0.000000000000000000e+00 1.203700219000000000e+09 3.544550999999999785e+00 3.076915999999999940e+01 9.374800000000000000e+04
-1.162579300000000018e+02 4.119839400000000040e+01 3.306011600000000072e+01 1.203701500000000000e+09 2.836320000000000174e+00 3.347905300000000040e+01 9.377700000000000000e+04
-1.146022600000000011e+02 4.072580200000000161e+01 0.000000000000000000e+00 1.203705019000000000e+09 3.129429000000000016e+00 2.160435700000000026e+01 9.385400000000000000e+04
-1.149910200000000060e+02 4.140134299999999712e+01 0.000000000000000000e+00 1.203705969000000000e+09 2.000000000000000000e+00 2.275009299999999968e+01 9.389200000000000000e+04
-1.158116700000000066e+02 4.121333899999999772e+01 0.000000000000000000e+00 1.203707617000000000e+09 2.450000000000000178e+00 1.493195200000000078e+01 9.393100000000000000e+04
-1.148225800000000021e+02 4.151786500000000046e+01 0.000000000000000000e+00 1.203708152000000000e+09 3.512961999999999918e+00 7.088534599999999841e+01 9.393200000000000000e+04
-1.175345599999999990e+02 3.690505000000000280e+01 1.000000000000000000e+01 1.203714576000000000e+09 2.000000000000000000e+00 8.303634999999999877e+00 9.408200000000000000e+04
-1.139489700000000028e+02 3.852546900000000107e+01 0.000000000000000000e+00 1.203714694000000000e+09 2.049999999999999822e+00 1.217827199999999976e+01 9.408400000000000000e+04
-1.172729400000000055e+02 4.348505399999999810e+01 0.000000000000000000e+00 1.203715220000000000e+09 2.450000000000000178e+00 3.640629299999999802e+01 9.408500000000000000e+04
-1.156573199999999986e+02 4.255817600000000311e+01 0.000000000000000000e+00 1.203715968000000000e+09 4.007978999999999736e+00 5.515301900000000046e+01 9.410400000000000000e+04
-1.166307900000000046e+02 4.132725500000000096e+01 3.480679500000000104e+01 1.203717847000000000e+09 2.000000000000000000e+00 1.010572100000000084e+01 9.412300000000000000e+04
-1.005933799999999962e+02 4.391014499999999998e+01 3.299913500000000255e+01 1.203717978000000000e+09 3.643638999999999850e+00 2.318581199999999853e+01 9.412400000000000000e+04
-1.158977299999999957e+02 4.171200000000000330e+01 1.179082799999999942e+01 1.203722633000000000e+09 4.222031999999999563e+00 3.907368499999999756e+01 9.419900000000000000e+04
-1.152762000000000029e+02 4.123658400000000057e+01 0.000000000000000000e+00 1.203722865000000000e+09 4.198701999999999934e+00 1.767167800000000000e+02 9.420000000000000000e+04
-1.148143500000000046e+02 4.048960399999999993e+01 0.000000000000000000e+00 1.203722886000000000e+09 3.888859000000000066e+00 1.992592199999999991e+01 9.420100000000000000e+04
-1.151722599999999943e+02 4.071503599999999778e+01 7.829660999999999760e+00 1.203729912000000000e+09 2.000000000000000000e+00 1.844821900000000170e+01 9.433400000000000000e+04
-1.122303200000000061e+02 4.294233299999999787e+01 0.000000000000000000e+00 1.203742883000000000e+09 2.450000000000000178e+00 1.217815500000000029e+01 9.464400000000000000e+04
-1.132540400000000034e+02 4.116091399999999823e+01 3.459881500000000187e+01 1.203743076000000000e+09 2.450000000000000178e+00 1.740425000000000111e+01 9.464500000000000000e+04
-1.121169900000000013e+02 4.403648299999999693e+01 3.462063100000000304e+01 1.203743641000000000e+09 2.450000000000000178e+00 1.501874199999999959e+01 9.464700000000000000e+04
-1.145441200000000066e+02 4.030981799999999993e+01 0.000000000000000000e+00 1.203748161000000000e+09 2.673554000000000208e+00 3.570012799999999942e+01 9.476000000000000000e+04
-1.133041000000000054e+02 4.055767999999999773e+01 0.000000000000000000e+00 1.203748207000000000e+09 3.728743999999999836e+00 1.021458400000000033e+01 9.476100000000000000e+04
-1.151002199999999931e+02 4.130835499999999882e+01 0.000000000000000000e+00 1.203748441000000000e+09 2.238068999999999864e+00 2.554562599999999861e+01 9.476200000000000000e+04
-1.144820100000000025e+02 4.058962600000000265e+01 0.000000000000000000e+00 1.203748577000000000e+09 2.585500000000000131e+00 3.315164000000000222e+00 9.476400000000000000e+04
-1.223668600000000026e+02 4.237476300000000151e+01 0.000000000000000000e+00 1.203752840000000000e+09 3.049999999999999822e+00 3.640718000000000121e+00 9.486800000000000000e+04
-1.146263000000000005e+02 4.035765800000000070e+01 3.485793100000000067e+01 1.203753981000000000e+09 2.509304000000000201e+00 2.562033500000000075e+01 9.490900000000000000e+04
-1.148813300000000055e+02 4.110730900000000076e+01 2.679393599999999864e+01 1.203755938000000000e+09 2.672686999999999813e+00 4.096296000000000248e+01 9.494200000000000000e+04
-1.146272000000000020e+02 4.066474600000000095e+01 2.184534899999999880e+01 1.203798231000000000e+09 2.000000000000000000e+00 2.367434499999999886e+01 9.590000000000000000e+04
-1.121140599999999949e+02 3.554206500000000091e+01 3.480781000000000347e+01 1.203803530000000000e+09 2.950000000000000178e+00 2.565932499999999905e+01 9.599400000000000000e+04
-1.171894499999999937e+02 4.456822499999999820e+01 0.000000000000000000e+00 1.203807350000000000e+09 4.047108999999999845e+00 2.929468800000000073e+01 9.605500000000000000e+04
-1.055569100000000020e+02 3.635443399999999770e+01 1.000000000000000000e+01 1.203807693000000000e+09 2.450000000000000178e+00 5.000174000000000341e+00 9.605700000000000000e+04
-1.162633900000000011e+02 4.095283700000000238e+01 3.346797000000000111e+01 1.203828372000000000e+09 2.450000000000000178e+00 2.003690299999999880e+01 9.632200000000000000e+04
-1.223726300000000009e+02 3.870222400000000107e+01 3.299928500000000042e+01 1.203831141000000000e+09 3.376558000000000170e+00 5.396543799999999891e+01 9.633500000000000000e+04
-1.209481399999999951e+02 3.961721800000000115e+01 0.000000000000000000e+00 1.203831169000000000e+09 3.049999999999999822e+00 5.198286000000000406e+00 9.633600000000000000e+04
-1.160964599999999933e+02 4.012469800000000220e+01 0.000000000000000000e+00 1.203831778000000000e+09 2.500000000000000000e+00 9.278909000000000518e+00 9.634400000000000000e+04
-1.168466800000000063e+02 4.180716999999999928e+01 0.000000000000000000e+00 1.203875184000000000e+09 2.540909999999999780e+00 2.206613700000000122e+01 9.704100000000000000e+04
-1.054535900000000055e+02 4.346369099999999719e+01 1.000000000000000000e+01 1.203886098000000000e+09 2.000000000000000000e+00 1.155824400000000018e+01 9.723100000000000000e+04
-1.056021400000000057e+02 4.333249899999999855e+01 0.000000000000000000e+00 1.203886987000000000e+09 3.678970000000000073e+00 2.404839899999999986e+01 9.724600000000000000e+04
-1.072052400000000034e+02 4.479381699999999711e+01 0.000000000000000000e+00 1.203892867000000000e+09 2.450000000000000178e+00 6.635754999999999626e+00 9.731400000000000000e+04
-1.249676099999999934e+02 4.319098400000000026e+01 3.329505300000000290e+01 1.203893474000000000e+09 3.109172000000000047e+00 5.567714999999999748e+00 9.731600000000000000e+04
-1.153636699999999990e+02 4.160247600000000290e+01 0.000000000000000000e+00 1.203899118000000000e+09 2.500000000000000000e+00 2.341902500000000131e+01 9.738600000000000000e+04
-1.131595599999999990e+02 3.345333399999999813e+01 0.000000000000000000e+00 1.203904807000000000e+09 2.950000000000000178e+00 7.764382999999999591e+00 9.746200000000000000e+04
-1.159608699999999999e+02 4.191150199999999870e+01 3.477823599999999971e+01 1.203908333000000000e+09 2.000000000000000000e+00 1.710865700000000089e+01 9.752500000000000000e+04
-1.149047000000000054e+02 3.991052299999999775e+01 0.000000000000000000e+00 1.203918713000000000e+09 2.605005999999999933e+00 3.951531200000000155e+01 9.783500000000000000e+04
-1.152525899999999979e+02 4.111393000000000342e+01 2.304889899999999869e+01 1.203966101000000000e+09 3.743968999999999880e+00 3.643537100000000351e+01 9.903600000000000000e+04
-1.154650199999999955e+02 4.091680800000000318e+01 2.423369299999999882e+01 1.203972567000000000e+09 2.427712000000000092e+00 4.173567899999999753e+01 9.926700000000000000e+04
-1.151077599999999990e+02 4.102868899999999996e+01 3.489997100000000074e+01 1.203977233000000000e+09 2.000000000000000000e+00 1.728363399999999928e+01 9.939000000000000000e+04
-1.167639800000000037e+02 4.016804100000000233e+01 3.315247200000000305e+01 1.203981326000000000e+09 2.450000000000000178e+00 3.092590399999999917e+01 9.948000000000000000e+04
-1.147673199999999980e+02 4.103916999999999859e+01 0.000000000000000000e+00 1.203992548000000000e+09 2.593538999999999817e+00 3.585296400000000006e+01 9.967200000000000000e+04
-1.137498199999999997e+02 3.931529199999999946e+01 3.749681999999999960e+00 1.203994121000000000e+09 2.574898999999999827e+00 3.309157600000000343e+01 9.970400000000000000e+04
-1.131385300000000029e+02 3.847252999999999901e+01 0.000000000000000000e+00 1.203997621000000000e+09 2.450000000000000178e+00 3.639706699999999984e+01 9.975500000000000000e+04
-1.157774600000000049e+02 4.142253000000000185e+01 2.165747599999999906e+01 1.204026790000000000e+09 2.985717999999999872e+00 5.019399899999999803e+01 1.004990000000000000e+05
-1.194523400000000066e+02 4.177559899999999971e+01 0.000000000000000000e+00 1.204029287000000000e+09 2.569922000000000040e+00 2.747322600000000037e+01 1.005700000000000000e+05
-1.259665899999999965e+02 4.894185099999999977e+01 0.000000000000000000e+00 1.204050023000000000e+09 2.500000000000000000e+00 5.839857000000000298e+00 1.011990000000000000e+05
-1.052213500000000010e+02 4.265422900000000084e+01 0.000000000000000000e+00 1.204050179000000000e+09 2.450000000000000178e+00 1.430657899999999927e+01 1.011980000000000000e+05
-1.205990599999999944e+02 3.568536999999999892e+01 0.000000000000000000e+00 1.204057323000000000e+09 3.997041999999999984e+00 4.276399999999999757e+00 1.014460000000000000e+05
-1.137291000000000025e+02 3.755333300000000207e+01 0.000000000000000000e+00 1.204057638000000000e+09 2.000000000000000000e+00 2.288063000000000180e+00 1.014960000000000000e+05
-1.092322300000000013e+02 4.882256499999999733e+01 2.804196299999999837e+02 1.204060672000000000e+09 3.585450999999999944e+00 1.013216099999999997e+01 1.015500000000000000e+05
-1.200391599999999954e+02 3.528424199999999900e+01 3.009573299999999918e+01 1.204099132000000000e+09 3.814817000000000125e+00 1.083688000000000073e+01 1.026110000000000000e+05
-1.185153899999999965e+02 3.551979599999999948e+01 2.555054700000000167e+01 1.204099164000000000e+09 3.600903999999999883e+00 6.285645999999999844e+00 1.026120000000000000e+05
-1.125048400000000015e+02 4.337031600000000253e+01 0.000000000000000000e+00 1.204099171000000000e+09 -9.990000000000000000e+02 5.531056699999999893e+01 1.026130000000000000e+05
-1.123542199999999980e+02 4.095901500000000084e+01 0.000000000000000000e+00 1.204099234000000000e+09 4.040587000000000373e+00 1.559656200000000048e+01 1.026150000000000000e+05
-1.147941600000000051e+02 3.931469599999999787e+01 0.000000000000000000e+00 1.204101703000000000e+09 2.450000000000000178e+00 2.366102899999999920e+01 1.027010000000000000e+05
-1.156543199999999985e+02 4.159250399999999814e+01 0.000000000000000000e+00 1.204102514000000000e+09 2.500000000000000000e+00 1.355859700000000068e+01 1.027020000000000000e+05
-1.147565900000000028e+02 4.123391800000000273e+01 0.000000000000000000e+00 1.204123849000000000e+09 2.450000000000000178e+00 1.519370100000000079e+01 1.032550000000000000e+05
-1.052257199999999955e+02 4.338796200000000169e+01 0.000000000000000000e+00 1.204142649000000000e+09 -9.990000000000000000e+02 9.783823999999999188e+00 1.036720000000000000e+05
-1.149054299999999955e+02 4.041132799999999747e+01 1.197634799999999977e+01 1.204142791000000000e+09 2.836094000000000115e+00 2.625337599999999938e+01 1.036730000000000000e+05
-1.115668299999999959e+02 3.713393200000000149e+01 0.000000000000000000e+00 1.204145188000000000e+09 2.000000000000000000e+00 3.212727499999999736e+01 1.037270000000000000e+05
-1.161268799999999999e+02 3.866053699999999793e+01 0.000000000000000000e+00 1.204145647000000000e+09 2.000000000000000000e+00 5.598976999999999649e+00 1.037030000000000000e+05
-1.206054599999999937e+02 3.867477999999999838e+01 3.299304500000000218e+01 1.204145757000000000e+09 4.136730000000000018e+00 1.159918500000000030e+01 1.037290000000000000e+05
-1.152806599999999975e+02 4.120937200000000189e+01 0.000000000000000000e+00 1.204146893000000000e+09 2.000000000000000000e+00 4.217876000000000403e+00 1.037490000000000000e+05
-1.150927999999999969e+02 4.146011000000000024e+01 2.099099500000000162e+01 1.204159464000000000e+09 2.552811000000000163e+00 3.807610600000000289e+01 1.039830000000000000e+05
-1.148353800000000007e+02 4.084754099999999966e+01 1.484407299999999985e+01 1.204207341000000000e+09 2.450000000000000178e+00 2.719732600000000033e+01 1.052710000000000000e+05
-1.152314499999999953e+02 4.145037599999999856e+01 0.000000000000000000e+00 1.204211436000000000e+09 4.084350999999999843e+00 6.640685499999999308e+01 1.053810000000000000e+05
-1.153735000000000070e+02 3.892456899999999820e+01 3.402232800000000168e+01 1.204211466000000000e+09 3.549999999999999822e+00 1.563762299999999961e+01 1.053820000000000000e+05
-1.139034500000000065e+02 3.931448900000000179e+01 0.000000000000000000e+00 1.204214194000000000e+09 2.450000000000000178e+00 1.588894299999999937e+01 1.054400000000000000e+05
-1.237927999999999997e+02 4.146947899999999976e+01 0.000000000000000000e+00 1.204218181000000000e+09 4.258257000000000403e+00 1.573277200000000065e+01 1.054940000000000000e+05
-1.036168499999999995e+02 4.153567400000000021e+01 0.000000000000000000e+00 1.204241545000000000e+09 2.000000000000000000e+00 2.746643999999999863e+00 1.057900000000000000e+05
-1.163849000000000018e+02 4.054459299999999899e+01 3.481971800000000172e+01 1.204269543000000000e+09 2.591699000000000197e+00 1.383962999999999965e+01 1.063850000000000000e+05
-1.149607599999999934e+02 4.133405900000000344e+01 0.000000000000000000e+00 1.204274989000000000e+09 3.097672999999999899e+00 3.670734300000000161e+01 1.065320000000000000e+05
-1.154026000000000067e+02 4.040754299999999688e+01 0.000000000000000000e+00 1.204275002000000000e+09 2.450000000000000178e+00 7.098956000000000266e+00 1.065330000000000000e+05
-1.152612199999999945e+02 4.112720900000000057e+01 3.483808700000000158e+01 1.204286858000000000e+09 2.450000000000000178e+00 2.686189800000000005e+01 1.067510000000000000e+05
-1.063612600000000015e+02 4.497605099999999823e+01 3.475842399999999799e+01 1.204328361000000000e+09 2.500000000000000000e+00 7.116328000000000209e+00 1.074410000000000000e+05
-1.165219000000000023e+02 4.018012399999999928e+01 1.000000000000000000e+01 1.204328820000000000e+09 3.438149999999999817e+00 9.571127999999999858e+00 1.074420000000000000e+05
-1.145311399999999935e+02 4.063572800000000029e+01 2.463604199999999977e+01 1.204379828000000000e+09 3.310408999999999935e+00 3.840213800000000077e+01 1.090380000000000000e+05
-1.153035500000000013e+02 4.173809299999999922e+01 2.038821099999999831e+01 1.204380339000000000e+09 2.000000000000000000e+00 1.466794299999999929e+01 1.090830000000000000e+05
-1.114720599999999990e+02 4.545142100000000340e+01 1.000000000000000000e+01 1.204380469000000000e+09 3.787478999999999818e+00 5.007418000000000369e+00 1.090840000000000000e+05
-1.177112500000000068e+02 3.908525199999999700e+01 1.000000000000000000e+01 1.204397981000000000e+09 2.365111000000000185e+00 4.035830999999999946e+00 1.097320000000000000e+05
-1.059935600000000022e+02 4.341589499999999902e+01 1.000000000000000000e+01 1.204398344000000000e+09 2.549999999999999822e+00 7.435637999999999970e+00 1.097870000000000000e+05
-1.151160100000000028e+02 3.646548700000000309e+01 9.683920999999999779e+00 1.204463748000000000e+09 3.767968000000000206e+00 1.171722899999999967e+01 1.115090000000000000e+05
-1.146325499999999948e+02 4.100878800000000268e+01 1.396301799999999993e+01 1.204463927000000000e+09 2.450000000000000178e+00 3.336283199999999738e+01 1.115110000000000000e+05
-1.187816799999999944e+02 4.180559999999999832e+01 1.208364800000000017e+01 1.204488240000000000e+09 4.532811999999999841e+00 2.077154900000000026e+01 1.119650000000000000e+05
-1.079154099999999943e+02 4.458738699999999966e+01 3.489957199999999915e+01 1.204571119000000000e+09 2.981761000000000106e+00 1.132295900000000088e+01 1.142670000000000000e+05
-1.144726900000000001e+02 4.186875200000000063e+01 3.300749499999999870e+01 1.204575660000000000e+09 2.000000000000000000e+00 2.049791000000000096e+01 1.143950000000000000e+05
-1.039094599999999957e+02 4.692253399999999885e+01 0.000000000000000000e+00 1.204578145000000000e+09 4.107188999999999979e+00 6.415465000000000195e+00 1.144760000000000000e+05
-1.085663700000000063e+02 4.218671499999999952e+01 3.012660400000000038e+01 1.204578717000000000e+09 4.316864999999999952e+00 1.157284300000000066e+01 1.144790000000000000e+05
-1.146526599999999974e+02 4.043332000000000193e+01 0.000000000000000000e+00 1.204584006000000000e+09 2.822792000000000190e+00 2.108539299999999983e+01 1.146470000000000000e+05
-1.158068499999999972e+02 3.822684300000000235e+01 0.000000000000000000e+00 1.204584269000000000e+09 3.716969000000000189e+00 3.173792299999999855e+01 1.146490000000000000e+05
-1.181229900000000015e+02 3.362278599999999784e+01 0.000000000000000000e+00 1.204594496000000000e+09 2.450000000000000178e+00 1.251510299999999987e+01 1.149130000000000000e+05
-1.108622399999999999e+02 3.683073499999999711e+01 3.300000000000000000e+01 1.204646736000000000e+09 2.029523999999999884e+00 8.148592000000000724e+00 1.163830000000000000e+05
-1.163498000000000019e+02 4.340301399999999887e+01 0.000000000000000000e+00 1.204666699000000000e+09 2.000000000000000000e+00 2.109745200000000054e+01 1.168770000000000000e+05
-1.164578499999999934e+02 4.118777599999999950e+01 1.000000000000000000e+01 1.204667811000000000e+09 2.450000000000000178e+00 1.028227599999999953e+01 1.169120000000000000e+05
-1.164426500000000004e+02 4.162473299999999909e+01 2.047576700000000116e+01 1.204670794000000000e+09 2.450000000000000178e+00 2.179907800000000151e+01 1.169630000000000000e+05
-1.079039599999999979e+02 4.501464299999999952e+01 0.000000000000000000e+00 1.204743318000000000e+09 2.450000000000000178e+00 2.059936400000000134e+01 1.185250000000000000e+05
-1.067928799999999967e+02 4.353220900000000171e+01 3.465551899999999819e+01 1.204751485000000000e+09 2.450000000000000178e+00 1.314318199999999948e+01 1.186750000000000000e+05
-1.165361500000000063e+02 4.091944199999999654e+01 2.439670299999999870e+01 1.204756346000000000e+09 2.450000000000000178e+00 1.951079400000000064e+01 1.187900000000000000e+05
-1.096041599999999931e+02 4.667157699999999920e+01 0.000000000000000000e+00 1.204762361000000000e+09 2.450000000000000178e+00 5.931766999999999790e+00 1.189110000000000000e+05
-1.155960800000000006e+02 4.116798399999999702e+01 1.000000000000000000e+01 1.204765770000000000e+09 2.168305000000000149e+00 1.335488499999999945e+01 1.189830000000000000e+05
-1.145563999999999965e+02 4.103950999999999993e+01 0.000000000000000000e+00 1.204769159000000000e+09 2.950000000000000178e+00 3.286523199999999889e+01 1.190430000000000000e+05
-1.051288799999999952e+02 4.273352400000000273e+01 3.325562500000000199e+01 1.204837503000000000e+09 3.745257000000000058e+00 9.794328099999999893e+01 1.204160000000000000e+05
