-1.139820699999999931e+02 4.263573099999999982e+01 1.000000000000000000e+01 1.199749218000000000e+09 -9.990000000000000000e+02 8.195538000000000878e+00 1.169200000000000000e+04
-1.110411500000000018e+02 3.901696599999999648e+01 3.421060599999999852e+01 1.200608111000000000e+09 2.450000000000000178e+00 2.050418300000000116e+01 2.847400000000000000e+04
-1.111751100000000037e+02 4.230640600000000262e+01 0.000000000000000000e+00 1.201029896000000000e+09 2.049999999999999822e+00 5.721777000000000335e+00 3.672400000000000000e+04
-1.172306099999999986e+02 4.092336600000000146e+01 0.000000000000000000e+00 1.201130413000000000e+09 2.450000000000000178e+00 1.327116299999999960e+01 3.891900000000000000e+04
-1.047951500000000067e+02 4.014027600000000007e+01 3.388238299999999725e+01 1.201319360000000000e+09 2.923865000000000158e+00 1.764600000000000080e+01 4.331800000000000000e+04
-1.098001900000000006e+02 4.045974900000000218e+01 0.000000000000000000e+00 1.201558071000000000e+09 2.000000000000000000e+00 4.914915999999999840e+00 4.782400000000000000e+04
-1.207954399999999993e+02 4.184525899999999865e+01 1.000000000000000000e+01 1.201562617000000000e+09 2.418550000000000200e+00 2.760067999999999966e+00 4.791300000000000000e+04
-1.151218999999999966e+02 3.952495199999999897e+01 0.000000000000000000e+00 1.203628532000000000e+09 2.000000000000000000e+00 9.737695000000000434e+00 9.165200000000000000e+04
-1.162517399999999981e+02 4.129199100000000300e+01 0.000000000000000000e+00 1.203629763000000000e+09 2.549999999999999822e+00 8.391247999999999152e+00 9.170700000000000000e+04
-1.137215699999999998e+02 4.353229900000000185e+01 0.000000000000000000e+00 1.206589247000000000e+09 2.450000000000000178e+00 7.959680999999999784e+00 1.493250000000000000e+05
