2.28
4.2
10.2
8.67
0
18.48
2.2
28.5
1.2
0.3
9.25
12
2.76
0.7
25.91
0
0.42
1.67
1.5
0.01
4.74
1.92
5.4
3.9
5.3
12.86
19.8
19.32
0.36
10.19
9.04
0.1
7.3
0
7.2
9.6
11.8
1.92
6.16
0.3
13.8
0.91
1.29
0.42
9.2
0
0
5.46
5.64
15.2
3.92
25.93
1.59
0
9.72
3.3
-0.04
0
47.15
27.48
1.92
11.65
6.6
7.6
9
1
0.7
0
3.1
0.2
-0.2
2.5
12.8
5
2.3
1.45
0.24
4.2
0
3.51
2.8
16.29
3.12
5.04
3.51
0
1.24
3.4
0
11.27
1.8
1.78
7.32
1
13
0.8
2.76
2.4
4.8
0
9.1
2.4
0
1.33
15.84
2.4
16.43
6.66
12.7
0.4
7.79
4.56
3.36
5.1
4.9
17.63
5.52
16.67
1.46
4.11
7.45
40.5
7.3
8.22
4.8
39.87
8.44
14.33
1.68
4.98
6.6
11.04
18.55
5.3
8
8.56
10.2
0
0.12
14.4
1.65
0.5
0.12
14.24
9.1
0
1.91
26.82
8.01
3.3
1.5
22.2
0
6.96
0.48
1.32
15.37
9.96
22.8
6.4
12.41
2.3
2.16
0.42
3.6
0
9.7
11.77
0.6
5.7
2.76
1.44
13.9
11
9
1.6
1.65
7.02
-0.24
5.08
1.7
7.7
1
25.1
1.97
2.27
3.83
1.08
2.42
1.05
10.6
0
0
11.53
3.4
6.2
1.32
0
1.26
0
9.3
4.5
6.9
0.6
2.9
15.6
1.3
6.92
1.93
6
4.3
0.12
0
8.39
18.73
17.1
0
0.92
0.85
1.68
4.92
0
4.74
7.44
3.8
3.82
0
0.2
0.5
1.24
18.49
0
5.86
4.8
1.27
24.78
4.8
2.27
5.34
10.32
5.62
4.39
7.68
3.96
6.09
0
23.41
13.4
5.4
3.1
0
11.1
3.25
3.3
0.6
0.29
24.72
8.88
2.28
0
0.56
0
7.06
-0.02
0
2.58
21
1.87
0.12
4.7
16.07
12.8
33.47
-1.15
3.45
10.44
8.75
28.2
12.71
4.56
16.43
3.5
3.96
0
1.32
7.8
21
4.8
3.6
9.5
0
2.9
22.49
13.28
0
32.61
-0.4
0
1.4
1.96
0.28
10.2
0
0
0
17.87
0
0
1.5
7.2
1.54
2.4
6.26
4.1
1.92
2.27
2.24
15.85
34.32
1.44
1.44
3.9
0.41
2.8
0.27
0.48
0.2
0.1
5.4
5.9
5.65
0
0
25.38
44.23
1.96
3.09
1.48
0
9.24
3.12
10.93
0
0
7.7
9
8.11
11.4
5.3
1
1.5
8.52
4.94
0
10.8
3.9
8.8
0
0.38
12.56
20.64
13.31
12.8
3.4
5.8
8.88
0
2.3
1.98
10.92
0.6
1.4
0.4
14.8
1.93
6.07
5.28
1.84
24.12
7.7
3.8
9.8
1.1
0
5.8
15
3.16
37.01
0.84
3.74
5.2
31.79
0
10.03
17.57
0
2.4
5.2
0
0
0
11.99
6.54
0
2.85
0.16
0.84
10.9
4.5
0.67
1.3
2.98
0
0.6
14.9
2.11
1.16
1.1
9
6.8
9.48
0.76
2.13
5.9
6.33
5.04
1.7
0.7
8
1.3
0
4.87
4.2
12.6
6.04
2.4
0
0
-0.36
5.7
13.2
8.46
8.89
15.96
0
3.45
2.8
0
1.32
0.8
6.18
0.3
6.73
7.68
4.08
5.2
1.2
4.71
1.4
6.3
0
10.2
1
11.6
5.4
1.84
10
4.08
2.73
6.33
16.22
0
1.3
1.36
1.3
17.88
2.64
2.03
3.95
26.31
21.1
7.2
0.3
10.94
7.6
0.95
0.5
5.28
6.1
7.7
12.64
1.93
0.7
1.56
0
2.04
14.4
0.8
6.8
2.93
0
8.32
4.53
22.2
4.78
5.16
0
0.3
3
2.7
4.83
1.6
0
0.84
2.5
0.81
1.68
4.33
8.63
0
2.87
1.93
2.7
0.39
7.8
6.59
0
4.12
2.06
25.6
6.7
4.68
1.68
0.4
12
0
1.4
0
14.95
17.37
0.5
1.08
7.67
2
3.75
0.83
12.51
0
23.76
1.15
0.2
6.35
7.38
5
3.96
4.54
1.4
1.52
2.5
4.08
0
1.75
3.12
3.23
0
2.13
3.56
3.58
2.1
30.95
9.7
18.36
7.3
7.27
1.8
1.6
7.19
0
8.15
10.5
9.5
7.29
0
0
15.5
6.92
5.69
0
0
2.52
0
7.95
2.4
1.32
4.6
11.32
3.86
4.96
2.28
5.8
0.45
9.64
16.44
0.9
6.99
5.7
1.08
1
12.13
0.5
1.77
9.19
0
0
0.97
0.2
0
9.12
0
11.09
0
4.34
32.2
2.81
4.48
6
1.65
13.69
0
12.1
4.1
1.93
0
1.8
6.95
16.63
6.3
12.5
9.9
0
10.3
0
0.5
0
4.08
19.08
12.2
1.79
0
3.02
3.98
4.08
4.8
4.46
28.2
1.3
1
0.4
0.24
27.79
2.74
9.59
7.77
5.4
0.54
16.79
1.22
0.8
0.45
13.23
2.03
0.25
2.32
0
0
2.2
14
0.06
1.2
11.77
10.93
2.3
0.4
1.7
2.3
-0.3
7.32
8.28
0
9.06
1.46
1.2
5.5
7.9
11.76
5.33
5.2
2.64
15.39
2.28
1.91
10.8
13.24
2.22
3.1
4.6
0
13.41
13.44
1.89
1.9
2.3
2.48
0
0
3.26
13.7
7.56
2.64
8.16
22.5
0
18.38
0
5.6
9.15
7.7
12.9
-0.25
3.8
3.77
1.91
3.2
0.5
4.4
1.4
11.08
33.62
0.8
1.7
1.6
0.8
0
1.11
5.04
7.4
25.56
0
7.25
5.2
3.12
11.99
12.6
8.05
11.76
0
0
0.72
3
17.58
0.3
0
0.12
10.57
0
0
0.2
5.35
12.37
4.8
0.56
3.84
10.04
0
2.04
0
2.43
0
12.8
13.86
4.41
0
4.1
1.1
3.81
20.4
4.44
8.07
6.36
6.6
3.8
3.5
9.52
0.42
3
0
6.86
5.49
21.48
15.1
1.3
0.09
0
1.36
34.1
1.84
0
7.6
16.2
5.37
11.91
0
0.5
24.3
3.82
4.81
-0.01
1.07
20.4
4
0
0
3.7
17.2
0.9
0
10.2
5.52
0
5.88
3.2
3.36
2.84
0
17.28
-0.48
11.28
10.48
8.88
10.1
1.3
8.6
4.2
2.64
0.66
6
7.7
3.01
34.2
4.6
0.88
17.6
5.76
2.18
3.8
9.6
2.4
2.74
7.3
0.9
2.4
9.4
0
3.7
5.4
21
0.8
26.04
1.5
10.5
4
2.28
16.4
0.13
5.13
39
13.1
10.92
0
1.5
1.79
3.6
13.63
8.7
0
1.7
0.81
14.88
5.7
0.71
2.77
21.01
0.9
-0.1
0.95
0.8
2.28
1.7
6.03
2.2
9.6
0.54
6.5
11
3.1
14.04
0
3
13.3
7.3
0
1.2
1.56
6
2.4
1.07
7.6
4.6
3.6
12.36
0
30.48
14.46
1.38
1.84
0.84
1.2
5.03
0.96
8.2
0
10.4
4.08
0
0
0
4.57
16.46
5.6
19.35
6.7
11.2
1.87
45.61
1.41
0.62
2.85
2.28
0.48
1.8
12.48
0
0.71
1.34
2.5
10.9
0.1
16.65
4.69
1.3
0
3.7
18.5
46.03
4.32
3.73
1.98
0
0
15.6
5.04
0.1
7.5
0.37
0
6.9
0
0
0.88
6.94
8.19
0
9.4
1.56
27.9
5.39
0
1.8
13.25
1.32
0
9.7
6.12
12.44
1.48
13.62
0.2
2.8
5.1
0.8
0.36
0.24
1.2
8.51
1.3
0
2.54
0
1.68
3
19.5
0.1
4.56
1.3
0
3.8
0.2
0.72
-0.04
5
0
6.7
1.3
2.4
1.43
13.6
42.5
15.1
1.71
8.4
0
8.1
0
0.7
3.2
1.8
7.31
18.52
0.19
0
1.2
2.6
0
1.8
1.8
2.76
1.32
1.56
0.81
-0.38
1
27.84
2.82
0.1
5.21
0.1
0.72
1.56
2.3
0
0
0
13.56
5
0
1.8
2.3
0.6
12.9
6.66
1.1
16.64
4.08
18.84
1.92
17.1
4.7
0
5.01
0
13.08
6.6
3.48
1.2
7.6
6.27
0
6.38
10.1
29.12
0.46
3.75
0
7.7
0
0
28
0
2.01
2.01
14.2
23.24
17.66
0
5.5
3.8
7.32
1.6
1.3
0.9
26.28
0.2
4.32
5.16
1.8
-0.12
4
6.62
1.85
2.6
3.96
1.4
0.6
3.3
13.2
19.5
3.2
1.48
2.06
0
5.9
3.8
0
4.1
6.84
7.6
2.76
0
9.37
19.6
7.1
1.9
-1.95
0
1.23
1.4
0.8
11.28
8.3
21.12
11.9
0.63
5.6
0
15.1
3.6
7.36
0
14.78
0
3
7.48
0.8
2.01
0.38
4.08
0
0
-0.3
0
0.8
2
0.8
22.8
0.24
1.8
0
19.7
15.47
2.28
28.2
6.8
12.27
0
10.45
0
0
0.24
0
0
7.7
13.63
2.49
2
4.8
0.55
5.83
10.42
15.96
8.5
6.9
0.3
1.31
10.5
0
1.8
2.2
0.42
3.4
1.02
12.5
0
0.96
13.2
20.69
0.61
24.4
4.56
1.4
5.04
1.44
18.1
1
0.48
4.19
3.49
10.1
0
1.3
1.44
18.4
13.68
0
4.2
15.93
2.2
1.8
5.5
15.21
3.36
2.5
0
0.6
18.4
1.35
10.8
1.53
0
6.9
1.08
2.18
13.26
1.6
0
1.7
10.21
12.48
0
6.01
27.75
17.1
5.96
1.92
0.83
1.07
0.35
1.2
4.7
9.6
11
2.54
0.36
0.74
0
0
9
0
10.3
0
-0.11
0
3.96
13.96
2.3
1.2
26.3
9.34
0
12.66
1.8
10.1
1.73
0.18
7.06
4.95
18
5.05
8.5
0.9
0
12.97
3
27.08
3.6
10.39
4.09
1.2
1.98
2.4
0
0.5
4.42
2.3
12.64
0
0.25
5.73
0
11.2
12.3
4.14
0.48
2.16
6
10.6
13.4
3.6
0.9
7.6
0.06
2.28
5.25
1.84
0.8
1.47
0
1.3
0
3.2
2.77
3
0
6.5
0.2
11.38
4.25
13.9
17.4
0
7.42
3
7.5
4.6
0.6
0.84
16.51
7.07
0.7
5.05
4
1.8
17.2
0
4.6
12.75
0
1.7
2
0
0.48
2.9
0
6.3
0.96
0
0
10.1
10.1
2.7
3.6
0
0
25.5
11.08
3.8
1.4
30.15
15.54
2.4
3.96
0.48
0
4.52
6.72
2
10.89
26.18
8.05
0.4
4.52
0
2.5
0.36
28
4.2
0
5.16
5.95
19.9
5.48
2.8
11.19
3.36
8.1
7.3
2.88
1.08
8.05
3.13
5.51
0
4.59
10.21
24.12
15.04
2.2
12.84
11.16
-0.24
9.48
15.2
2.06
5.7
13.63
6.59
12.8
23.17
0
10.36
1.8
25.26
8.5
1.97
2.88
1.84
4.8
0.1
0.87
10.3
0.71
7.95
2.29
1.3
6.96
17.73
19.77
2.43
5.6
7.5
0
0
21.96
11
-0.1
14.87
5.7
3.9
2.77
10.54
8.9
19.12
6.78
12.9
9.25
8.4
0.1
3.84
13.48
6
19.19
1.83
4.8
0.8
0.5
1.8
5.76
12.24
0.6
2.53
-0.12
1.27
0
2.6
3.22
0.81
2.4
1.88
1.07
4.6
-0.13
6.24
2.16
11.2
0
7.2
0.1
0
2.4
0
0.78
7.92
0
5.3
0
4.1
10.5
1.48
10.92
3.36
0.45
3.96
3
1.3
0
6.8
2.03
11.97
7.11
2.5
0
7.6
7.98
3.3
5.4
0.02
1.3
0.48
10.4
7.2
0.36
0
15.3
10.02
6.73
0.42
1.07
2.52
6.85
1.5
0
22.45
0
2
8.3
2.93
1.21
3
1.6
2.7
1.92
6.01
22.1
0
0.96
26.9
0
16.2
0
0.36
0.3
13.3
-0.08
1.92
0
0.2
3.28
0.23
2.83
0.6
8.54
3.93
1.71
0.6
1.3
2.1
7.22
0
0.08
3.85
1.62
2.04
2.8
17.3
6.24
0
4.96
6.06
9.8
0
8.61
13.1
8.2
5.44
3.85
27.8
7.96
0
5.68
0
23.39
0.6
0.5
0
2.8
4.34
2.04
1.12
8
0.72
8.89
3.8
0
24.2
0
29.88
1.92
4.78
4.6
0.9
0.6
0
12.4
10.1
0.48
2.86
0
0.1
2.7
0
6.85
13.14
2.3
0
1.68
2.28
2.9
0
1.89
0.05
1.83
15.96
9.6
0
1.18
2.64
0
3.85
25.5
0.6
2.73
0
8.5
6.01
0
10.45
7.6
2.76
2.24
0.3
0
-0.1
11.5
2.64
21.6
1.69
0
4.69
0
0
0
0
6.13
0
11.8
12.38
0.8
4.22
1.4
11.32
4.3
11.07
1.5
17.21
0
4.36
10.7
0
17.2
4.33
1.6
8.99
15.72
6.89
4.63
6.72
18.44
8.3
8.7
1.72
0
0
0
4.12
10.2
2.55
20.88
0
1.77
11.6
15.6
6.91
15.26
24.5
2.01
11.03
1.84
5.1
1.99
2.25
17.3
0.5
26.94
9.13
-0.44
3.8
6.17
2.27
0
4.56
11.28
14
5.33
2.2
0
10
12.36
0.7
2.77
3.38
12.7
13.4
2.28
17.1
4.8
4.6
7.6
1.02
10.45
0.66
12.49
0
16.2
16.7
14.28
0.83
0
10.56
3.01
6.36
21.84
6.12
0
0
0
0
4.6
0.16
23.87
0
3.1
2.8
0
2.01
21.88
1.56
4.1
0
5.8
4.92
6.1
5.46
5.07
0.3
11.77
9.26
0.4
2.7
0
15.1
6.38
0.18
5.64
4.5
5.1
2.25
-0.97
0
6.1
0.8
1.2
5.64
2.5
0
2.4
10.8
10.3
1.5
4.57
25.19
11.33
0.3
8.49
2.31
9.59
12.4
5.42
0
0
9.4
0.43
2.8
20.2
2.42
8.64
6.91
13.1
0
4.9
10.44
4.65
3.84
0.6
15.92
11.9
5.4
2.43
0
2.04
10.68
31.3
0.7
23
2.19
2.66
0
0
0
1.7
1.7
2.68
15.1
0.6
0.6
13.95
3.7
-0.8
21.5
0.09
8.71
1.3
4
0
2.54
7.6
0
20
1.2
4.44
1.8
20.8
0
12.43
5.85
2.2
0.48
1.5
8.15
2.88
0
9.6
0.46
0
0.3
4.92
1.09
2.64
0
1.3
0.8
0
0
2.2
20.9
1.92
10.24
0
1
5.1
2.1
8.8
2.22
16.07
5.89
1.33
17.6
10.8
0.46
0
23.2
1.17
7.2
2.03
4.7
3.96
17.4
0
6.96
5.2
1.6
7.72
1.8
6.72
2.5
0
7.4
7.28
9.23
4.1
1.2
5.49
4.4
4.91
3.3
4.77
5.04
26.82
15.24
9.9
0.9
6.12
1.61
-0.22
17.84
7.6
0.82
15.1
22.3
34.8
0.4
5.88
9.97
2.13
1.29
10.1
1.3
3
13.92
0
1.8
15.28
12.99
0
0
7.09
0
13.67
13.8
3.1
0
0
-0.06
10.98
5.1
7.96
9.2
8.78
21.49
0.6
1.5
18.2
20.5
2.9
0
0.25
9.2
0.04
0.24
1.86
4
7.08
0
3.7
3.36
0
5.2
0
5.4
0.4
0
1.31
1.59
4.11
1.89
13.43
16.96
13.1
1.53
2.88
6.47
11.38
0.2
27.36
0
12.42
4.6
8.25
1.84
26.06
-0.3
1.66
12.1
11.52
3.1
0.36
15.8
0.7
12.24
4.9
5.2
2.64
1.7
0
0
2.8
9.4
0
21
7.59
0
11.9
0
5.11
16.5
12.26
2.12
4.11
5
28.44
2.22
12.85
4.4
8.34
0
2
7.9
7.8
1.5
2.04
17.17
6.49
8
5.4
0
20.51
1.8
3.96
1.1
1.2
39.75
2.15
1.7
8.88
30.5
0.1
5.52
10.8
3.58
4.2
2.43
5.49
15.4
16.92
24.6
0.43
1.3
0.5
4.3
0
0.2
15.76
0
2.15
3.5
6.76
0
6.5
1.8
19
10.36
15.4
12.8
4.8
4.46
0
7.91
4.9
28
5.4
40.68
0
9.25
0
14.7
1.7
19.32
20
5.16
4.1
2.74
6.72
1.3
0
2.39
0.36
4.7
6.9
7.25
9.28
2
4.56
2.64
6.31
20.28
3.2
0
0
8.1
10.1
0
10.68
1.6
1.6
1
2.28
3.96
9.84
0.72
6.96
1.8
4.6
3.36
0
8.74
9.84
9.2
3.6
2.4
10.76
0.64
8.8
2.44
18.19
0
10.28
5.8
4.54
0
13.96
0
0
0
0
5.26
9.95
0
3.1
1.2
0.6
0
10.48
18.57
0.45
2.2
13.84
2.9
3.5
1.64
2.77
0
11.77
3.98
5.64
0
17.5
3.21
23.16
8.62
1.36
10.32
2.1
16
3.4
5.64
26.84
16.2
0
35
0
10.2
5.07
3.1
3.1
0.2
1.4
14.02
1.8
0
0
1.1
0
6.69
0
11.73
4.7
9.12
5.7
5.1
13.62
6.72
3.98
0
6.84
0
13.35
36.38
0
0.1
15.1
2.07
2.4
14.39
0
1
5.13
0
4.62
8.9
2.1
6.47
24.5
0
0
29.28
4.4
5.29
1.84
3.21
18
1.6
0
1.69
0
13.68
2.9
0
8
5.3
0.3
3.5
0
4.1
1.91
6.1
3.71
1.9
17.79
1.6
13.2
3.2
7.08
16.6
2.5
1.32
9.96
2.36
0
2.76
0.8
0
4.65
0.3
1.68
1.45
0
0.8
8.8
0.73
0.55
9.23
1.5
4.6
9.46
2.15
2.3
9.4
3.2
10.2
3.03
9.2
0.02
1.6
5.5
0
2.3
1.92
12.9
1.96
7.96
0
5.3
2.8
4.09
-1.12
6.5
4.4
0.9
1.83
2.73
0
3.8
3.36
1.8
0
35.2
9
1.59
0
1.7
2.27
0
2.68
30.5
0
4.44
1.2
4.2
5.4
7.37
9.81
12.3
0.6
1.6
11.16
1.68
5.4
2.6
8.58
1.24
10.88
10.93
12.42
1.6
1.6
5.3
9.5
1.4
9.4
7.2
6.5
1.85
10.05
5.75
2.76
14.95
5.58
3.6
15.31
12.17
2
26.76
2.18
1.32
22.44
9.67
0
0
0
0.6
5.8
2.7
1.5
1.21
2.64
0
20.5
0.8
3.02
2.79
0
10.64
10.8
7.41
0
20.52
1.69
0.8
32.15
3.89
0
0.9
1.24
2.28
1.2
14.09
0.54
8.88
0.5
6.6
6.36
0.1
10.5
0.5
4.4
11.4
3.13
36.24
8.08
6.4
0
1.07
9.8
9.4
4.74
15.73
7.29
3.1
0.6
1.1
8.7
25.32
7.9
0
2.5
2.9
3.29
2.64
4.32
14.39
0.83
1.3
11.2
4.58
1.6
1.54
8.97
9
9
3.01
9.5
1
2.4
6.84
8.8
15.6
15.66
4.08
4.6
7.55
0
4.1
13.9
15.26
0.6
0
28.68
4.4
0
1.32
33.3
22.95
6.28
0
1.26
2.89
0
0
0.1
3.31
1.36
2.17
7
4.5
6.3
13
15.98
5.98
1.7
2.4
1.6
6.18
5.04
5.35
41
-0.13
0.6
14.64
-0.1
6.71
1.3
8.2
2.6
2.52
6.2
2.7
1.79
0
5.9
9.4
0.96
18.9
0
0
3
5.94
5.3
7.14
9.7
0
6.28
12.62
3.8
0.69
-0.24
21.6
26.9
0
0
0.2
0.72
0
0.7
2.27
0.81
13.32
23.05
1.18
4.56
3.02
2.88
16.76
5.1
3.6
10.08
1.9
6.99
8.4
7.54
8.99
2
0
5.3
37.87
1.42
2.49
8.5
7.8
11.81
3
0
5.88
5.5
5.95
0.8
0
0
2.3
4.26
5.9
1.3
0
1.56
0.84
8.45
1.3
2.92
3.75
0
1
0
19.6
10.6
7.72
0.66
2.64
32.88
9.4
1.54
9.9
4.15
22.92
0.84
11.25
0
1.1
0
0
0
-0.5
5
7.36
7.1
0
0
5.38
4.9
6.84
42.61
7.08
4.56
15.46
3.73
0.84
0.3
0.06
10.68
4.1
1
5.8
9.24
1.7
0
0.1
2.3
15.18
-0.24
8.4
8.76
4.5
19.21
2.2
0
16
1.9
0
15.29
10.6
33.39
0.12
0.44
1.38
3
1.28
1.4
3
4.1
15.02
0
2.29
5
17.25
16.34
1.19
8.88
0.7
5.9
4.4
1.3
0
0
0
0.7
0
8.5
1.2
33.18
0.2
24.3
4.9
1.8
8.03
0.6
3.96
1.06
1.6
3
0
0
0
0
12.45
2.4
0.12
1.3
5.08
7.64
5.6
10.55
0
2
7.04
15.64
29.4
3.16
1.7
0.66
5.5
-10.22
0.12
0
9.3
7.66
16.44
1.2
11
3.6
0
16.4
0
2.48
34.08
0
1.8
7.8
7.85
3.7
11.99
7.8
6.52
2.5
0
0.32
25.88
28.21
9.97
4
9.5
1.1
9.72
0
0
28.6
2.64
3.47
13.06
7.56
0.53
0
2.03
0.6
40
-0.24
4.4
13.1
0
9.36
0.4
1.5
0
0
3.8
0
7.04
0
4.93
19.68
5.2
4.3
22.68
15.2
2.3
0.35
6.72
1.92
5.88
3.13
0.5
7.72
12.97
10.68
0
17.3
10.66
17.16
0.97
0
6.6
8.06
0
8.92
9
0
30.94
8.03
6.7
11.7
0
5.4
0
6.12
7.64
1.91
6.72
11.9
9.37
19.43
2.4
45
2.8
0
1.56
0
1.3
10.21
0
0.7
21
5.36
1.57
-0.6
2.4
30.92
2.2
0
0.36
0
25.93
10.84
3.96
6.1
0
0.42
0
0
0
1.3
0
8.47
3.17
6.18
5.8
5.3
4.28
28.5
2.88
0.1
4.14
4.2
0
0
2.62
3.07
7.01
10.56
19.07
8.16
3.85
13.8
1
1.8
9.8
1.6
17.52
1.67
0
0
39.53
0
9.72
6.8
20.6
13.33
11.76
0
9.88
12.4
1.3
3.51
14.55
12.53
7.45
28.69
0.65
26.15
5.52
0
0
0.74
16.9
1.5
1.76
1.7
1.7
14.7
0
0.48
0
0
6.7
0
0
1.84
0.96
2.3
0
7.2
4.78
3.7
7.42
-0.12
1.8
10.2
4.5
11.85
2.5
1.1
8.1
3.8
2.5
12.59
9.35
25.6
8.4
0
0
3.34
6.23
1.31
8.52
19.2
1.4
0
5.88
6.6
0
12.02
12.1
1.4
21.37
4.9
1.33
3.13
9.58
0.7
0.66
5
16.6
9.48
2.4
6.65
0
10
0.7
0
7.5
5.1
8.1
4.4
0
18.24
19.21
2.15
14.4
9.85
6.78
0.12
4.49
12.13
5.22
21.6
14
12
8.72
4.6
2.3
0.1
10.1
4.3
2.64
7.17
1.17
0
0
29.19
1.5
16.8
0.99
0
1
0.1
0.9
1.08
9.36
0.7
4.9
0
16.54
4.4
12.2
0
9.48
7.5
10.29
2.16
9.28
1.91
35.88
22.8
26.76
2.66
4.62
0.8
1.85
0.2
-0.1
10.8
29.04
19.55
3.85
6.84
1.3
11.06
6.49
0
25.2
0
2.3
16.32
0
17.65
2.1
0.2
1.56
3.25
7.01
4.16
0
1.31
0.97
2.64
2.89
13.9
21.26
19.9
10.3
0.6
0.06
3.12
16.3
6.02
11.9
6.6
0.29
0
10.42
4.7
13.57
16.43
0
2.7
1.2
0
-0.36
5.94
2.4
0
7.12
1.28
9.5
0
26.34
12.36
14.9
0
0
0
13.56
5.16
0
3.36
-0.48
0
0.6
0.12
13.2
38.8
8.6
0
9.12
11.7
0
6.5
0.72
2.4
4.65
13.2
2.3
5.3
34.4
21.53
13.37
0.84
0
2.5
3.62
0
0
3.24
2.4
2.1
8
4.58
5.04
4.2
0.06
1
0
0
1.3
6.94
1.1
9.4
0
24.96
0
0.74
0
8.45
0.44
4.36
14.03
0.84
6.72
3.13
6.35
2.4
2.16
8
8.32
2.3
0.3
7.12
2.3
17.88
8.99
0
9.3
5.23
24.29
35.22
5.52
1.54
5
5.9
6.88
4.1
3
0
14.5
3.01
1.83
1.57
2.64
2.8
7.8
5.29
1.32
3.85
1.56
9.73
1.8
16.41
7.31
0
13.73
4.39
1.11
6.69
0
6.2
8.64
9.8
1.9
2.89
0.72
0.7
4.87
7.2
9.41
6.04
2.08
0
0
3.36
4.6
0
2.15
0.27
0
3.72
2.28
1.6
0
20.52
0.64
1.55
10.84
1.4
19.1
36.83
-0.4
17.81
5.1
4
14.03
5.2
7
0
2.95
4.7
5.45
1.3
3.6
12.73
6.2
1.3
13.2
16.12
3.5
0
0
0
0
0.36
0.5
2.7
3.6
15.1
19.24
8.6
2.18
0
14.55
19.9
18.24
2.71
24.96
6.97
7.13
4
3.8
0.72
2.75
1.65
2.88
2.28
17.87
0
0
13.07
5.6
0
0.6
3.72
-4.48
13.09
15.14
0
16.92
5
0
10.68
2.65
0.78
2.23
0
17.13
12.48
0
7.09
1.28
5.07
0.9
-0.1
1.4
3.13
7.26
3.63
4.21
1.66
0
25.24
1.5
3.08
5.5
1.2
1.47
6.23
3
3.11
0
6.5
41.59
2.79
11.7
0
17.9
2.28
13.8
14.12
0.8
1.8
0.4
22.92
11.4
2.65
0
10.82
5.67
3.36
5.68
10.69
3.7
19.9
0.84
0
12.35
4.03
10.05
8.9
1.6
0
10.47
3.4
2.89
10.09
8.32
11.5
3.4
12.84
0.82
1.32
4.45
3
8.5
8.88
14.83
1.89
0
4.56
3.85
1.02
7.9
0
2.6
6.12
0.26
13.04
1.96
0
4.4
0
0.94
9.7
0
7.55
3.8
35.44
5.4
1.32
-1.4
1.3
4.19
5.6
0
0
7.1
1.6
7.7
13.9
10.4
3.1
26.4
0.64
28.91
2.5
0
10.32
1.2
4.98
0.2
3.1
24.2
1.2
20.4
0.1
0
2.89
8.5
4.55
10
3.92
38.72
5.04
13.37
1.1
0.95
0
14.28
6.3
3
1.8
12.3
0
18
6
11.5
8.6
1.81
0
13.3
-0.1
2.28
0
0.8
10.21
2.87
0.38
11.8
2.72
0
5
8.15
10.21
1
0
2.32
2.2
0.84
0.7
12.2
0.5
1.79
2.6
10.05
11.52
14.5
9.46
6.9
0
7.4
6.76
0.68
20.87
0
0
2.28
17.1
1.9
11.65
9.84
10.1
6
3
1.47
6.84
0
-0.1
0
15.34
14.88
18.24
0.9
8.7
7.92
0
5.57
-0.24
6.92
0
3.24
8.99
0
2.25
14.09
0.48
1.44
0
3.6
16
-0.19
2.14
27.6
3.44
8.64
0
2.3
20
20.5
0
1.18
10.3
5.88
1.8
15.1
0
7.71
21.12
17
0
3
1.2
0
3.12
7.18
-0.6
14.31
0
0
5.76
10.4
0.34
9.5
6.96
2.1
7.8
2.3
7.34
2.27
0
0
3
23.53
7.51
1.43
0
14.07
0
5.3
0
0.8
0
2.02
0
3.21
5.64
0
0.48
4.05
0.4
1.8
5.28
24
16.2
2.8
4.92
0.74
7.2
3
6.15
-3.28
1.3
8.59
8.35
10.9
18.48
10.8
6.5
3.04
5.04
0.1
30.4
12.13
34.09
0
0.4
5.6
1.6
0
0
6.36
2.79
0
10.68
10.5
0
1.36
4.36
2.4
4.8
0
1.3
6.65
30.24
2.88
18.5
0.28
10.6
11.4
4.2
2.54
13.2
5.9
1.56
0.6
10.52
0.23
9.6
7.25
1.51
14.79
9.2
1.2
6.4
9.8
11.4
2.28
2.15
1.43
5.6
1.32
1.73
0.37
0.77
1.87
4.77
0.42
8.64
16.32
1.4
1.11
1.41
2.88
0.25
4.55
0
4.83
13.8
5.65
0
2.28
0.85
12
7.1
0
8.79
8.5
0
10.6
3.3
2.28
1.2
5.08
7.5
3.37
3.8
0.96
0
0
3
1.36
0.69
3.36
6.48
3.32
1.18
1.47
7.04
9.52
1.49
1.8
23.4
2.28
0.3
16.2
18.55
8.8
3.95
7.56
0
5.54
16.7
0
13.69
1.4
0.3
2.63
9.12
2.03
20.2
1.5
0.6
0
3.9
8.87
2.4
0
2.21
2.52
5.2
1.44
0
0
28.56
8.4
28.4
38.5
7.9
0
0.6
23.28
0
6.76
1.33
0
3
2.04
2.42
6.9
20.1
1.8
0.5
1.2
10.6
11.4
5.4
5.44
0
35
3.1
1.32
3.22
0
2.3
0
1.92
0
9.82
1.46
2.1
0
3.2
4.7
0
1.3
0
7.2
10.6
6.8
0
3.1
4.44
0
7.29
1.92
8.88
3.7
6.1
4.57
4.8
12.66
3.41
3.61
2.64
2.2
15
0.5
0
3.91
38.4
6.12
0
5.13
3.9
1.8
0
7.89
0.3
1.58
-0.13
1.4
1.2
0
2.27
0
21.8
0
1.4
10.5
0
3.29
18.77
0.75
7.29
2.7
4.45
23.17
0
26.88
0
12.48
6.4
8.7
0
4.45
0
4.46
0
9.4
10.9
2.2
1.3
11.9
1.56
2.52
4.56
9.06
3
6.28
3.01
8.69
3.69
0
5.28
3.5
1.44
2.25
17.4
1.3
2.48
0
6.16
0.3
0.8
6.5
25.33
30.96
1.62
3.8
2.19
3.11
9.39
1.77
9.4
4.83
0
11.8
4.66
1.89
9.04
0
0
0
7.3
2
0.2
1
0
2.2
0.7
0
11.1
0.24
0.2
14
2.23
1.3
-0.1
0
0
1.8
19.24
0
7.08
10.7
1.63
12.85
2.89
24.4
21.23
7.72
0
8.2
21.1
0.2
0.9
5.76
0
1.68
2.7
3.72
0
3.4
6.84
2.3
7.7
0
9.06
9.2
6.5
23.9
0
-0.2
12
0
0
0
6.74
1.3
5.2
6.6
12.98
0.8
0
0
2.3
5
2.4
0
17.64
4.9
1.44
15.47
0
21.33
2.7
2.25
9.23
39.96
12.15
5
4.81
8.8
0
10.3
5.2
3.75
2.45
2.5
0
16.4
0
6.72
0.5
0
1.62
-0.2
1.5
7.8
0.98
2.52
0.99
5.92
1.9
26.07
4.1
4.55
12.26
4.52
8.28
16.4
19.8
12.12
2.39
13.57
19.8
3.36
30.12
1.68
5.07
3.94
12.13
13.1
5.1
1.6
3.69
1.48
0
10.17
6.14
41.39
13.57
1.36
1.4
0.1
1.3
1.29
11.19
13.34
13.87
0
6.76
7.62
0.84
11.04
8.16
1.61
8.5
30.88
7.88
10.86
15.5
13.02
9
0.7
1.6
0.59
0.66
0
34.56
1.8
24.3
13.2
1.29
4.19
9.46
0
6.37
7.5
0.2
0.69
12.22
1.2
10.1
1.08
3
3.24
2.8
8.2
1.8
7.2
0.2
0
12.5
0
1.4
22.08
3.1
20.56
0.12
2.2
11.7
0
25.94
0
9.81
0.6
0.3
11.4
0.2
0
0.65
3.25
3.33
0.1
0
7.08
3
18
4.81
8.5
1.36
1.8
3.9
21.4
0
6.12
1.8
0
0.6
4.3
3.28
8.86
0.14
1.25
10.68
0
2.1
9.59
1.2
1.27
9
8.3
1.1
0
0.4
9.1
12.85
4.19
1.55
0.51
4.08
0
4.65
24.48
14.16
15.2
2.3
16.8
5
12.4
17.99
0
15
0
10.43
7.32
4.8
5.64
14.88
34.1
2.2
6.17
0
1.55
9.4
0.48
0.16
3.1
0
4.1
1.3
11.2
8.28
1.56
7.3
8.6
0.93
0
6.59
1
0
1.05
0.5
7.5
3
15.24
5.3
4.88
5.37
4.89
2.4
0
-0.46
0.04
0
0.27
23.39
3.84
5.16
1.91
0
0.82
3.84
0
0.24
1.68
0
5.8
2.89
5.5
2.5
1.2
0.1
2.8
2.95
0
0
1
9.1
16.01
0
4.1
1.36
14.68
17.8
1.4
12.63
2.03
16.3
0.5
0
0.84
25.8
0.7
12.38
3.64
0
1.13
21.9
16.74
0
6.8
10.92
0
4.85
2.7
0
8.59
0
10.57
0
12.75
0
0
0
0
0.4
1.02
1.2
0.2
0
20.04
0
15.33
0
4.09
0.91
1.8
4.1
0.36
2.55
7.25
0.8
11
6.8
6.72
1.32
0
12.24
0
9.81
16.81
11.28
0
17.3
0.73
4.6
-0.04
12.4
1.32
0.49
0
6.29
26.3
0
0
7.1
8.77
4.1
3.1
0
0.9
0
8.52
6.2
1.94
16.3
1.6
2.04
0
0.52
0.26
0.3
4.99
0.9
1.75
4.44
0
3.9
13.59
7.3
7.36
2.76
6
0.7
1.9
7.18
2.36
4.2
0.96
1.44
0.2
0
5.95
0.02
1.36
0.6
15.84
0.36
2.16
7.8
0
-0.19
3.14
0
6.6
20.22
2.64
0
4.7
3.2
0
0
1.8
2.28
7.59
0
0
2.82
0
5.7
7.1
1.13
2.11
1.4
1.4
1.51
11.01
1.29
6.1
2.45
0.6
1.71
1.81
15.3
2.28
0.2
1.13
22.57
1.19
34.45
0.24
1.92
2.98
0
1.83
9.29
8.52
0.9
0
4.75
10.32
2.2
3.5
2.28
6.36
2.28
1.51
7.6
7.93
15.58
0.7
0
0
2.9
1.48
0.25
2
10.93
13.4
1.67
0.18
2.7
5.25
2.08
1.24
9.6
2.47
7
0
8.21
0.18
0
0.2
5.4
1.2
2.28
7.64
14.97
11.65
0.3
2.75
0
8.41
1.49
19.12
34.68
0
-0.38
4.5
0
0.79
11.52
0
11.81
0
4
10
28.56
24.68
0.1
0.4
0
4.2
1.3
2.5
2.29
4.8
9.2
3
0.04
1.59
14.85
3.61
12.51
0.66
21.6
1.45
2.5
5.26
4.52
4.39
3.6
1.3
26.88
0.1
32.2
12.1
10.19
0
1
3.99
4.2
19.08
0
0
0
3.93
10.44
0.96
11.56
6.64
32.57
9.8
7.31
1.96
5.41
2.9
2.28
4.31
0
1.92
2.83
1.2
3.48
8.43
0
0.36
0
4.44
1.8
4.8
0
0.9
9.28
7.5
4.54
0.2
1.44
11.5
16.07
4.39
2.6
8.57
0
3.96
5.7
10.34
4.57
0
26.18
-0.77
5.1
-0.3
24.37
1.68
0
9.23
1.29
0.1
15.6
0.6
6.26
1.56
2.03
12.95
3.28
5.3
3.25
0
29.5
8.71
0
-10.69
6.3
23.04
0
1.94
0.06
11.76
2.64
15.48
1.92
12.9
10.73
15.16
0
8.87
0
2.88
3.56
1.84
0.12
1.3
2.04
3.1
5.49
11.5
4.06
0
13.69
7.36
12.7
19.4
8.65
9.54
31.34
3.12
6.4
6.4
10
2.89
14.28
4.89
0
2.16
2.05
25.2
4.3
0
2.13
5.35
12.84
0.7
0
32.45
8.4
0.2
11
1.5
4.44
8
1.7
10.4
0.18
0.7
0.5
13.14
0
16.55
3.3
10.14
1.8
0.25
0
1.8
12.86
4.6
2.5
-0.3
0
11.64
0.8
0.3
4.92
15.04
9.48
1.8
0.46
10.2
6.59
0.2
1.97
0.1
1.7
18.12
0
0.21
2.8
0.1
5.05
4.5
7.3
0
4.89
4.5
6.84
7.6
0
14.4
8.9
5.19
6.66
0.6
6.24
0
0.6
3.8
3.68
10.5
3.5
0
1.8
30.51
1.1
0.67
0.36
6.6
4.7
2.88
9.7
9.24
3.78
19
1.1
1.9
2.51
15.42
0.5
13.26
8
3.6
4.93
4.56
15.06
2.76
10.21
15.11
0
0.2
14.17
7.94
7.79
4.45
11.78
11.3
3.33
1.44
10.34
0
0
9.3
0
37.52
8.08
0.63
0
13.8
12.7
0
19.67
15.72
4.2
0.36
6.21
0.24
2.5
9.47
-0.12
11.65
9.59
4.46
3.94
4.77
1.2
0
4.8
0
0.9
5.68
12.3
6.29
1.84
0.9
14.85
15.4
0
0.6
0.3
1.7
12.7
0.8
2.16
0.6
5.37
24.37
9.87
0
-1.3
24.07
0
17.92
41
2.76
0.06
0.86
6.4
3.65
0
9.59
28.46
7.9
15.1
6.72
12.96
6.9
1.36
16.9
0
8.5
0
3
1.8
0.96
13.14
0
0
1.77
0.6
3.45
3.6
0.7
-0.08
6.59
4.56
4.28
0
-0.2
34.68
18.7
2.77
28.05
0.84
0.2
4.28
11.6
5.4
14.2
3.8
18
0
14.5
3.36
6.8
2.84
7.24
2.88
1
0
5.3
2.88
2.03
4.68
0
0.6
0.79
0.24
26.75
18.1
15.03
4.3
8.2
11.76
5.16
16.86
1.27
1.8
10.5
0.5
0
25.34
1.2
6.2
0
0.1
1.84
0
4.6
0.4
1.5
0
0.72
8.25
9.7
3.84
7.8
8.2
7.2
7.72
0
8.88
12.5
5.12
4.8
0
3.48
4.5
4.13
1.25
5.4
6.84
7.8
0.54
0.8
1.89
9.4
1.27
3.5
3.99
5.59
40.66
19.53
0.9
2.6
6.7
20.01
12.5
0.1
2.2
0
6.1
0.36
0
1.22
5.28
0
0.87
0.6
9.36
1.3
19.6
5.1
4
0.84
10.02
11.17
0
6.5
0
15.6
1.68
6.24
2.13
17.87
6.1
0.9
2.55
0
0
1.1
0
0
16.82
0
8.88
0.7
8.2
39.5
-0.02
1.65
1.24
2.7
0.2
3.7
9.53
0.6
4.52
12.8
4.2
2.31
4.1
6.01
5.8
8.32
2.8
3.09
0
9.8
4.8
1.3
2.64
6
0
0
7.68
0
2.72
2.18
13.56
16.56
3.85
4.2
9
0.72
1.44
1.65
0
0
1.18
0
6.78
0.93
26.4
2.5
9.76
20.86
0
3.5
13.07
2.89
9.06
32.9
0.48
0.44
0
16.68
0
0.9
2.18
1.72
6.7
0
1.05
0.48
3.11
9
1.06
20.37
7.2
9.3
3.31
24
1.23
2.4
4.49
3.96
1.2
13.82
0
5.6
14.31
4.57
4.2
10.5
14.88
1.46
0
0
0
4.1
1.7
4.2
15.24
2.52
1.82
2.1
5.95
7.7
0.2
5.04
2.1
4.32
22.1
3.15
2.12
4.32
44.19
0
1.74
2.65
0.72
0.5
8.97
0.72
-7.26
0
0.14
6.58
0.12
7.6
7
6.9
6.5
2.5
4.4
2.01
0
8.8
5.11
8.3
1.68
0
10.74
0
0.48
3
0.77
0
24.2
0
2.32
6
3.73
2.76
3.98
0.2
9.58
6.1
23.16
0.06
17.67
15.99
1.2
1.7
3.37
10.3
17.58
0.33
15
13
19.32
12.95
16.46
22.8
5.64
20.56
5.21
1.77
4.1
1.2
1.56
6.8
4.1
26.82
0.1
2.33
1.3
5.79
3.41
5.5
30.5
7.12
0.28
1.32
0
10.7
8.73
3.54
1.68
1.56
-0.19
0
5.76
13.26
4.1
7
5.51
19.6
6.3
0.2
4.4
0
1.2
0.4
0
0
21.16
3.84
4.2
6.12
21.88
1.59
1.6
4.08
11.04
19
0
4.92
1
7.66
13.1
1.65
0
12
4.9
0
0.9
1.72
15.33
3.5
1.51
3.89
5.2
2.5
3.2
29.04
3.1
18.3
4.8
3.9
3.73
9.3
18.18
0
1.9
1.05
10.51
0
6.96
0
0
0
7.4
2.15
19.4
0
10.55
18
4.71
0
7.22
2.22
1.44
3.6
-0.1
29.08
0.79
0.1
1.2
2.22
1.67
0.59
10.7
0
8.73
0.8
7.5
0.2
13.08
15.6
15.96
21.6
2.13
0.12
18
1.2
0.7
2.27
10.5
5.2
0.48
0
7.37
0
2.3
6.65
13.34
5.9
4.28
3
4.32
0
0.06
15.28
4.32
0
0.3
4.7
0.7
0.3
8.6
0.03
0.48
7.3
7.18
0.24
4.68
15.5
11.4
2.03
0.54
1
0.11
25.24
0.48
7.69
4.48
7.3
7.44
2.2
6.52
0
3.6
7.9
2.7
1.1
5.2
0.8
0
0.76
0
7.16
4.37
14.82
8.94
0.6
14.2
4.4
5.44
0.84
3.7
0.9
7.72
4.49
12.76
7.7
0
11.89
10.5
10.32
5.2
29.52
1.9
10.76
8.55
0.9
1.5
0
-0.3
25.84
0
0.48
-0.24
2.8
3.7
1.3
8.2
8.2
0.6
11.76
21.92
0
-0.1
2.43
5.32
0
7.5
8.5
0
3.84
1.92
8.28
18.7
45.56
2.85
9
2.25
2.7
3.28
11.8
2.77
0.39
4.8
0
0
5.2
0
0
14.5
0.6
11.88
0.7
1.92
1.4
3.4
16.46
17.2
0.06
0.6
24.76
0.3
0.96
0
0.9
1.8
2.4
3.28
5.6
16.5
15.1
4.6
1
0.74
0
25.8
0.7
7.8
1.3
7.02
14.9
0.84
13.2
8.76
5.62
11.16
6.24
23.8
0.15
1.03
1.81
2
5.15
8.8
26.7
1.24
5.28
0
2.04
5
0
7.8
4.52
3.84
0
8.32
11.28
0
2.3
5.05
0
1
7.4
8.69
0.18
0
7.3
0
6.18
0.72
5.5
15.3
4.6
7.08
0
0.48
0
6.8
12.12
5.6
18.16
9.37
3.6
0
1.02
8.73
1.4
13.3
3.27
13.92
11.64
1.8
3.5
1
7.44
1.27
8.9
3.98
1.73
1.25
22.08
2.88
9.4
11
0
9.9
0.6
15.96
2.3
0
10.7
0
0
0
0
0
2.99
1.8
13.4
1.78
3.12
0
2.07
4.3
1.68
14.88
28.13
0
3.25
1.9
0.9
23.6
1.84
2.5
2.42
1.06
0.48
9.4
14.84
16
24.76
0.06
1.7
14.2
2.4
5.79
1.43
0.24
7.24
15.9
0
5.35
3.96
-0.96
0
3.98
1.6
0.8
6.72
12.7
24.92
6.83
0.36
1.29
0
10.68
29.4
22.69
7.8
2
10.02
21.4
2.3
0
34.91
3.12
0.72
18.51
1.08
7.6
0
1.8
0.96
0
8.9
14
1.92
0.98
2.64
1.04
9.8
0.62
3.2
2.88
3.6
2.5
4.8
0.7
0.9
2.78
1.34
3.96
4.4
10.1
2
2.9
6.5
2.3
1.92
3.98
1.48
10.91
0
6.8
2.2
2.1
0.72
7.68
0
0
42.8
4.5
6.64
0
15.94
24.6
0
0.1
9
17.47
22.2
4.32
0.24
2.3
0
2.8
-7.24
3.1
3.2
8.77
5.79
12.57
5.64
10.02
5.3
0
6
4.2
26.76
22.7
2.4
1.18
13
7.07
1.4
6.11
26.52
1.56
1.2
2.2
4.98
0
25.5
4.46
0.43
5.64
0.11
5.48
6.63
0
11.3
2.2
12.93
8.04
0.88
2.13
4.9
2.42
19.08
1.48
1.08
23.04
1.2
5.8
8.6
23.8
11.16
15.37
7
5.8
4.8
0
3.07
3.2
-1.2
1.72
8.3
6.24
0
4.19
2.64
19.1
0
6.88
4.16
17.41
10.6
0.6
3.8
2.9
0.9
0
0
29.8
2.76
28.98
9.24
2.3
12.4
13
0.53
0.2
2.39
-1.32
10.3
0
0.1
0
1
1.81
4.6
3.48
5.4
0
5.04
6.09
1.84
5.84
0.24
4.72
29.32
0
4.7
3.36
3
1.22
26.5
4.7
1.55
5.13
12.42
6.3
9.76
18.3
26.52
0
-0.6
0
0
0.7
0
0
11.7
0
9.1
2.2
0
3.48
0
1.99
0
3.99
1.35
1.65
9.29
1
1.6
-0.11
36.67
0
4.5
0
4.9
9.12
2.64
6.18
18.3
14.54
0
12.1
4.44
3.76
5.86
1.36
2.52
0
4.6
5.88
32.74
4.6
0
10.3
0.12
4
10.1
20.5
1.06
2.9
7.84
3.94
8.79
10.9
7.7
1.8
15
3.39
5.04
4.5
5.94
2.37
1.3
0.97
11.8
-0.3
13.13
6.85
2
3.11
5.37
7.92
2.16
3.5
5.88
33.9
21.6
34.53
4.12
0
5.49
1.57
9.6
22.08
17.3
12.4
0
2
0
0.3
12.34
0.3
4.41
3.12
0
0
15.7
16.08
0
4.59
3.3
0
0
0
13.1
4.8
0.24
22.8
2.44
7.3
10.44
1.92
14.46
3.41
0
0
7.92
2.94
0
0
2.19
18.32
9.29
5.6
0.3
13.5
2.13
2.76
17
0
2.67
1.06
14
2
-0.24
8.65
2.6
0
0
4.3
10.02
0
1.73
1.3
0
0.75
1.8
0.6
10.5
10.8
0.51
0
11.04
1.1
2.97
9.1
5.84
13.98
0.66
3.36
5.6
9.49
9.72
6.04
6.03
1.12
1.55
1.6
2.03
-0.33
4.8
8
0.8
1
0
32.6
3.5
2.28
7.1
7.1
3.4
26.43
12.24
11.8
4
4.6
1
19.67
0
1
0
0
13.32
2.4
26.76
1.92
5.7
11.63
12.15
4.32
20.4
6.35
5.27
2.77
1.71
1.3
18.8
0
11.76
3.61
5.4
23.53
-0.37
2.64
0.24
6.12
3.7
0.2
2.76
0
1.08
6.3
0.65
0.72
23.38
27.5
8.5
2.2
15.36
1.3
2.4
5.46
0
5
11
1.5
2
15.3
11.6
5.4
4.1
0
1.33
0.36
4.6
1.3
0
3.12
3.77
7.2
0
18.3
11.6
0
8.44
5
19.02
0.72
2.67
31.03
2.48
4
0.1
0.49
5.28
3
8.53
1.72
4.7
5.79
1.52
3
0.4
4
10.2
2.52
0.57
0
4.8
4.5
8.68
5.04
9.04
16.19
1.56
10.57
0
0.1
0
0.59
0
9.1
4.2
0
20.4
4
4.46
11.28
1.48
5.88
6.72
0
1.8
9.66
0
0
8.87
7.56
0
9.19
1.56
9.5
6
0
0.02
29.4
14.1
0
6.8
3.1
0.7
2.8
24.96
4.22
0
23.17
7.2
0.7
4.8
5.41
19.6
10.15
10.6
17.43
2.04
14.56
9.4
18.9
30.36
3.98
4.15
15.84
2
12.82
0
7.24
3.25
16.16
11.5
1.8
0
9
1.1
0
2.55
0.2
0.8
0
0.24
5.4
13.92
3.75
1.67
7.48
14.84
1.4
9.23
5
8.3
1.1
2.13
14.6
9.1
7.02
17.2
5.02
3.5
6.24
0
0.72
1.3
0
0.7
1.1
1.33
6.67
3.8
5.6
15.8
13.73
8.2
2.2
8.52
7.24
2.5
0
11.3
16.05
9
30.72
7.23
0
2.3
0.9
0.5
1.4
0.2
-0.44
1.57
4.12
0.35
2.76
-0.1
1.85
0.61
7.46
2.74
0
9.35
6.24
1.93
0
0.8
10.32
0
5.32
14.8
9.3
3.4
0.2
22.9
29.95
1.5
10.21
1.8
2.53
0
9.8
11.4
-0.61
0
5.8
3.25
14.14
2.9
6.3
0.51
2.7
28.02
4.08
0
0
7.89
6.83
3.78
3.7
36.24
13.88
10.05
15.85
0
0
8
0
38.04
7.36
2.04
1.24
0.9
4.51
0
11
5.9
2.6
1.4
1.2
0.2
0.66
0
7.32
5.4
0
5.4
0.24
1.01
4
0.2
0.49
2.88
1.11
4.5
14.1
20.16
4.4
16.56
25.06
4.2
6.86
4.15
3.1
7
10.5
15.7
-0.44
0
1.26
7.29
3.72
1.3
0.06
5.16
2.49
2
3.1
1.6
1.31
0.68
9.34
19.69
0
1.63
9
0
3.12
2.5
5.2
23.41
2.34
1.65
26.04
6
4.92
0
5.84
1.85
2.28
4.95
1.7
15
3.12
0.7
5
28.44
3.4
13.02
1
6.05
34.77
1
-0.58
-0.22
1.4
13.44
5.52
2.73
8.9
3.02
1.8
1.41
0.25
2.9
0
0
19.2
0
17.32
1.2
6.9
9.01
9.15
0
2.64
0.3
0
2
7.2
0
0.1
0
0
5.76
4.85
1.2
16.79
33.9
4.14
1.79
3.96
17.5
13.56
-0.3
1
5.1
5.07
0.1
8.9
0.76
5.52
3.9
0
0
7.86
5.4
-0.3
1.3
0
-4.76
8.22
1.7
2.19
1.07
0
7.7
17.9
5.69
0
2.76
9
2.4
2.76
0
12.36
7.87
0
2.1
7.23
0
0.59
1.2
4.5
0.1
4.4
19.09
6.35
1
2.15
15.91
4.7
1
0.3
0
0.3
0.96
0.3
3.6
6.3
4.5
1.6
13.38
5.28
8.4
0.2
1.36
1.2
10.7
1.27
17.1
-0.4
0
3.96
9
1.4
1.8
1.2
10.1
27.24
6.8
1.48
4.1
14.3
0
0.47
0
14.22
2.6
4.44
14.54
4.01
27.7
14.4
0
7.38
7.74
0
0.59
0
14.95
7.6
0
0.67
0.7
7.64
0
2.3
1.75
2.03
0.8
1.08
6.18
0.58
0
-0.06
7
0.2
3.02
0
7.9
0.57
6.41
4
8.15
5.1
18.8
0
8.89
2.8
0
4
2.03
0
6.5
1.5
1.21
12.25
0.48
0
9.8
0.84
16.33
17.66
21.48
20.04
1.92
2.15
0
15.3
0
3.44
1.6
11.81
7.6
15.63
4
2.5
4.06
1.8
16.7
0.96
0
0
1.17
7.5
37.06
0.36
16.3
0.7
0
3
9.74
0
5.7
6.94
15.6
1.22
3.97
0
0.7
0
11.9
10.59
1.8
0.36
0.3
11.39
16.19
8.17
9.7
7.96
1.6
6.7
1.12
10.26
0.4
9.1
2.25
1
6.6
6.7
0.54
19.21
7.27
0
1.44
0.24
27.72
2.9
15.54
1.9
1.8
0.3
1
4.1
12.85
4.1
3
10
11.7
0
0.6
0.2
0
0
29.16
10.9
26.5
5.28
10.47
9.7
2.1
0
0
0.9
6.6
11.1
6.85
1.52
2.28
0
21.13
0
0
2.03
0
4.4
14.92
1.8
0
1.32
0
24.96
20.41
12.04
1.25
0
0
4.34
7.57
5.6
4.2
21.35
0
13.68
2.5
9.21
5.35
4.3
17.3
0
1
0
6.54
1.36
1.78
4.39
0
1.2
0.1
8.06
0.17
2.78
2.18
0
9.3
32.2
19.76
3.21
16.25
9
34.1
4.6
2.8
0.05
0
16.85
0
42.46
0
0
9.24
8.82
0
0
6.59
24.24
1.49
14.6
2
1.7
0.12
0
2.3
6.88
6
4.1
-0.11
8.75
4.44
1.23
1.68
5.4
0
3.7
1.07
6.43
11.04
0.77
1.77
7.7
0.48
3.6
20.16
0.2
0
3.8
1.9
0.1
1.5
2.8
3.53
10.7
8.6
38.52
3.1
0
4.22
9.2
3.8
7.75
1.52
5.88
3.81
1.5
5.27
1.44
9.3
0
0
2.59
1.2
4.8
7
8.29
13.14
0
2.4
0
0
12.52
3.33
0
8.5
2.5
0.5
0
0
0.03
0.72
11.4
1.02
0
7.7
11.24
8.31
1.09
11.4
32.49
12.72
6
5.1
7.4
7.5
9.55
6.3
0
3.05
10.68
6.48
9
2.91
7.61
10
2.19
12
4.46
0.3
0
0
0
7.4
2.16
0
0.83
19.44
28.9
15.7
28.9
0
10.17
8
4.57
4.2
19.8
10.4
30.72
10.2
0
20.34
1.48
1.6
0
4.32
14.66
19.7
12.87
6.8
7.36
5.52
0
0
4.2
2.9
1
0
2.28
1.25
0.2
0.6
14.21
16.3
0.11
2.9
29.52
1.44
1.92
2.68
17
40.25
6.4
4.55
-0.58
1.45
1.42
10.6
-5.44
0
13.44
14.29
0.2
0.6
1.2
0
5.2
0
17.73
12.96
0.2
0
0
2.4
-0.84
0
1.74
11.07
6.45
9.4
6.54
2.71
0.96
2.03
2.55
0.99
26.3
1.2
32.84
5.52
0
2.89
0
7.07
2.4
11.8
7.67
1.6
4.2
12.75
4.7
14.9
14.94
4.06
0.46
4.7
25.32
3.74
16.12
4.8
9.84
0
5.06
4.8
15
0.96
15.25
0.14
4.81
0
6.4
4.69
3.08
0
1.6
5.97
12.24
7.2
6.7
0
0.8
13.97
20.27
1.91
4.9
8.58
0.1
14.6
0.7
0.96
3.42
1.1
4.28
0
6.83
11.46
6.37
2.2
9.5
12
7.2
1.8
6.6
16.9
0.6
9.96
0
19.23
6.13
10.1
43.65
4.2
1.16
0
7.5
0.2
-0.48
1.83
24.8
1.06
1.7
1.8
2.39
19.11
13.71
5.84
17.73
7.84
1.44
5.6
0.82
0.6
16.38
0.06
1.9
0
16.56
6.48
3.1
0
20.46
11.28
4.09
0.48
2
15.6
21.85
11.9
5
0.75
0
0.88
8.78
0
0
8.3
6.6
4.1
4.68
1.36
0
0
3.6
0
0.48
27.5
2.05
0
9.6
0
4.2
10.46
3.5
9.24
4.44
6.54
2.16
26.46
17.54
8.6
27.96
11.8
23.8
1.57
0
9.12
4.8
8.88
1.75
2.04
-0.2
8.99
1.8
0
13.2
3.9
0.45
3.37
1.7
1.2
4
15.35
12.67
4.2
0
3.92
0
1.84
1.33
3.5
0
0
9.6
5.1
31.3
0
15.4
0.5
2.55
6.16
0.25
9.01
8.2
38.26
11
26.4
0.1
1.4
3
9.08
2.54
7.04
0
6.78
3.5
0
0
0
5.12
14.2
2.3
0
0
6.48
5.13
1.79
14.16
3.46
13.9
4.08
-0.62
0
4.98
4
6.27
9.4
0
5.88
10.21
2.1
5
8.2
8.42
11.41
1.8
18.89
3.26
-0.48
0.2
6
0
0
43.5
2.2
0
11.64
22.38
16.5
7.29
12.36
4.89
9.4
24.68
2.28
0
5.32
4.21
7.7
1.65
3.84
6.6
25.44
18.24
2.75
5.4
2.13
0.35
10
3.74
10.1
1.45
1.07
0.94
7
0.24
11.6
4.86
4.7
5.52
1.59
7.9
7.84
10.6
5.9
13.9
10.5
20.08
0
7.24
8.76
2.7
4.84
0.72
0.5
1.79
0
-0.1
1.69
8.82
2.16
29.6
6.48
0
7.5
-0.02
0
-0.24
6.6
0
0.37
1.6
1.91
10
0
18.48
1.5
4.2
12
3.91
0
6.5
2.4
5
1.32
1.2
6.84
25
10.2
2.68
10.3
3.29
4.08
17.1
26.46
9.1
3
20
1.2
14.22
11.62
0.1
0
4.4
12.36
6.42
7.86
0.71
8
0
13.43
7.34
0.1
6.7
0
10.8
0
0.1
1.8
12.01
1.6
0.84
-0.12
0.5
0.42
31.54
0.72
2.7
7.7
4.1
5.06
-1.56
5.91
2.43
0
2.2
10.1
12.2
2.28
0
11.65
1.2
0
4.3
24.97
12.71
3.13
8.95
7.31
21.71
14.34
11.89
0
1.4
5.4
3.12
1.8
10.9
5.42
1.36
4.9
0
0
2.64
1.8
1
0
2.77
0
0
7.5
19.68
2.21
2.5
4.6
9.78
14.88
1.1
6.8
13.26
0.6
1.72
13.1
13.5
2.16
7.3
6.48
14.39
10.2
1.9
5.34
8.05
1.68
0
10
-1.32
0
10.9
12.29
2.28
1.68
2.1
0.06
10.2
0.12
0
12.48
1.3
0.2
28.7
0
3.14
3.6
1.08
8.65
1.3
1.1
1.32
0.72
21.5
12.04
0
1.5
0
10.9
0
0.3
5.56
4.32
8.8
0
13.4
6.4
5.48
10.6
12.1
9.9
3.4
0
10.3
0
46.75
0.5
10.92
4.2
9.9
8.4
17.03
14.3
2.32
4.81
0.24
0.44
4.9
10.4
1.23
22.5
0
8.43
2.13
4.9
0.2
15.17
0
2.11
21.35
20.4
1.47
4.56
18.64
14.9
0
0
16.91
0.7
9.93
2.28
7.7
2.5
2.8
12.8
0.36
16.91
1.2
-1.14
16.68
6.87
8.1
4.83
3.26
13.12
4.3
7.1
7.6
20.13
35.29
-0.24
5.8
4.08
1.77
0
3
0
6.12
0
4.1
0
5.9
-0.6
0
14.67
6.7
0.2
3.6
6.12
14.1
11.76
22.8
7.8
5.7
10.3
26.64
0
2.28
1.28
5.4
2.43
2.88
6.48
1
4.8
5.07
17.3
19.67
3.23
1.2
0
29.4
14.97
42.46
2.28
15.4
0
11.01
5.7
5.68
0
6.36
12.95
-0.04
1.3
1.8
16.5
4.2
9.72
6.72
17.2
2.27
7.34
19.4
5.96
4.7
10.35
16.02
2.36
12.35
14.5
7.62
18.11
4.4
3.7
1.44
1.56
5.16
5.76
0
0
0
1.89
8.6
2.88
0.1
4.4
1.22
10.92
1.8
2.1
4.3
3.82
8.3
0
0
0
5
8.25
4.2
0.4
1.96
3.07
3.68
3.5
5.42
-0.08
10.9
5.9
5.4
2.64
0
6.02
-0.6
0
1.24
1.37
5.49
5.52
0
6.3
6.35
-0.48
4.7
18.06
6.73
0
0.12
7.25
0.1
0.95
0.77
0
29.3
10.33
10.18
5.32
17.66
4.28
1.3
1.8
7.81
0.5
19.7
3.71
0
0.86
0.1
2.99
4.08
3
12.72
0
1.51
2.91
40.93
28.95
0.05
0.6
5.4
-0.24
23.76
3.36
12.36
2.27
2.65
1.3
8.5
1.82
3.25
1.63
4.7
1.43
1.32
12.64
13.3
0
9.09
1.91
5.22
3.88
1.4
1
6.5
10.21
0
5.35
1.6
1.81
3.13
3.43
9.23
7.96
6
4.46
7.96
1.2
15.23
10.93
0.12
12.01
0.4
4.27
1.54
4.97
8.6
10.3
1.8
0
0.34
4
26.85
15.45
23.7
3.05
0
0
12
0
2.76
5.4
5.23
5.3
0
0
0
6.65
4.1
8.04
15.1
8.6
4.8
7.55
1.4
0.72
0
31.6
0
6.48
2.4
6.6
2.88
10.4
2.9
0.4
8.55
11.4
0
9.12
7.13
1.7
0
4
1.55
1.6
10.14
2.43
0.36
0
1.4
0
0
14.31
13.15
0
5.76
1.44
1.6
-0.1
0.61
0.8
0.4
0
3.3
7.3
3.3
5.85
2.64
5.1
5.4
0.91
7.8
1.64
0
7.56
9.71
11.64
1.35
1.68
4.1
22.86
0.83
18.96
0
3
6.36
7.8
2.99
15.68
5
27.12
1.3
1.9
0
0
2.8
1.99
0
6.24
0
14.6
6.6
15.46
7.2
2.4
1.81
18.72
2.6
5.4
1.19
8.6
4.44
3.73
24.3
0
25.1
2.4
2.76
7.68
19.44
0.28
13.4
1.68
7.7
18.04
0
10.32
3
4.74
16.5
1.5
1.2
1.2
3.18
7.6
0.4
13.4
7.7
8.46
5.32
2.1
1.1
12.13
1.2
8.29
12.96
0
0.96
6.15
1.8
14.2
3.24
17.49
0.72
8.7
0
12
1.8
0.7
7.57
11.89
-0.6
5.4
0
0
11.6
3
0
1.59
0
0
32.05
1.45
1.47
5.68
6.37
0.8
0.8
7.4
0
10.08
6.25
5.7
0.6
11.8
1.61
1.4
6.61
3.74
6.54
1.48
5.1
5.3
0
0.8
6.21
6.09
5.5
27.23
2.08
2.6
0
0
1.32
20.64
1.8
9.3
13.11
1.67
14.75
0
-1.91
2.5
9.45
0
8
3.5
0
11.1
15.43
9.01
1.92
4.5
9.25
3.8
0.6
17.1
3.6
0.4
6.96
1.8
0
9.2
10
1.7
20.52
3.6
13.3
7.8
4.1
10.91
0.6
0
6.42
0
2.7
0.96
0
3.5
0.79
15.64
7.62
2.16
1.8
0
3
2.73
9
1.6
0.24
0
21.71
2.9
3.15
15.9
0.36
0
13
16.36
7.2
9.12
8.4
0
9.36
-0.74
10.9
0
1.4
0
10.9
3.1
17.53
4.2
0
19.8
0.1
2.28
2.9
0
5.25
23.1
1.8
3
7.54
10.6
0
6.6
6.96
0
0
7
0
4.2
5.84
0.66
10.2
1.5
21.2
0.72
1.71
10.1
2.15
3.53
12.84
9.6
7.15
1.92
4.7
0.48
2.29
24.51
26.07
19.5
2
5.4
3.45
1.92
0.97
2.49
1.68
0
1.2
1
0
9.12
4.08
21.5
0
0.96
10.32
10.58
4.93
0
0.63
0
2.7
7.2
9.48
10.4
16.38
3.98
18.1
4.4
13.28
9.83
1.6
-0.01
9.84
4.03
1.6
21.28
0.12
5.79
5
3.62
6.04
0
0
4.5
5.3
4.32
3.96
0
0
2.3
2.2
0
0.36
0
0
1.41
0
2.02
1.1
10.2
5.5
3.9
4
14.58
6.7
7.2
0.9
13.1
0.6
5.52
0
4.84
0.8
5.28
7.89
0
16.55
2.04
0
11.19
2.52
34.92
6.3
21.01
4.69
1.79
2.8
0.83
1.21
10.12
13.26
11.76
0
2.28
5.48
9.3
2.89
15
29.82
0.3
4.92
0.5
2.7
0
1.9
5.2
0.3
0
2.9
0.2
9.9
0.28
12.6
12.74
0.66
8.95
9.32
0
2.99
2.31
0
3.69
5.55
34.6
0
7.68
0.02
5.98
16.56
1.56
-0.97
5.04
8.6
1.89
3.74
2.6
1.3
4.02
18.96
0
10.68
6.6
4.6
1.6
3.32
5.14
0.3
8.2
3.96
0
3.8
4.1
10.64
32.42
9.61
19.36
5.1
8.07
0.3
6.95
6.24
0
9.2
7.6
5.4
0
0
0
-0.2
0.72
7.5
13.55
0
3.1
0
7.4
2.85
1.2
0.9
2.64
2.54
0
11.6
8.27
0
4.6
13.6
0
30.31
6
0
13.12
14.73
4.7
2.6
8.4
15.38
16.21
3.72
6.91
6.36
0
3.52
2.15
7.84
1.4
5.3
0.04
0
1.3
1.9
4.8
2.7
1.7
13.8
0
5.1
0
2.04
0.42
4.38
4.6
3
0
0
10.19
10.1
8.9
0.96
1.8
7.44
3
1.09
23.5
2.6
0
0.3
10.13
3.3
0
0
5.3
12
1.88
12.24
3.4
3.72
40.53
6.42
3
33.33
3.48
0
3.12
2.76
2.6
2.52
3.8
3.03
4.31
3.08
0
4.32
0
12.13
0
1.8
0.2
1.8
0
15.71
0
2.3
6.96
1.4
5.6
0.5
0
0.9
15.93
0
0
16.85
5.3
4.68
0.82
0.5
5.52
3.57
3
11.1
0
8.72
8.76
0
2.42
16.56
10.92
13.56
12.58
2.63
10.56
9.91
0
5.25
3.6
2.6
0
0.3
0
2.72
0
1.66
0
3.18
20.5
5.9
10.28
6.4
1.8
-8.61
0
6.24
0
6.61
0.88
4.53
21
3.1
0
2.15
16.56
15.4
0.48
2.7
1.25
11
12.5
10.02
0
3.8
3.1
1.1
12
3.1
0
1.08
11.5
0
2.73
14.1
2.1
0.8
0
0
0
1.7
2.5
0
24.4
2.12
0.2
0.8
0.9
8.1
0.12
25.3
0.04
5.39
17.41
4.53
3.61
13.1
0.89
2.85
0.8
6.5
0
16.43
17
1.7
0
21.11
1.24
0
0
2.01
1.93
0
0.6
0
4.8
4.1
0.5
7.6
0
4.09
18.57
0
3.36
6
0
0.13
13.56
5.4
10.69
5.22
0.6
0.1
1
3.33
0
0.5
0
0.2
0.5
1.02
11
2.6
0.5
6
5.3
13.44
17.05
0.72
1.7
7.32
1.44
0
1.5
12.13
6.21
4.1
0
6.9
10.75
0
4.57
1.66
0.47
1.6
9.18
7.29
7.22
1.2
7.8
8.15
4.46
1.3
2
0.26
1.2
0
4.46
5.2
1.1
3.2
2.2
7.5
12.1
14.2
18.7
11.88
0.5
3.86
1.4
9.36
30.36
11.8
14.8
-0.3
0
4.5
0
8.03
0
0.2
7.2
0.3
9.79
18.2
1.31
0
22.24
12.12
0
1.1
0
6.7
1.8
10.9
1.25
1.59
2.08
0
9.72
3.12
4.32
0
5.9
10.08
3.88
11.6
0.72
16.26
1
-0.44
1.9
10.4
1.6
1.2
6.9
0.7
0.09
0
0
25.66
3.63
0
4.8
0
0.54
2
0.27
1.5
0.92
0
-0.48
33.7
11.9
4.46
9.2
0.2
0.6
7.8
5
7.43
3.8
7.6
8.3
3.84
0.58
3.8
5.6
3.24
-0.1
4.6
0.5
1.21
4.29
1.32
5.05
10.3
34.94
0.04
28
2.28
4.44
7.8
11.9
33.2
4.44
2.46
6.12
16
0.1
5.4
1.2
0.71
0
3.6
0.5
2.88
1.91
1.92
-0.13
6.21
0.4
0.6
1.2
14.87
1.2
14.94
2.28
20.1
21.61
8.68
13
9.51
1.8
3.96
1
1.58
10
1.18
0
15.2
2.6
5
12.4
0.24
7.08
2.8
0
0
0
9.2
9.12
0
12.6
15.29
3.47
6.5
1.84
2.15
20.04
3.16
0
1.3
7.86
1.24
0.36
10.56
0
2.63
20.03
2.6
14.16
0
5.2
14.28
2.28
6.62
0.6
5.7
2.19
4.46
21.84
20.44
1.3
0.9
12.57
2.4
19.57
0
3.47
0
0
7.84
0
1.47
19.12
10.53
16.2
22
0
4.6
0.2
0
2.43
10.42
2.15
0.7
4.3
0.97
4.5
1.9
9.75
30.72
11.5
19.67
3
4.2
0.72
0
10.98
1.1
1.2
10.8
1.92
6.52
11.4
6.4
0
0.9
15.61
11.52
6.9
3.36
1.65
0.89
7.5
0
3.55
4.46
5.06
0.9
2.28
4.6
3.93
0.96
18.9
0
5.8
16.91
-0.06
0.48
3.9
6.07
10
7.7
6.32
4.08
8
3
2.28
6.3
0.4
4.19
23.5
3.1
0
0
0
2.1
0
0
2.64
7.6
2.4
3
0.1
6.8
0
5.33
9.6
3.73
16.7
0
0
0
4.42
2.77
5.3
15.25
2.7
8.32
2.5
8.3
10.2
7.6
0
9.9
4.24
7.1
1.2
20.72
16.09
0.42
20.2
4.03
0.6
2.6
0.62
16.82
2.28
0.12
22.6
0
1.02
2.08
1.1
-0.48
6.78
1.79
6.6
8.69
1.68
2.2
2.04
7.9
3.72
8.2
6.36
0.2
1
0
0.6
16.5
4
24.12
0.84
0.35
0.6
3.4
0
12.88
0
0
4.9
0
0
15.12
2.59
1.5
6.33
0
10.5
2.8
13.2
0
1.08
4.12
0
0
3.7
1.7
7.5
0.38
2.52
0
0
8
3.49
1.23
3.26
4.2
26.5
20.3
5.22
3.9
10.2
6.42
3.78
3
16.3
2.4
4.44
0
1.73
5.7
0.15
16.25
9.9
13.2
3.2
0.51
18.48
5.92
3.79
6.35
0.55
24.5
5.1
1.3
5.5
0
0
0
20.3
1.3
8.85
7.32
17.2
1.88
5.1
1.5
10.7
8.4
0
1.5
0
4.01
8.4
0
4.2
5.28
0.4
8.5
3.61
1.5
2.8
0
0.2
-0.12
3.36
4.32
15.8
0.7
15.2
8.9
1.44
3.37
3.73
12.9
1.8
3.1
3.82
9.03
7.2
17.46
0
0
0
7.8
0
4.98
5.6
1.8
12.06
-1.2
0
4.47
36.61
0.6
12.93
4
1.2
2.88
7.04
0
1.39
0
11.3
17.46
7.08
0
0.7
20.62
1.44
1.66
5.4
4.19
2.76
0
6.96
1.3
8.59
9.5
2.64
8.4
12.75
14.87
15.12
3.73
0
6.64
0
3
4.1
-0.44
7.67
6.47
3.96
0.6
1.78
0
0.3
-0.1
0.96
6.72
5.49
7.5
0
6.57
6.28
0
2.16
2
9.24
9.12
4.47
1.5
7.3
13.86
2.88
1.8
4
1.19
9.66
0
9.11
3.36
0.8
16.17
2.64
0
4.4
0.24
0
9.5
1.7
14.52
2.49
0.3
0.3
0
0
8.88
0.7
0
10.3
25.23
1.57
17.1
1.7
3.1
2
2.6
9.16
12.7
0.2
16.29
0.3
10.9
0
1.53
6.35
1.8
3.6
0
1.8
5.28
4.26
5.41
6.84
1.83
9.3
4.85
0
5
10.4
1.9
5.4
1.07
0
1.2
1.33
33.96
0
6
5
0
7.22
24.44
0
0.9
12.79
1.44
3.2
3.1
4.8
23.16
10.4
3.18
3
0.6
0.1
3.19
10.3
11.52
1.2
7.5
-1.4
0
37.79
1.2
0
7.92
0
2.77
0
15.98
10.58
5.31
2.2
1
13.1
1.04
11.4
6.68
2.3
3.75
6.35
0
0.22
5.07
0.1
2.28
11.6
4.7
7.3
6.3
13.46
0.5
0
5.79
9.51
2.2
0
1.46
21.2
0
0
18.48
0.84
0.36
3.96
3.1
12.67
10.2
1.81
8.6
1.3
0
0.8
11.5
1.4
7.01
9.3
10.2
2.49
1.96
8.2
10.92
14.1
21.12
0
7.7
0
0
11.01
11.21
4.08
1
0
3.4
1.15
6.12
1.2
9.21
5.54
2.86
2.7
2.4
3.9
0
16.54
5.58
11.4
6.4
8
0
21.2
0
0.24
4
7.44
6.97
1.8
0
0
-0.08
0.1
1.3
24.3
0.48
14.76
6.28
1.7
23.4
11.28
1.8
7.9
-0.15
1.99
1.4
1.5
5.04
0
15.21
5.1
9.13
1.2
4.48
0
13.2
13.31
4.46
0
0
18.09
8.46
3.6
3.24
9.1
14.03
0
14.09
-0.04
2.42
18.47
11.83
7.52
1.87
0
2.83
14.2
1.9
4.7
21.03
0
1.97
4.1
8.16
6.36
11.09
1.2
0.84
0.6
11.7
4.6
3
1.64
0
14.25
1.3
2.22
11.6
0
18.96
2.4
5.1
3.7
3.6
0
-0.68
2.43
10.8
10.6
10.68
9.1
0.24
12.4
0.7
0.72
2
13.75
0
0.92
4.45
4.3
23.77
6.43
0.5
4.2
10.27
2.17
15.64
4
0.02
0
1.68
9.6
7.4
19.32
0.48
5.28
3.5
0.48
5.35
0
0
2.78
2.03
0
0
1.63
3
0.35
7.12
1.64
0
3
0.6
1.48
0
14
3.1
0
16.09
15.7
1.8
13.02
5.22
0.61
9.1
0
0.6
0.72
2.67
0.3
3.84
0
5.15
26.88
13.1
1.38
8.44
5.4
0
6.3
0
-0.96
11.65
2.7
16.56
0.72
1.6
4.4
0
23.18
4.36
1.91
3.58
6.93
9.3
1.2
10.3
0.12
1.43
0
15.52
11.89
6.6
1.77
6.62
4.2
11.16
16.01
0
3.1
4.7
0.3
12.63
0.4
5.6
2.4
0.29
1
11
2.04
6.3
0.6
0
1.56
16.92
3.76
16.68
20.1
0.9
0
0
2.2
2.69
9.3
10.8
1.07
2.4
3.5
7.9
32.3
0
2.2
0
0
3.72
17.4
0
3.12
3.92
10.2
13.39
11.63
2.3
8.88
1
1.08
1.44
9.6
0.84
2.7
5
4.56
2.86
7.68
8.6
6.4
1.79
12.51
3.6
0
0.15
0.23
7
10.5
1.96
0.8
10.28
3
1.84
2.4
30.96
7.47
1.2
0.8
3
11.76
3.1
7.57
4.22
19.79
1.8
6.75
6.95
8.7
3
6.45
1.2
14.3
2
10.44
15.09
14.2
6.72
0
16.87
8.52
2.7
0
1.26
3.59
0
0
8.63
10.9
12.1
1.92
15.5
4.51
1.6
7.2
10
0
26.3
7.3
0.5
18.8
0.66
2.28
3.13
6.8
0.03
3.4
7.6
13.2
1.1
3.37
2.93
2.32
4.99
5.61
8.6
0
2.65
1.72
7.8
1.96
6.48
10.02
5.4
0.19
0.02
20.9
17.4
2.08
2.2
0
26.22
24.86
0
2.1
2.87
0.42
4.35
1.42
10.8
0
3
0.3
0.6
5.9
0
2.78
0
20.25
-0.79
2.73
0
4.8
1.22
1.5
1.32
1.26
4.34
2.9
0
2.03
10.56
6.48
1.56
5.05
10.57
12.24
-0.5
13.95
25.2
-1.08
0.1
20.95
14.4
1.68
0
0
1.68
0.24
1.35
0.72
12.7
0.6
2.88
1.2
8.4
8.16
0
13.2
2.52
2.7
5.58
5.3
2.52
0.8
23.3
4.8
3.16
1.6
1.33
4.86
1.6
10.53
0
4
1.33
16.44
0
0
5
3.58
9.4
3
1
2.27
20.3
1.2
0
26.6
28.3
0.87
4.48
0
2.54
0.17
6.12
2.41
5.61
1.2
24.72
9.74
22.91
2.31
0.7
1.7
-0.98
13.92
10.4
3
4.32
1.9
0
1.8
26.76
5.04
3.63
14.34
4.7
10.1
6.6
4.89
1.31
2.51
0.81
0
2.84
0
5.3
11.52
21
12.87
3.75
17.22
4.3
2.64
20.52
7.8
0
8.88
0.14
0
8.43
7.52
4.08
6.65
0.85
0.54
0
22.96
3.8
5.87
12.12
8.4
2.28
2.8
7.57
1.48
15.74
2.7
11.33
10.4
3.4
2.03
1.36
25.68
6.47
1.02
1.6
-0.44
24
17.4
-0.1
3
0
-0.1
2.3
7.4
1.83
5.55
4.9
0.3
0
7.8
1.2
1.3
4.3
7.9
-0.04
16.16
30.24
0
6.4
9.12
2.55
1.2
2.3
1.92
0.13
2.4
1.29
0
1.91
0.3
0
8.5
0.69
1.2
13.44
9.61
0
0
14.3
1.8
17.05
0
3.12
4.9
7.07
17.1
0
6.28
3.8
0
4.9
9.5
0
7.54
10.5
4.92
1.65
0.5
-0.12
1.29
7.52
2.1
0
6.59
9.84
13.32
0
6.22
10.45
1.2
15.85
0
9.6
7.56
0.8
0.36
0
0
5.96
1.87
19.38
3.72
40.33
1.2
9.04
4.46
6.67
3.5
0
0
0.5
18.6
16.7
2
10.45
1.32
8.4
10.48
2.42
2.01
4.8
4.1
7.2
-0.96
5.23
3.72
1.29
4.49
7
0.12
6.5
0
1.29
1.7
4.4
7.9
1.9
7.7
17
0.3
0.72
7.53
0.4
7.29
1.5
6.41
1.53
1.02
0
12.8
6.73
6.48
8.58
12.1
-0.2
2.9
1.3
5.87
13.53
28
6.1
2.12
17.04
4.33
6
23.17
-0.14
4.23
0
1.2
11.76
3.29
5.25
24.3
1.3
1.8
17.41
17.5
3.8
3.92
8.88
0.84
0
0
10.2
0
1
2.3
0.82
14.58
1.04
6.47
6.12
2.55
11.04
4.1
10.44
1.92
3.9
3.13
3.8
0
0.48
1.5
1.3
0
7.21
1.45
9.33
0.18
29.3
0
7.92
2.31
6.24
3.13
0.23
4.88
2.16
1.8
0
7.2
7.32
3.1
0
8.04
0
2
6.93
0
10.44
14.66
1.68
4.37
1.56
0
9.64
8.63
5.2
0
15.8
9.16
3.3
2.52
0
12.66
24.72
1.63
5.52
1.51
19.43
12.5
1.5
0.3
5.16
0
0
1.44
5.51
5.75
12.32
8.05
0
12.37
0.78
3.44
13.21
1.42
0
2.56
5.31
0
8.6
2.3
5.21
6.61
6.64
1.44
0.72
0
2.23
2.8
23.92
14.85
1
18.12
6.75
2
7.6
1.84
0.71
5.26
0.18
2.6
0.8
3.2
2.7
2.46
3.96
12.6
1.1
9.67
1.3
2.52
0.6
0
0
6
36.84
0
12.24
11.28
1.56
1
5.6
4.8
3
1.19
16.31
4.5
0.48
4.8
14.48
4.56
2.01
7.8
0.38
6.12
0
11.5
0
21.47
7.4
6.52
2.85
1.24
1.57
0
4.9
2.4
7.36
1.3
3.12
1.24
5.7
1.28
0
23.06
6.1
5.37
5.6
0
8.08
3.04
0
4
24.5
7.9
0.62
0
0
1.9
1.92
0.8
0
12.7
0
0
11.41
1.99
20.2
5.58
4.32
14.4
-0.03
5
16.44
1.08
0
5.5
3
1.58
0
0.5
1.24
30.9
15.24
0.3
0
9.14
0.93
0
15.3
6.42
5.52
8.64
2.5
12.6
6.72
0
1.05
8.74
1.68
21.71
8.9
15.48
1.44
10.57
0
1.1
2.4
-0.51
1.56
2.64
9.1
0
1
33.33
2.43
3.26
3.11
3.16
4.68
4.8
5.8
1.43
4.1
2
0.3
1.79
13.76
2.16
1.8
0.9
1.6
42.5
5.15
17.3
0
1.17
1.6
1.68
0.67
0.42
26.52
0
5.4
3.8
0
4.1
0
1.72
27.6
15.17
1.2
0
1.84
1.83
8
1
2.06
10
6.24
19.1
5
22.33
1.92
0
9.25
4.68
2.2
12.95
0
4.2
0
0
-0.36
2.3
4.3
3
1.5
4
1.2
0
0
5.4
8.88
5.52
15.32
23.4
18.72
3.4
8.35
1.4
-1.2
0
0.12
0.5
0.3
2.6
0
2.03
4.8
3.6
2.73
7
0
0
0
0
10.21
8.32
2.4
0.5
1.6
0.83
35.04
0
0
1.08
1.74
7.48
19.19
1
2.22
1.67
7.89
1.9
16.38
12.48
0.24
3.97
0.3
3.6
7.68
4.7
0
12.96
9.96
1.8
1
6.7
6.21
0.6
2.8
1
0.5
0
9.97
17.5
0.72
7.8
0.88
13.23
4.36
10.7
0
1.43
0
2.15
0
9.5
28.2
10.4
0.4
6.72
7.7
2.3
11.64
0.5
0.6
2.81
0.6
9.84
34.27
27.06
2.4
1.77
7.2
-0.24
6.86
7.72
0.3
5.69
3
0.6
1.6
0
5.7
0.71
29.5
1.1
0
1.92
7.84
0.6
21.78
6.63
3.96
1.98
12.13
4.3
9.4
1.48
1.94
6.6
12.04
0.2
13.18
1.28
0
5.8
0
-1.89
9.24
-0.84
18.24
0
0
0
35.5
5.8
1
1
5.35
0.9
4.71
4.1
0
0.9
0
7.84
9
18.2
1.7
3.09
0
1.84
0.7
1.91
2.27
11.3
6.5
4.1
2
0
-0.22
0.72
4.8
2.5
1.16
1.2
0
7.03
-0.12
10.68
6.34
0
0.4
4.7
4
0.13
16.1
4.97
9.3
1.92
16.68
11.86
18.3
0
2.59
19.1
2.71
11.76
6.49
10.9
3.14
17.61
0
39.72
0.3
0
20.7
1.8
2.7
4.32
1.08
2.88
5.41
25.7
5
0.2
6.72
4.8
0.72
2.3
15.8
9.89
3.4
4
7.98
0.2
0
1.2
4.32
3.8
5.61
1.8
2.2
12.85
0
4.13
0.79
7.08
2.4
0.7
3.96
0.4
4.7
9.4
17.4
11.04
0
12
0.96
0.71
21.61
6.8
16.45
5.5
14.1
3
4.9
7.7
8.34
1.44
0
6.56
1.6
3.36
0.9
3.22
5.46
0.7
5.6
4.29
12.38
0
8.2
5.52
15.54
1.3
13
12.96
1.6
7.33
0
1.07
2.25
18.1
0
0.64
34.7
0.84
0.76
21.43
0.25
0.02
6.36
0.43
0
9.84
1.08
1.76
0
4.1
2.9
22.2
0.3
8.88
5.4
0.8
0.75
1.36
24.74
37.2
5.79
0
2.2
41.86
3.2
16.92
0
9.6
1.8
0
17.3
5.76
7.32
8
5.73
14.75
9.6
13.2
1.91
0.3
1.4
0
17.9
4.6
0.1
3.59
1.6
2.24
11.37
6.9
1.8
0
2.8
18.84
0.46
2.32
17.03
14
4.14
1.8
9.93
6.04
3.9
7.32
16.36
2.99
2.04
0
0.6
2.37
1.6
0.1
2.21
17.02
9.78
0.18
0
2.5
6.84
26.88
15.42
2.03
41.75
1.42
0.71
0
15.3
8.44
2.56
16.9
0
23.64
5.7
0.9
4.74
7.61
6.8
5.4
23.8
17.87
7.76
7.76
0.3
8.35
5.2
2.1
1.2
0.1
0.8
12.76
10.49
6.61
2.92
8.16
1.08
1.8
28.86
2.04
31.7
10.56
0
6.9
1.4
1.56
0
0
3.9
4.18
5.1
1.41
25.2
0
6.9
5.12
1.35
1.02
0.26
2.9
0
1.1
9.96
6.1
7.3
16.36
1.8
-8.14
0.3
1.82
1.84
1.8
0.5
1
5.55
0
0.98
1.5
2.86
5.46
12.1
24.7
27.24
1.5
5.7
19.74
5.35
0
0
0
0.42
12.77
5.64
7.73
0
6.9
10.1
0.8
0
9.17
0.72
0
1.4
0.4
1.3
0
0.4
1.51
13.14
0
10.7
2.13
2.7
5.88
1.44
5.37
3.2
0
2.9
5.64
6.12
14.77
18.3
27.97
1.7
0.72
0
7.2
1.55
-0.28
14.63
0.7
22.55
8.4
47.92
5.63
6.12
9.28
1.3
23.16
0.7
2.88
0.18
0.3
2.08
0.72
0
5.9
0.1
0
1.2
2.04
5.2
1.32
5.28
15.83
0
2.22
0.9
1.6
0
1.1
2.9
0.12
0.16
2.9
1.5
0
0.6
7.55
1.34
0.4
7.52
1.8
8.3
18.16
2.02
1.5
11.5
16.3
0.02
13
6.84
1.79
4.32
0
2.9
7
1.3
13.79
1.95
0
2.89
0
15.14
8.4
-0.13
16.68
1.8
3.84
-0.35
0
7.41
4.5
8
3.98
28.44
0
1.89
13.18
1.87
20.16
6.72
2.5
0
3.59
4.8
1.8
8.7
0
3.36
0
3.95
0.4
1.6
2.05
3
0.4
5.1
4.68
0
5.5
3.32
0
5.6
0.1
2.89
10.28
7.12
6.6
9
0.53
24.78
6.72
0
1.02
0.52
15.7
5.04
19.3
4.3
7.26
3.88
9.07
0.42
0.42
1.41
13.9
8.61
8.28
0
2.87
2.05
0
0
1
1.08
0.84
21.37
33.47
9.8
3.13
4.9
-0.2
2.18
0
9.2
1.76
2.72
21.11
1.6
1.59
1.16
0.5
15.59
0
0.06
10.5
1.5
-0.58
5.6
3.61
2.42
0
1.96
10.8
0
0
2.8
9.9
11.56
4.39
1.2
1.34
12.47
2.04
1.57
4.56
9.24
1.32
2.1
0.4
13.85
-0.1
0
0
0.04
0
6.48
3.6
6.22
1.4
5.1
0
14.13
21.24
4.3
15.79
0
4.47
1.32
11.52
13.82
17.7
4.9
17.5
4.6
7.5
4.3
1
3.45
4.26
5.69
0
0
6.84
16.33
12.39
26.46
3.84
0.1
6.84
10.09
0.84
7.4
9
12.2
10.69
2.37
4.6
16.67
2.8
0
6.87
5.04
2.41
25.3
0
7.43
1.15
7.56
18.84
0
0
8.2
3.13
25.46
5.4
0
4.1
4
30.8
2.43
4.5
0
30.1
1.15
10.4
0.6
0
0.48
1.05
13.8
1.2
0.3
4
1.8
6.8
2.75
-0.36
6.4
0
0.66
9.36
4.1
0.6
3
0.3
9.12
7.9
6.12
1.39
1.65
4.46
0
4.8
0.4
0
3.4
1.4
10.82
7.2
2.91
0.72
16.62
0.6
15.6
3.12
0
0
0.3
0
19.3
22.32
15.52
4.9
4.5
17.5
3.64
21.96
20.28
0.8
7.24
18.02
10.3
8.9
1.85
3.97
0
3.8
0
0
4.8
11.42
0.96
0
15.11
25.98
2.91
5.04
6.6
0.4
5.58
10.8
32.21
3.2
1.66
8.74
1.84
3.41
9.6
1.24
3.8
0.7
0
0.84
0
4
0
6.96
0
2.8
3.73
4.26
1.82
14.1
10.7
7.8
0
15.8
0
18.6
32.9
0.6
1.8
0.42
14.83
0
14.71
0.93
2.5
0
2.48
3.53
11.3
7.8
3
0
1.91
4.8
0
17.58
13.83
0
1.3
14.45
2.4
7.3
2.64
0.3
0
1.8
4.77
6.5
8.3
11.52
9.8
0
16.4
0
10.4
8.87
13.3
0
1.59
15.12
1.69
11.03
5.9
0
1.7
6.83
2.64
6.3
0.24
3.52
1.63
0
0
1.48
0.21
9.24
19.21
15.7
1.3
6
6.88
6.37
2.84
0
16.52
4.51
8.97
23.17
1.32
0.14
15.58
1.32
15.1
7.5
0.5
13.5
29.8
1.08
7.6
9.2
12.23
8.3
2.47
4.7
0.36
1.8
5.31
0
0
5.4
0
4.68
5.4
0.42
4.6
5.25
7.61
0.96
0
2.3
18.87
5.1
3
10.9
7.2
2.3
11.78
1.33
6.33
7.8
3.48
0
4.32
8.87
6.12
4.5
5.18
5.8
0.2
0
12.52
0.5
8.88
1.22
9
7.96
3.9
15.26
31.1
10.95
0.3
0.1
5.24
2.9
18.8
9.52
0.6
12.26
0.72
3.3
1.33
11.82
10.45
1.95
1
0
7.44
1.18
4.4
0.84
2.54
0.4
0.2
0.3
4.4
1.8
4.58
6.48
10.34
7.64
6.83
0
7.07
2.8
1.32
2.15
3.87
3.6
0.1
2.8
0.12
10.92
4.21
18.88
4.1
0
11.5
27.6
13.17
0
0
0
1.1
1.3
1.92
0
6.36
8.5
0
0
1.17
1.5
0.4
2
4.7
1.86
3
3.5
9.49
0
15.36
1.96
0.02
0
3.15
0
3.52
13.2
2.15
0.32
0.52
1.07
1.77
2
0
14.76
8.19
2.55
4.3
1.05
0
1
1.85
17.03
3.72
9.17
-0.1
2.27
1.58
0.08
0.48
0.6
9.21
1.7
5
0
10.7
8
10
0
11.68
4.36
4.8
2.7
3.7
2.64
3.7
2.7
1.44
8.1
2.08
12.61
7.2
11.29
2.69
0
2.75
0.54
1.96
1.2
15.3
0
-0.12
12.8
0
-0.2
4.25
0
0
15.95
0.1
2.4
8.22
5.27
0.9
5.05
4.33
0
5.75
0.81
0
7.1
0.8
1.6
2.76
2.54
0
0.3
20.42
21.16
0
6.18
0
3.8
0
14.61
12.8
0
8.46
2.4
3
0.24
25.6
0.77
12.36
2.35
2.88
3
1.94
0.66
0
10.7
6.8
1.8
12
4.7
19.44
-0.3
5.6
11.4
14.7
6.84
9.96
1.68
2.5
0
4.65
6.51
-0.58
2.4
4.57
10.52
4.39
0.3
0
0
4.49
3.1
7.49
6.22
13
11.53
1.05
0
0.24
12.31
3.96
0.6
1.32
30.02
1.48
1.48
0
1.6
6.53
0
15.88
0.2
0
10.2
0.12
1.5
8.8
1.8
2.76
5.52
7.9
4.26
3.8
0
8.2
0
0.1
3.9
0
-0.13
3.7
0
5.6
20.08
36.93
2.76
2
2.73
2.4
2.42
17.64
2.9
0
1.75
0
0
21.9
3
14.4
2.43
0
27.48
0.41
2.9
2.1
24.39
1.44
0
20.92
0.83
1.8
13.49
2.39
0.9
0
27.6
3.6
0
0
1.79
6.5
4.92
25.08
4.3
4.7
23.28
28.37
14
3.71
21.4
2.1
9.1
1.11
3.28
7.44
1.4
0
4
4.72
12.01
0
0
0.96
6.5
0
9.06
1.29
22.3
2.85
-0.3
0
19.07
2.07
0
3
1.9
4.7
12.91
4.9
0.6
0
7.2
6.28
3.5
15.88
1.89
0
0.7
0.64
0
0
0
2.25
0
0.12
16.3
3.22
0
1.8
20.04
2.64
0
2.6
0
18.48
14.23
6.24
14.52
0.16
3.3
15.42
0
1.63
1.9
8.88
4.53
13.26
6.69
11.6
30.84
0
0.38
8.52
0
12.18
3.65
2.5
8.5
8.55
-0.36
0
0
5.32
1
7.92
0
0.84
1.79
9.45
18.1
13.86
7.2
0.1
1.92
10.4
6.8
0.05
17.9
1.33
1.48
6.44
0
14
6.83
14.44
14.42
1.56
9.75
0.1
1.7
8.7
4.97
0
2
14.9
2.96
0
0
2.09
8.76
3.92
3.48
6.23
13.1
2
0
0.18
16.55
0
0
1.22
22.49
3.69
4.68
3
7.24
0.03
11.76
6.68
12.42
18.2
0
0
1.8
2
0.2
4.51
4.3
0
4.3
17.2
4.08
0
24.3
1.5
1.67
8.8
1.3
16.62
7.1
1.3
0
0
0
5.7
0
5.73
10.9
0.64
6.1
2.1
0
8.79
28.46
1.31
0.6
1.4
0
13.1
2.45
0.46
12.42
0
1.9
5.33
0.2
-0.7
2.32
13
12.9
0
19.7
10.93
0
0.2
0
0.3
5.9
10.33
0.1
9.5
2.2
0
0.3
0
9.93
12.43
0
3.19
3.91
1.4
0.81
7.8
12
6.8
0.4
5.08
1
10.67
0
3.36
11.13
3.2
16.2
8.88
5.5
1.4
1.31
1.41
1.8
27.6
0.81
0.8
8.9
5.52
9.59
9.6
15.65
16.24
5.5
6.37
0.99
0.56
1.89
1.79
28.25
1.2
2.15
0
0
0.1
0.3
0.35
1.8
3.24
4.52
1.2
7.92
7.9
1.32
0
0
0
0
1.8
3.2
3.9
2.4
1.86
0
1.59
0.72
8.4
0.84
5.04
0.8
5.25
3.03
2.8
10.4
10.96
8.16
17.52
12.85
1.37
0.4
14.66
5.1
32.2
0
0.02
1.61
16
3.39
2.8
2.2
4.9
0
0.6
10.1
1
10.5
1.99
24.84
8.41
0
1.8
5.9
11.2
2.5
0.1
12.72
7.24
2.52
0.6
3.13
1.02
0
4.3
1
0.8
0.58
0
1.44
10.02
0.7
0
0
0
10.98
1.03
5.04
4.08
13.56
2.65
13.91
0
4.92
26.16
16.67
6.12
4.33
0.94
1.79
0.72
10.4
4.9
9.6
4.24
2.25
7.53
7.32
10.7
14.5
0
4.08
0
0
2.6
1.43
0
7.86
0
26.64
0.9
0.42
10.22
18.64
2.1
2.75
2.34
0
3.12
3.49
1
5.05
4.55
15.36
6.4
1.1
11
0
2
1.8
2.1
6.42
2.26
22.2
1.8
6.36
12.7
8.9
2.76
4.68
9.2
2.8
1.98
3.02
0.2
1.09
8.88
10.9
4.2
4.72
9.84
18.71
1.36
6.3
15.1
11.4
1.7
35.76
0.1
1.77
0
23.3
20.1
2.42
6.76
2.18
6.47
0
0
0
38.1
17.04
1.8
2.03
1.3
0
1.5
0
3.1
16.96
2
15.48
13.9
0.42
13.32
26.86
10.35
-1.43
0
15.1
0
0
1.2
1.49
-0.1
12
2.37
0.35
9.3
2.72
7.6
1.8
7.4
0
2.64
1.35
8.3
4.8
0
6.47
1.1
5.16
0
0
7.96
1.92
4.35
5.4
0
3.23
21.72
0.87
1.1
3.84
4.83
1.88
29.94
0
2.2
0
0
0.14
0
10.35
0
1.08
3.64
3.96
11.51
5
4.9
4.7
3.74
0
20.44
1.66
7.3
44.3
30.65
23.28
11
0.09
8.3
17.85
12.6
2.4
3.9
2.89
11.88
0
2.13
4.32
0
1.79
0
6.24
4.68
3.2
4.5
10.4
29.24
11.42
0
2.8
3.8
3.26
2.28
0.1
2.5
4.48
12.03
0
2.5
0
11.4
8.84
9.7
15.7
1.28
0.6
0
0
13.95
1.7
0
33.6
2.44
7.84
5.51
10.02
2.1
12.5
15.17
6
8.88
4.58
0
16.56
3.02
0
38.88
13
0
9.9
3.48
0.48
2
7.6
17
1.47
12.1
0
1.3
11
26.76
0
3.99
3.58
0
0
0
3.3
1.77
6.79
1.7
7.8
2.77
3.4
14.52
3.68
0.6
0
0
7.14
1.4
3.5
0
0
2.05
0
7.38
7.31
0
17.99
6.9
5.31
0
0.66
0
0.74
0
19.31
8.3
11.05
5.2
3.16
0.9
11.7
0.96
5.22
2.16
0.87
3.63
1.2
13.94
27.1
1.92
19.1
3.1
11.2
0
1.6
3.76
2.25
0
3.5
9.01
4.17
0
5.5
7.08
0
6.5
15.3
15.44
9
0
0
21.73
4.68
0
19.02
3.24
0.45
6.72
2.55
1.36
0.8
27.24
3
0
3
5.22
0
1.7
16.3
1.66
18.66
2.78
5.04
5.6
3.36
7.63
9.1
16.2
3.79
3.3
4.53
0
6.4
2.32
0
2.55
6.12
8
-0.3
3.6
5.09
0
1
6.83
9.5
26.04
0
6.68
31.08
8.88
0
16.12
26.18
1.32
0
0
8.33
1.3
9.64
0.2
6.24
0.05
6.96
5.84
5.88
5.1
0.6
16.24
3.92
1.53
6.24
0.36
2.51
1.76
0.3
3.15
2.5
1.02
6.36
1.68
10.2
3.54
2.66
2.88
8.3
7.51
6
5.8
1.53
6.42
0.12
14.51
7.32
-0.96
37.34
8.76
0.4
12.63
7.41
14.1
24.95
6.79
0
0.4
27.7
8.2
3.7
11.4
14.4
0
0.06
0
0
8.25
0
0
0.5
18.4
17.89
2.76
12.85
9.63
0
19.33
0
0
9.8
0
1.2
0.55
4.36
-0.46
2.16
0.43
4.1
8.25
10.3
12.86
1.8
0
0
12.64
9.13
4.8
1.4
1.7
0
12.6
0
0
7.02
0
2.52
0
16.6
7.6
0
8.16
3.72
8.8
3.06
14.6
4.88
7.65
0
1
0
6.2
0
0
10.21
10.78
3.87
2.6
0
0.7
8.5
0.12
0
0
0
4.2
1.32
0
0
7.84
8.5
2.7
0
21.84
1.5
3.33
9.49
0.6
5.78
10.58
11.64
14.73
19.8
5.17
9.3
10.9
4.51
7.8
7.7
14.38
5.32
0.12
1.71
1.6
4.6
6.5
5.88
-0.7
31.14
-0.24
0.6
2.24
3.73
1.2
0
0.48
2.4
-0.58
11.88
9.21
1.29
2.68
10.5
6.36
6.44
0.03
0
0
6.16
3.36
4.1
0.9
13.2
9.84
3.72
4.8
3.07
15.12
11.3
1.8
7.81
1.56
1.8
26.04
1.6
16.72
1.2
1.08
6.58
1.92
0
0
4
4.2
17.5
22.4
0.48
3.88
1.5
0
0.1
19.56
3.8
12.1
0
2.89
12.6
5.5
0
4.47
2.68
6.12
1
26.16
2.32
0
0.97
11.52
18.82
1.05
1.78
1.8
42.26
2.64
7.38
0
0
3.12
0
9.21
16.18
12
0.57
2.5
3.12
7.15
4.51
5.35
19.56
6.64
0
0
6.24
7.6
4.4
0
10.6
4.54
2.7
0
4.2
1.4
0.42
32.1
0.3
0
10.63
6.64
1.54
30.6
0
4.52
12.74
7.91
1.1
3.1
17.1
0
0
9.85
5.79
17.76
0
0.9
1.2
9.04
6.96
13.9
2.23
1.2
0.21
3.2
0
2.3
10.1
0
10.19
1.17
12.62
1.9
1.62
0
0.3
3.72
0
5.16
1.44
4.1
25.68
0.47
2.88
1.08
2.31
1.91
4.8
6.47
1.9
10.81
14.1
0
0
0
3.92
14.14
0
2.8
9.51
0.5
2.87
2.28
8.5
0.48
0.2
6.36
11.6
0
9.9
2.55
3.3
9.68
3.5
0
5.54
0.12
8
0
7.38
0.38
4.1
8.63
9.2
8.24
8.53
4.8
4.2
21.73
2.57
5.16
0
1.6
0.8
2.65
9.96
0
0.6
2.5
13.26
10.7
22.8
9.4
15
14.16
29.13
14.1
4.4
7.56
2.6
2.05
3
0.7
7.97
4.08
0
7.68
0
0
2.28
6.25
7.63
0.98
0
0.48
9.01
12.67
9
3.96
15.8
6.96
16.68
6.96
1.8
3.8
0
0
0
1.84
1.9
0
0
1.44
14.9
1.8
4
0.72
0.96
8.88
10.5
6.4
17.49
16.9
3
0.72
3.37
3.2
19.32
15.47
15.1
0.5
4.08
9.59
7.5
0.7
2.34
6.5
1.3
0
11.88
3.35
2.64
4.51
1.3
0.24
1.85
12.8
8.8
25.9
0
0
0
25.55
2.3
8.5
1.08
12.01
8.84
9.04
2.8
2.28
2.52
14.16
16.4
3.49
0
3
2.6
-0.12
19.44
4.12
1.9
1.56
2.43
0
1.92
10.6
17
8.9
14.04
0.84
8.64
4.2
0
0
8.3
17.2
0
3.6
12
6.34
7.75
1.6
0
11
0
0.1
2.01
7.9
6.8
1.2
0
1
7.5
11
0.48
11.23
0.1
9
4.8
0
3.49
10.98
9
21.9
2.07
0.54
16.6
1.6
12.72
0
13.99
6.3
14.22
14.12
11.8
0.72
3.57
7.6
0
2.27
0.7
1.8
2.4
10.15
4.2
1.56
5.4
1.8
3.7
0.9
7.9
0
13.24
0.1
8.41
4.9
0
1.08
0.5
2.4
3.83
1.89
2.9
3.57
1.88
3.48
6.93
2.24
3.92
2.4
2.9
13.98
3.7
6.8
6.72
0
0
24.33
5.7
1.91
0.06
0
2.2
17
7.19
1.3
4.4
5.8
3.48
10.2
1.67
3.28
13.39
13.39
12.86
0
-0.2
2.4
1.2
18.4
24.8
0
1.3
0.8
0
8.6
3.6
13.8
4.44
28.9
1.28
6.48
0
0
6
3.6
6.16
2.89
-0.58
8.04
2
10.21
1.51
1.8
7.6
0
0.4
5.28
0
1.2
2.05
4.4
9.68
10.32
0.9
5.86
6.48
9.44
0.5
4.2
2.78
0
5.53
3.51
5.6
0.8
0.6
19.12
11.04
1.7
0
5.2
0.3
9.31
7.69
13.4
3
3.8
1.82
24.24
4.44
6.95
0
9.4
0.18
0.4
0.39
16.93
21.4
0.48
1.23
1.4
1.4
26.82
7.75
8.64
1.3
2.16
8.66
0
0
5.4
3.9
3.73
0.1
0
2.55
2.1
6.12
0.84
5.3
1.56
6.84
0
1.5
1.3
6.5
1.3
0
4.98
0.3
4.6
3.7
10.21
0
12.14
2
0
6.94
6.8
0
0.8
0.9
13.2
5.28
1.08
-0.48
3.95
6.32
19.88
28
3.39
12.5
0.98
0
2.3
0
10.1
1.2
8.28
1.2
0
0
1.64
2.55
-0.84
10.48
1.33
1.15
14.21
0.71
3.12
1.09
0.12
2.3
3
5.38
3.4
0.4
10.3
0
-0.01
3.84
4.08
1.49
4.4
19.31
10.8
4.7
-0.24
3.1
0
2.2
1.69
1.4
2.16
0.7
5.92
2.16
5.4
1.32
6.84
2.43
5.9
0
18.35
3.57
7.7
10.2
0
30
7.56
0
3.36
20.05
40.82
0
18.09
1.4
13.9
15.95
18.6
12.24
0.83
1.85
0
0
1.56
5.7
29.11
0
0.1
1.4
0.12
13.35
21
2.4
0.66
35.4
10.6
8.34
8.93
10
0.72
13.2
1.2
-8.44
0.18
2.7
0.12
3.82
0.45
14.29
14.3
3.1
5.1
7.6
16.39
0.84
10.8
10.4
3.37
29.3
19.8
5.67
7.6
1.82
4.9
0
0
0
0
15.9
6.84
26.76
3.36
6.9
8.86
3.7
0.73
3.24
0
7.3
8.81
21.35
3
1.2
3.47
34.08
8.82
5.4
1.2
3.69
1.36
3.8
3.18
16.2
1.91
2.72
1
0
0.8
9.9
0.3
6.96
4.2
14.77
1
0.3
0
2.76
5.91
13.1
0
2.6
1.24
16.32
2.43
1.2
1
0.7
5.22
2.18
1.5
1.36
6.09
0.16
3.6
2.11
16.4
1.31
2.66
1.87
1.3
1.1
2.5
3.22
1.3
0.56
17.4
0.4
1.84
6.24
0.01
11.4
2.52
3.8
5.34
4.32
18.96
1.6
4.3
0.6
1.7
11.51
1.36
0
9.18
7.27
1.25
24.03
1.39
8.64
3
0.5
11.06
0.48
21.36
0.48
1.78
4.69
5.04
11.19
23.05
14.92
1.2
1.32
1.2
7.8
9.12
0
7.6
5.43
5.84
10.59
5.6
5.5
21.4
6.16
0
3.06
3.12
0
0.6
12.85
2.68
0
0
0
0.42
0.6
0
0.8
2.92
4.5
0.84
0.72
4.08
14.42
1.4
1
1.6
9.32
1.6
6.2
4.32
2.28
7
1.45
4.46
0
11.64
9.37
2.51
8.78
0.12
10.21
0
5.5
3.5
0
5.5
1.8
4.2
3.42
15.21
0
1.32
9.32
11.68
11.5
0
15
16.4
0
28.92
0.1
0.9
0
0
0.2
0.3
7.7
0.72
6.72
4.46
1.18
21.86
1.2
0
2
3.8
1.98
0
1
11.3
0
1.9
4.92
0
2.32
0.9
0
5.35
0
21.12
10.93
1.44
2.5
1.77
1.32
-0.48
0.2
1.68
19.68
14.52
3.51
1
14.63
5.6
4.1
1.4
0.5
25.77
7.7
4.68
5.6
2.28
-0.17
2.11
4
1.75
1.92
20.68
0
21.24
0.86
0
41.28
1.45
7.59
0
0
0.24
3.07
6.47
8.16
0
0
7.5
-1.44
9.77
2.3
0.2
14.2
0
1.75
0.49
5.7
2.76
1.63
4.9
4.87
4.98
-0.07
7.44
2.52
7.36
4.17
2.52
0.21
0
1.2
10
1
3.37
0
9.1
0
11.92
22.56
4.6
8.67
2.03
0
5.8
3.1
8.45
20.73
23.76
1.56
0.8
2.5
14.58
0
25.13
0
1.9
0
10.79
0
16.7
8.37
6.7
5.1
5.9
4.5
3.6
25.68
21.7
9.31
2.6
0
0
3.37
8.41
0
1.2
2.13
10.2
0.43
5.6
0
0
0
6.4
5.04
7.92
1.17
15.8
10.9
21.71
-0.75
1.37
6.6
5.2
5.85
15.63
4.1
42.89
1.2
0
7.6
3.6
6.95
0
2.52
19.7
0.6
0
0
0.2
0
0
2.85
30.36
15.74
3.25
4.32
7.7
0
0
1.18
6.26
9.93
3.6
3.57
19.81
0
0.36
1.36
-0.53
1.37
3.65
0
0.2
1.2
14.34
9.87
0.7
2.83
5
0
7.3
13.32
0
0.6
11.04
4.42
3.7
3.68
0
14.53
0
0.84
0.96
0
0
5.7
0
10.21
-0.12
11.03
3.59
2.1
0
11.5
0
0.6
6.84
0
19.7
6.72
3.5
0
0.1
0.76
7.5
5.64
29.7
3.48
0.8
7.5
0
23.03
1.68
3.4
1.1
2.15
1.56
9
0
6.1
0
3.52
0
0
0
0
2.4
0.4
4.08
0.6
3.2
28.3
7
11.64
21.6
13.38
0
0
2.82
2.5
0
0
0
12.64
-0.12
8.4
4.91
0.5
0
0
26.88
1.38
1.85
5.04
1.3
-0.24
6.12
-0.48
-0.02
2.16
11.4
6.64
1.32
3.6
4.98
0
5.1
4.49
6.78
2.19
3
3.1
1.21
0
1.4
21.73
9.65
40.2
3.4
0
14
0.12
0
9.28
11.8
5.99
0
33.9
1.5
0.4
2.6
0
0.3
1.8
0.72
11.2
5.6
7.4
0
4.07
6.36
4.39
0.24
12.78
5.4
4.44
6.9
10
5.4
1.32
0
1.32
4.4
5.13
0.54
4.9
0.12
8.3
5.4
2.4
0.36
2.8
7.7
10.7
1.5
0.4
3.96
3.36
10.44
0
3.1
1.6
0
0.2
2.3
0.48
8.7
7.32
12.02
9.9
1.14
1.5
2.4
-0.2
8.08
0.84
0
2.37
0
0.8
0
2.74
2.76
1.62
9.2
23.31
2.34
0.6
1.55
0
1.24
1.56
0
5.81
0
0.7
1.1
6.24
3.07
3.12
4.93
0
16.45
0.1
0.5
3.2
2.88
13.14
0
1
1.6
5.6
1.3
15.32
5.52
6.85
34.67
1.47
0.3
20.3
9.9
13.1
22.01
0.66
2.19
43.23
2.2
7.5
28
38.55
0.2
3.19
10.9
0.12
1.3
7.24
0.62
1.05
4.7
3.2
10.44
1.07
0
0
23.3
0
7.2
41.74
7.4
1.8
9.6
14.9
8.16
9.45
4.44
0
-0.48
1.21
1.4
0.6
0
1.14
0
4.68
3.96
0
8.84
0
5.05
0
4.6
3.72
1.3
12.24
2
2.3
1.56
0
4.14
14.52
1.8
6.35
9.96
5.9
5.5
0.72
17.1
3.8
1.2
2.43
0
0
8.28
12.3
0.6
24.49
1.04
6.24
10.41
1.5
1.5
1.3
4.9
0.6
0
4.2
1.1
2.35
0
10.08
4.08
0.03
1.8
23.2
0.1
0
23.52
1.89
0
5.49
0.48
0.7
0.8
2.44
1.58
0
3.35
0.77
14.24
0.3
2.28
6.59
7.2
13.62
0.06
3.8
10.92
0
30.84
0.7
4.4
0.6
0
12.68
6.69
22.8
0.2
1.3
1.35
0
0
1.59
7.49
2.64
12.88
3.97
31.2
9.52
5.13
4.08
14.07
2.64
11.4
1.92
9.42
0
2.1
2.13
0.68
10.48
2.75
4.56
0.7
2.5
0.7
2
9.84
0
0
2.9
9.16
13.2
4.04
6.76
32.2
0.6
9.35
3.5
0
0.72
1.46
10.84
1.48
0.11
0.8
0
1.36
5.04
29
33
0.18
0.36
13.09
4.64
0.9
1.92
2.8
2.3
0.6
1.77
0
5.6
3
0.1
4
12
7.15
3.24
6.93
12.48
0.52
1.8
0.3
13.3
1.38
4.8
1.7
0
2.6
9.4
1.5
0.3
0.78
6.5
8.9
18.73
13.41
0
29.3
0
5.56
1.41
8.3
0
3.84
1.7
6.71
5.8
22.8
0
1.8
0.1
0
1.46
7.1
17.2
2.8
0
1.34
26.88
23.52
0.5
0
0
17.44
0.78
8.8
2.94
0
9.7
0
3
0.67
4.1
7.27
0.02
0
0.87
20.1
18.24
0.37
0
5
30
1.3
1.3
2.4
23.29
0
8.7
0.78
2.18
12.96
0.14
0
10.9
1
0.18
4.16
0
0
0
2.49
0
0.9
14.7
13.52
25.92
2.15
4.8
1.43
2.4
3.5
2.1
2
20.52
3.63
-0.24
10
0
20.7
5.6
12.85
7
1.94
3.88
0.84
13.56
4.22
8.64
7.48
15.7
6.1
14.28
1.34
1.44
0.2
3
9.47
3.27
13.43
0
1.3
3.72
1.3
1.77
8.1
8.2
0.2
6.2
8.03
9.36
2.18
14.32
7.91
0
14.52
0.5
0
0.83
1.3
-0.46
3.1
4.8
3
2.06
3
0.45
5.1
5.8
1.77
0.08
5.52
0
2.9
3.14
9.5
2.2
5.1
1.3
0
10.3
0
5.52
4.3
1.29
2.3
0
0
13.08
11.6
4.46
4.98
3.75
0.9
0.24
0
17.76
0.51
6.48
5.4
0
0.36
0
1.2
20.28
1.6
1.78
30.75
2.28
4.46
11.02
29.8
7.3
5.7
0
0.16
0
23.76
6.04
4.98
4.99
0
20.4
0
1.08
10.3
1
11.9
0.48
22.93
4.2
0
12.4
4.27
6.53
2.9
0.5
4.5
0
4.6
9.7
16.75
2.2
9.63
0.79
4.1
0.42
5.4
4.1
1.32
3.3
3.43
4.69
0.49
6.64
4.6
2.3
7.2
10.75
2.62
2.77
14.04
2.99
10.5
10.3
1.8
0
0
2.08
1.8
1.38
0
0
5.15
1.8
5.52
2.48
4.71
0
0.7
1.5
1.08
28.83
3.8
5.5
29.9
5.76
4.4
4.48
0
0
7.6
6.99
4.72
2.15
19.48
7.6
15.8
7.6
12.36
0.3
2.68
4.8
4.59
10.1
1.55
5
4.1
0.1
0
0.36
7.19
0.6
15.96
-0.48
0.83
2.39
0
1.08
0
5
2.22
2.15
0
0.1
4.17
0
0.04
4.69
1.68
4.4
15.06
0.11
4.43
0.48
1.8
10.42
3.26
11.53
1
3
0
2.3
5.32
2.6
3
0.36
0
0.8
3.12
0.8
-0.6
3.3
2.76
6.6
6.52
0.4
0
20.5
19.9
0.48
3.6
3.09
6.5
1.2
8.5
28.2
8.6
11.34
15.32
14.88
3.8
23.44
1.2
1.63
5.16
5.24
5.6
4.44
0
0.31
5.97
4.4
3.7
1.8
5.45
1.3
1.1
6.9
3.65
0.2
16.14
6
1.8
1.56
0
0.84
2.94
1.95
15
29.28
3.1
4.1
24.04
10.3
6.92
0
0
6
7
1.31
4.6
0
0
0
16.66
0.06
1.47
0.2
0.43
12.13
15.38
2.9
7.72
4.48
1.91
23.5
0
0.39
4.08
7.06
7.2
2.2
6.1
1.1
23.1
9.7
2.2
0
0.2
24.2
4.32
2.88
0.2
0
5
36.6
1.3
0
0.76
0
4.58
12.24
35
4.08
0.2
0.4
0
1.8
5.43
4.3
1.1
9.22
4.7
4.6
1.5
6.72
6.76
0
12.6
0
0
3.15
7.08
5.4
0
6.76
14.59
3.49
8.1
0.5
2.9
3.3
7.2
0
4.08
1.84
9.67
2.52
8.7
8.8
3.48
3.56
0.2
0
1.8
1.15
1.8
2.5
1.96
6.9
8.32
1.58
21
17.8
2.36
3.57
4.89
1.6
1.92
0
0
0.24
0
1.3
18.1
7.44
4.4
2.9
1.45
9.42
14.75
14.88
16.14
4.1
1.87
4.4
0.65
5
1.5
1.8
3.36
0.3
2.64
6.12
2.43
2.4
0
20.16
0
6.12
0.24
2.08
22.57
2.59
4.7
10.1
1.8
14.05
3.09
1.1
0.3
0.4
0
14.58
3.52
0
0
1.74
0
1.46
13.49
8.4
1.72
10.5
8.01
6.2
7.5
3.34
4.61
6.55
0.5
0.5
0
0.42
9.48
2.08
2.22
0
3.84
4.53
1.15
12.7
0.3
7.69
7.7
0.1
8.75
0
0
6.8
4.4
5.64
1.46
6.6
5.76
13.9
3.9
1.8
1.25
4.22
1.2
2
0
0
0
3.35
25.08
1.9
0
20.9
15.2
3.36
5.3
6.72
22.82
0.48
6.95
0.96
1.91
6.5
0
0.19
19.2
9.5
5.3
3.6
8.39
2.5
6
5.28
0.5
4.59
0.99
1.57
16.9
17.4
0
0
0
5
0
2.64
3.6
2.62
19.43
7.38
8.6
6.24
6.6
0.92
0.99
22.6
11.99
4.77
0
3.14
4.53
-1.3
0.6
2.3
4.08
4.8
1.9
0
11.04
2.6
17.1
4.2
7.1
0
2.83
1.45
4.7
0
1.4
-0.08
2.27
5.28
0.67
1.17
31.1
8.28
6.4
5.1
0.4
9.08
7.6
20.76
0
3.91
26
10.6
8.3
4.6
11.5
5.4
7.5
5.32
0
14.5
1
8.35
8.2
0.6
7.3
8.3
14.09
31.93
3.19
2.65
3.25
9.27
2.3
0
0
23.44
2.64
0.53
9.6
0
5.05
25.32
0
2.9
0
9.3
5.42
2.07
0
0.1
0.5
3.9
15.03
20.8
0.9
23.6
0.8
4.1
0.2
0
0
11.5
29.7
4.33
2.12
2.28
0
0
0
0
0
20.77
4.18
4.88
0
3.36
-0.17
0
6
-0.12
0
4.68
3.74
0.72
0.8
1.8
0
19.19
3.23
0
1.92
0
3.73
0.7
17.8
0.75
8.52
4.1
17.02
0
1.1
15.69
5.2
25.02
2.79
1.85
1.62
0
0
11.8
30.94
0
10.9
5.97
0
13.68
6.36
3.84
5.49
6.85
2.35
8.4
20.5
13.08
9.8
0
2.28
8.1
6.8
2.19
1.7
6.88
6.12
7.5
0
4.4
1.56
3.23
0
0
1.4
8.15
1.8
3.48
0
8.03
4.5
2.4
9.24
2.8
1.68
1.48
5.48
0
0.42
4.2
11.87
7.17
3.47
0
10.1
-0.03
4.1
0
7.8
0
0
19.79
2.64
10.48
32.54
0.3
7.8
7.28
0.24
0.35
10.78
1.8
2.1
34.85
5.37
0.84
18.6
1.9
5.66
5.22
0
0
6.12
16.7
16.55
1.5
5.39
0.58
0
5.05
6.17
0.3
7.88
0.16
0
7.1
3.3
7.26
2.6
5.4
1.3
6.3
6
0
0
12.1
5.28
13.8
8.5
16.3
11.6
2.08
0
7.32
15.48
0
0
0.96
10.44
2.77
6.96
0.8
0.88
1.56
8.1
0.48
0
30.72
6.59
21.13
2.95
2.88
4.1
0.59
2.1
4.4
0
9.55
-0.08
0
0
5.01
0
2
17.6
0.8
-0.3
17.5
6.6
4.5
0.9
10.86
0
5.03
1.32
1.3
40.71
0.7
18.95
0
0
0
6
0.8
9.59
1.84
0
0
2.69
6.59
7.51
3.08
0.5
0.8
10.5
4.2
3.5
9.76
16.3
0
3.9
5.4
11.4
14.87
2.36
2.04
25.8
14.16
3.91
0
2.76
2.4
1.87
0
0.11
6.87
18.98
4.34
1.29
8.2
11.77
2.19
2.2
2.11
0
0
0
9.28
6.6
1.7
28.68
1.05
1.1
0.96
14
9.96
6.72
0
5.76
0
2.2
11.28
0
1.08
4.9
4.2
5.37
10.6
1.19
6.83
0
4.5
3.47
0
8.04
11.14
1.16
0
2.13
0
3.27
0
16.4
7.7
6.7
17.54
0
1.12
0.24
0
1.65
0.9
15.1
4.1
-0.36
0
6.6
8.4
8.86
19.2
23.4
0.02
0
1.1
5.3
4.46
0.9
1.8
20.16
9.3
9.85
1.2
0
1.36
4.6
0.24
8.6
1.9
14.82
1.96
38.1
4.1
3.4
5.88
9.49
4.6
16.08
4.7
1.28
19.1
4.52
4.8
21.3
1.39
5.17
4.5
7.5
0.99
4.46
2.21
1.6
38.75
2.2
3.36
10.2
0
30.23
0.06
0
13.16
10.8
0
2.31
10.1
13.96
0.66
12.1
2.4
1.52
1.4
10.8
14.8
0
2.3
2.36
6.15
1.3
0
9.6
0
4.2
10.07
3.8
11.5
0.97
5.28
4.93
14.02
0
0
0
4.1
0.48
15
2.42
10.48
0
13.29
10.1
4.6
3.1
3.2
8.7
5
21.1
7.7
0
1.4
13.84
9.54
2.76
0.9
26.3
6.37
7
7.2
1.88
11.02
12
3.35
11.04
10.71
6.2
6.72
1.2
6.43
5.28
0.38
16.5
6.6
2.24
0.8
16.24
0
10.68
22.25
10.72
4.9
0
0
5.4
16.44
0
6.17
5.26
2.57
7.26
0
14.52
11.4
0
10.5
1.4
8.9
2.1
12.24
3.84
0
0.5
0.5
7.34
1.4
6
0.71
2.55
0.7
2.31
0.1
9.35
15.5
4.44
1.52
2.3
12.95
0
2.36
0.2
4.4
1.2
4.32
0
10.08
0
0
1.7
1.72
7.94
-0.12
7
1.6
1.44
24.1
0.1
2.79
1.19
1.92
26.4
2.76
5.2
2.51
5.6
0.48
0.24
5.11
11.4
0.3
-0.37
0
0
9.7
12.14
10.75
0
9.4
1.7
0.5
2.36
8.7
1
7.56
2.28
3.12
0
4.7
9.12
8.44
9.97
1
0
4.44
13
0.5
3.7
9.8
7.07
1.5
8.64
18
1.44
0.1
5.1
9.48
4.41
15.8
6.96
0
4.7
1.35
9.9
0
1.92
13.7
5.05
2.44
7.13
2.42
3.8
8.28
0.12
0.95
0.84
13.86
13.68
0.24
0.6
0
10.1
4.32
0
15.42
1.5
0
9.48
1.1
0
9.61
3.18
27.35
10.77
0.5
5.25
0
2.76
2.13
0.8
0
0
0
17.79
21
4.57
0.72
20.44
0.5
1.8
9.51
18.72
0
1.47
15.59
0
9.22
29
0.04
2.64
4.48
7.2
7.3
37.39
11.2
2.4
9.5
2.9
6.24
8.76
1.92
2.04
0.36
18.84
1.8
11.04
2.29
1.32
8.8
3.7
3.85
0
1.94
2.18
1.36
0
0
1.85
2.2
9.01
8.9
7.7
13.92
0.84
5.72
1
3.02
0.51
-0.05
10.68
4.26
2.72
1.31
2.98
1.32
0.8
0
2
4.84
0
2.9
0
2.03
2.32
0
14.01
0
2.8
2.52
10.1
5.44
7.25
11.16
10.17
7.8
10.7
4.1
2.1
5.76
0
0.47
0
1.36
0
0
4.7
0
0
2.5
1.9
1.92
25.68
0
3.4
0.6
16.08
5.6
11.04
40.35
1.32
0.5
2
6.72
1.36
1.85
0.35
0
8.9
13.2
0
1.3
1.2
11.46
-0.48
0
0.36
19.02
16.49
4.2
1.56
0.8
3.77
14.04
8.43
1.8
0
18.61
15.21
8.63
0
1.92
0.24
1.08
16.06
2.8
1.7
0.1
1.8
12
39.96
10.82
