-0.10404844
-0.02345969
-1.0796741
-0.033723892
0.9135034
0.819704
1.9613743
-1.2729277
-1.5547565
0.31317333
0.067026829
-0.73187139
-0.36086585
0.35909367
3.8526002
0.6233454
-0.92245647
0.72965206
1.0580509
0.27673479
0.38878557
0.64511846
-1.2547086
0.10218498
-1.0584963
-0.046759918
-0.52600949
0.82871757
-1.3671447
-0.42437011
-1.5511907
-0.91607037
-0.40013854
-0.50520989
-0.24789386
-0.13080177
-0.33467818
-0.014391628
-0.92006214
-0.30933332
-0.032342159
-0.41341104
0.27165109
1.2537229
-0.37785949
-1.280483
0.97981496
-0.12679
0.8278833
1.245264
-1.2044398
-0.016890003
0.34165986
0.77637478
-1.413481
0.52470026
-0.40443378
-0.58153612
-1.4932664
-0.39394828
0.38952104
-1.1496896
1.1050394
0.67978952
-1.0625502
0.091177419
-1.2412549
-1.0365335
-0.24404021
-0.36059637
-0.77505372
-0.16950171
0.058788297
-0.93878097
0.61863833
-1.0550275
1.5612772
-0.96295805
1.945011
-0.12228281
-0.62429943
0.73508491
-0.76893381
-1.1535658
1.0754956
-0.0051004158
-1.0851864
-0.85408993
0.53353585
-1.1665105
-0.040625267
-0.28182564
-0.13027426
0.66735524
0.25815072
-0.69632418
-0.71163364
0.24936162
-0.38258374
1.4511381
0.16266993
-0.77798317
-0.90763863
0.39596051
-1.3697319
1.4851197
1.1591629
1.3944293
-1.0309977
-0.81261031
-0.085848488
-1.0108076
0.56517789
2.9472554
-0.64681491
0.0068388221
-0.78731886
2.1298873
-0.88202629
0.61007427
0.032618795
0.64109199
0.49006829
0.031526513
0.67933088
0.33202576
-0.51995994
0.029039923
2.2533845
-0.12581235
0.4999752
-0.24777037
1.7417474
-0.87334427
-0.15065855
-0.39124483
0.020792533
0.17655797
2.5784267
-0.075531827
0.10077396
-0.75357425
-0.20847117
-0.43384662
-1.549112
-0.37198765
-0.67981996
1.5611667
-0.46105422
0.97460845
-0.30936031
1.4275482
-0.67311926
0.72805552
1.2790821
0.4197637
-1.2184971
-0.31700418
-0.065972666
-0.70150101
0.1722058
2.8146049
0.76699965
-0.5760926
-0.76758072
-1.0822099
-0.67405858
-0.84802642
0.70735848
-0.16987859
1.0346944
0.27623628
-1.4158012
-0.86203957
0.83880947
-0.76174779
0.63168114
-0.50220189
-0.23856019
-0.54791488
-0.15568735
0.098018859
-0.71293371
-0.61171085
-0.27891257
0.58878172
1.3680803
-0.38583089
-0.43253862
0.28712047
0.81248891
0.091263276
-1.1680174
-0.10756596
0.20312677
2.8409767
-0.68716025
1.2283089
2.8682852
-1.3627897
-0.50455465
-0.44397717
-0.40578395
-0.96157199
0.46633876
-0.016959882
-0.37459627
-0.79292573
0.025258241
0.56278897
-0.13218349
-0.25937082
0.79766683
0.90918095
-0.0046330202
-0.99404087
-0.38856594
-1.2831293
-1.0672338
0.37798944
-0.91914977
-1.3700179
-0.31475715
-0.70091621
0.5052053
0.064603249
1.4421758
0.18827499
0.92177809
-0.53841417
-0.87452322
2.3152854
-1.2236266
-0.78070348
3.1405524
3.549984
0.70463912
0.49384745
-0.68791722
-0.38996193
-1.1129538
-0.23741664
0.30273607
-0.39520692
-0.24736093
-0.90103491
-1.5981343
2.7762796
-1.482903
-0.59271307
-0.5861511
1.5885602
-0.77993252
-0.16730153
0.37679629
-0.19690487
1.3920517
-0.42740385
-0.64716722
-0.12556563
-1.1313428
-0.15009576
1.4181111
1.4320873
1.198103
-1.3787871
-0.78323078
-0.43444071
1.2265366
-0.97604919
-1.3106473
0.51180205
0.56269069
1.2160526
-1.3178748
-1.2283422
1.334875
-1.0318442
0.038046992
0.46699999
2.832395
-0.4900589
-0.58043935
-0.1321139
2.6465829
-0.4442357
-0.10879342
0.30710629
-0.25486569
-0.20558726
1.7681385
-0.37851131
-0.0092208827
2.0874435
-0.207297
-0.066043091
-0.36210943
-0.3931157
0.63237671
1.0989123
1.2771647
0.9966907
-0.89061008
0.9211243
-0.71007973
1.4272324
-0.1782234
0.074171683
-1.1203216
0.083566482
-0.79652108
-1.2534131
-0.12345158
-1.3417758
2.0506386
0.38168255
-1.1624587
-0.90880293
-0.67585168
-1.1199401
1.3113353
3.5881385
0.22668957
-0.88657298
-0.84205177
-0.096306739
-0.78938873
-0.019207135
-1.4412835
-1.0868714
0.39229509
-0.87933352
-0.81281932
-0.3172704
2.6414872
0.48255069
1.1104858
-1.3578125
-0.88004566
0.59398294
0.051139062
-0.11452992
-0.80046618
0.96046364
0.93458134
0.15992192
0.65497368
-0.40805698
0.81648791
-0.57240501
-0.71004255
-0.73630285
1.4970713
-0.65629732
0.33788043
-0.30321949
-0.0024023107
-0.83352533
-1.2503764
-1.1237359
0.2085459
0.66977878
0.38905518
0.02528945
-0.08552919
-0.74242803
-0.75777007
0.36725211
-0.13524373
-0.33118837
0.39242792
-1.4134583
-0.34225998
1.1495149
-0.60453252
-0.35251646
1.7443005
0.53061343
0.97414171
0.43798428
-1.1186887
-0.13433139
2.1093124
-0.76695493
-0.70807073
1.8937699
-0.82860604
-1.3269348
-0.71460531
-0.28704514
0.41145866
-0.61086702
-0.3801626
0.13466306
1.0490074
-0.41527687
-0.64761322
-0.16123314
-0.60732497
-0.47966398
0.35480814
-0.15723429
1.1792316
-0.63444196
0.89062509
-0.41438466
0.36247064
-0.1708984
-0.73707814
0.49930973
0.069425223
-0.97312862
-0.16511689
0.94288151
-1.1217039
-0.72002148
-0.74033972
-0.057049766
0.7910889
-1.3137086
0.0094975417
-0.12503656
2.6383153
0.52356956
-0.50863806
1.0035256
2.087167
-0.42019041
1.1220326
1.0056735
0.034806396
-0.88208185
0.93561316
0.04968626
2.0363107
0.18897295
-0.43278436
-1.1025261
-1.1006932
-0.88714384
0.77062583
0.23696926
-0.73355522
0.40706965
-0.13174452
0.36513688
-0.4630047
-1.0815484
-0.32044349
2.1396819
0.05908691
0.16417603
-0.74518408
0.4544291
-0.58381601
-1.0626113
1.4609151
0.060166234
0.015230988
-0.81812659
-0.63967191
-0.56032496
0.46082967
0.79900354
-1.2944258
-1.137098
-0.18466211
-0.40354083
1.4494479
0.035081725
-0.74004089
0.90115674
-0.2209171
0.6802051
-0.62038613
-0.8985376
0.59286423
-0.24388245
0.41459655
-1.0823877
0.49054441
-0.32351411
1.3553082
0.92863346
-0.41797874
0.13547982
-0.19408012
-0.81014431
-1.3558415
1.0634174
0.94693398
0.34555839
-1.2052519
0.028350889
0.76473977
-0.54567933
-1.4798534
-1.008092
0.3736517
-0.42864481
-1.1721439
0.045882036
0.060645478
-0.3674455
-0.91362439
-0.31492921
-0.61418941
1.3205283
-1.3557818
-0.35791256
0.92208478
0.095169634
-0.59843559
-1.023614
2.1483434
-1.1173608
-1.0427492
-1.2756889
-0.58467359
-0.67108907
0.066575137
-0.39574543
-1.3884104
1.0056165
0.98835466
-0.25956623
-0.2974114
-1.6095481
-0.51946319
-0.69125193
0.0052955521
1.5816864
1.3944281
0.46200068
1.4154974
-0.18155918
-0.98722658
2.4520326
1.8149197
-1.3973643
0.86302935
0.28780445
-0.30884738
-0.17116239
2.0670854
0.82349832
2.2313916
-0.0791375
0.10445791
1.0044571
-0.43042404
-0.23917649
-0.54611364
0.84684634
-0.021707079
0.93815409
0.03688153
0.41862772
-0.11509613
-0.34687953
-1.0461722
1.8358996
-0.63680172
0.93685928
0.4012979
-1.1640996
2.8397808
-0.43192586
0.60565171
0.86112718
-0.22612195
-0.29231139
-0.17907195
1.0344825
0.84752631
-1.0430519
0.9796099
1.3792672
2.2300703
-0.4036138
-1.0968857
-0.79170668
-0.040218549
0.078780428
-0.86200645
1.5275591
-0.83225646
1.1794663
-0.42197779
1.1219428
0.10964991
0.091622693
-0.43256626
-0.17960051
1.4585031
0.12434601
-0.98163322
-0.95238052
-0.093219739
0.67612718
0.53680008
-1.5697746
-1.423201
-0.3348548
-0.043003506
-1.3035186
1.2412614
-1.1133267
-0.33411202
-0.062307045
-0.34158872
0.80513291
-0.026144775
1.6959566
-0.68213587
0.79320036
-0.57977542
0.0068764339
-1.1802151
-0.90646794
1.6787538
1.4762521
-0.62958314
-1.6670888
-1.0780267
-0.49333083
1.1076191
-0.24969413
-0.28173745
-0.73453052
0.17458669
1.7278968
0.55821639
2.8563327
0.74302681
-1.1434216
-0.44517316
-0.60028735
-0.30902743
-0.47717885
-0.02634201
0.67795174
1.6390045
-0.36914654
-0.056900488
-0.44994923
-0.03785419
-0.59357313
0.51265047
-0.32134708
0.25658565
0.014880935
-0.2084628
-0.80896084
-0.65338009
-0.84044746
-1.1364543
-0.017179965
2.6802357
0.41765206
0.24890569
0.036795046
-0.09467562
-1.1049377
0.0099258129
-0.7134747
-0.044234555
-0.31507835
-1.0749203
-0.60464729
0.20536479
0.30535137
0.57534049
-0.58304344
-0.49074706
-0.74647697
-0.2941621
0.67956121
0.83594156
1.2255061
1.4339498
0.77377348
-0.99242695
-0.63729461
-0.33620365
-0.78240389
-0.33091067
-0.41690028
0.99441527
0.85830707
-1.2195233
1.6516422
-1.1200112
2.9944738
0.9523928
-0.49987349
-0.47936608
0.89018199
-0.44124932
-1.0441325
0.70308992
0.45070907
0.14446242
4.1395666
-0.89422057
0.80467961
0.91992909
0.03099314
0.21441728
-0.99891438
0.15376393
-0.36697727
-1.1564115
-0.29109701
-0.78917408
-0.43220569
0.86673724
-0.83872538
0.18253342
-1.0782877
-1.0675659
-0.68586016
-1.4934291
1.492363
-1.0697943
-1.0203065
-0.24908799
-0.81021777
-0.23631995
-0.43064711
0.44871471
1.058029
0.38000644
-0.36893555
-1.2592831
-0.2170574
0.60259709
-1.0681393
0.95401645
-0.58478764
-0.97332592
-1.6022597
2.6367829
0.14107374
0.68333926
0.022229953
-1.1619192
-0.56190979
0.69208401
-1.2120809
0.73823987
-0.4111695
-0.93306689
-0.11186617
-0.77615062
2.3017128
1.0631609
1.70456
-0.82761178
0.41701699
-0.90241186
-1.5090368
-0.25012081
-1.6823046
-1.1503262
0.1067853
0.013383426
1.1274266
-0.45833972
-0.35120791
-0.20968785
1.7367367
0.42174295
0.22564693
-0.99687652
-0.67907999
-0.11441617
-1.093126
-1.0520926
-0.23543067
0.43693452
-0.1026689
0.46475271
-0.23596493
-0.33344488
0.042457884
-1.0599734
-0.20803047
0.93644966
-0.51073695
-0.35507849
1.2492311
-0.95963505
-0.92725017
0.58872946
0.64745459
0.69197295
0.60570949
2.299206
-0.94092196
-0.94327831
-1.3153575
-0.58436154
0.48702635
2.0310414
2.1303385
1.4278336
-0.50759066
0.1707354
1.6176768
-0.17256666
-0.53505781
0.25634562
-1.176214
3.9608024
6.0847921
1.2234092
0.70372547
1.9055207
1.7020483
0.43403939
0.75814247
1.0371255
-0.83629782
-0.7530094
0.11476955
-0.62701929
-0.79071244
2.0472652
-0.87743625
-0.12774555
2.694256
0.89122492
-0.12838339
0.71652393
-0.75635909
-0.56838716
0.14349093
-0.29247142
-1.2850244
0.47598261
0.22749326
0.83703791
0.29673751
0.10731856
0.36546638
1.2448545
-1.0473034
0.93273334
-0.52408729
-1.1689312
-0.55834447
2.6572886
0.90200823
1.8842871
0.54126367
0.62599055
-0.88023195
1.5949109
-0.40869517
2.2017962
1.1412188
0.54531066
0.43382685
-0.7483938
-1.3076715
-0.97219857
1.0622567
1.2647343
0.14429464
0.030121011
0.50613417
-0.30688839
-1.5238246
-0.30927926
-0.49374723
1.9394514
-0.32296686
0.36762442
-0.1020075
-0.091773485
0.4446674
1.1498575
0.77095842
-0.82650375
0.71756627
-0.57706325
0.22930472
0.56939861
1.7238743
-1.4951754
2.0562707
-1.23411
0.17582795
0.39176113
0.45672954
1.1592033
-1.1005064
0.61545779
-0.29749612
-0.35854881
0.52781203
-0.79099633
-0.72896346
-0.98978162
0.40849818
0.71344396
-0.27197063
-0.83733108
-0.035527355
-0.033249496
-0.71396947
0.21790305
-0.70156439
-0.04990505
-0.92411887
0.98893891
-1.476229
0.21849807
0.81971366
-0.4739585
0.45635845
1.647141
0.3993802
-0.57802909
-1.3050823
1.9977054
-0.023752838
0.52181261
-1.0257563
0.24009936
0.041121087
0.04416641
0.30557223
1.3700874
-0.38667168
-0.33600239
-0.85356079
-0.24851996
3.7341413
0.52089865
0.76137059
-0.10362921
0.14650836
0.56298038
1.3682432
0.74451646
-0.076263416
-1.1307335
-1.3973447
0.0031601131
0.45712969
-1.0315304
2.3365954
0.15979073
0.91205752
3.6079633
-0.20269217
1.4594429
-0.80340513
0.4175334
-0.64614901
0.14272646
1.2865463
0.24616073
-0.27320755
0.54031479
1.1681401
-0.2837616
1.2221818
-0.24779417
0.72976038
-0.3153568
3.6217176
-0.99237543
-0.24287494
0.14084102
-0.1806587
0.48215506
2.2770606
0.022651485
1.5236004
-0.24011992
-1.0215886
-0.12854003
-1.039743
0.050759398
-0.94028815
-1.4264959
-1.1786382
-0.37946214
-1.3353615
2.796918
-0.091753644
0.30437877
-0.71950466
1.4268105
0.13293061
1.7567295
0.42817071
0.62404889
1.4082558
-1.4157964
1.0064643
1.5522748
-0.83132037
-0.76909548
0.098472806
-0.63644412
-1.4563513
-0.028465706
-0.16366893
-0.27556906
-0.40350734
0.42131892
0.61698932
2.6031762
-0.32920668
2.9448298
-0.17352558
-0.044796892
-0.61614613
0.11462036
-0.46804493
1.717474
-0.15761131
0.58577234
0.95524627
1.3482287
1.6775664
-0.67259991
-0.43885719
0.076993778
0.34978938
3.0648523
-0.58212446
-0.74779644
0.0088265116
1.578293
-0.17916958
-0.49347997
-0.56498443
0.60000461
-0.34432944
-0.03112271
0.4319125
0.42625311
0.22631609
1.0125405
-0.12903726
-0.26396505
1.5973407
-0.86231451
3.9325973
3.4956085
-0.60839343
-0.76036589
1.8755735
-0.11615582
0.32603667
-1.2923453
1.3773936
0.18646867
-0.27569609
-0.32470218
0.14586707
0.66321111
-0.45685272
0.46756719
1.5907117
-0.39972515
-0.25585383
0.57274587
-0.2737083
-0.077303761
-0.27602597
0.87685115
0.20540603
2.0028523
-0.74280604
-0.40727694
1.2476548
2.3220658
-0.34376977
-1.0817283
0.35867651
-1.4727652
0.32234298
1.9046767
0.44292228
0.19559976
-0.70806494
-0.32090084
0.91082318
0.38446839
-0.069311965
-1.1848392
-0.70019656
-0.049965355
-0.76457736
-0.51428491
-0.35714321
-0.13768046
-0.74913587
-0.7183237
-0.065967521
-0.48490176
-0.69213972
-1.3640646
-0.88738038
-0.70565994
-0.12479699
-0.61932035
0.68283455
-1.1574198
-0.2659878
0.65411226
0.59160724
-1.1503676
-0.89917475
0.38936863
1.2668218
1.0440897
0.77860975
0.024232094
-0.52792976
0.23906641
-0.91870712
-1.6728564
1.6449614
-0.54396622
-0.048432075
-1.3578815
0.75845365
0.182884
-0.018103586
0.11272311
-0.17768068
-0.26757536
1.1068511
-0.44863924
-0.39565661
-0.51642269
0.8790353
-0.15196115
1.4661168
-0.43996135
0.44904974
0.24647631
-0.51082539
-1.2822536
-0.55374331
-0.64066926
-0.71222983
-1.3252771
1.800511
0.14172939
-0.37973725
-0.27153255
0.31372223
0.10699404
0.4780291
-0.65581872
1.4006188
-0.43121347
-0.084290041
-0.40920472
-0.36182486
-0.31307579
-0.33556774
-0.35102077
0.015650611
-0.94430259
-0.22470627
-0.56248795
0.44897002
0.71655656
-0.70560535
0.50052173
1.3384412
-0.44144897
-0.083166398
-0.44056336
-0.066993709
-1.5634595
0.67701903
-0.19594556
0.35839591
0.49544819
-1.02854
0.44083296
-0.66388926
-0.6348596
-0.56977764
-0.71890569
0.69781824
1.0454884
-0.28465786
-0.079874252
-0.99977831
0.47158217
1.2450639
2.6944719
-0.95535467
0.15678183
3.0951897
-1.3004567
1.4403356
0.35013054
-0.097906005
-0.61100601
0.66446143
0.78037601
-1.3616869
0.81937591
-0.81452693
-0.56478759
-0.81953375
-0.71443419
2.2534186
-0.14058705
-1.2622904
0.5282778
-1.3593282
-0.50510286
0.54410339
-0.70266165
-0.68327052
-1.4206021
-0.57024537
-0.11642261
0.1481844
-1.4590404
-1.2405301
-0.15476642
-0.28503997
-1.3202615
0.45483721
0.099981308
0.65339862
1.2918507
1.1451545
2.6570356
0.0042366163
1.0804595
-1.2573241
-0.046554988
1.1259396
-1.0542625
0.34438963
0.80381762
-0.55409189
0.89684148
-0.047835431
-0.57487216
-0.73706829
-1.6053683
-0.49275584
0.028542511
-0.7764128
-0.21085048
-0.17205563
0.42616323
-0.92716811
0.68016785
0.5334506
-0.25357394
0.8079946
-0.57711079
-1.0281397
2.1645339
3.5586992
-0.96904802
0.33235872
0.35168497
0.57635236
0.13595386
0.0042378017
0.85486364
0.3977475
1.1814097
0.20209509
1.2543648
1.6963883
-0.3940187
-0.48685466
-0.56405045
-0.14986285
-0.60950132
2.140757
-0.88779538
1.1957947
-1.2617117
-0.93325228
-0.12338316
0.88982512
0.23507757
0.19551427
0.8667484
-0.23059764
0.19381126
-0.49704473
0.29585624
0.66949891
-0.42158941
0.21615468
-0.53280182
-0.46052679
1.1653388
-0.96440014
-1.0459841
-1.0532127
2.1454155
-1.5771882
-0.94802753
0.31410546
-0.53881481
-0.076293567
-0.89051652
0.52286788
1.5821032
0.084569092
0.57138949
0.99843569
-0.67769661
-0.2411288
0.36931584
1.5661347
0.072478501
-0.13181292
-1.1861666
5.3004175
-0.20602756
-0.56924877
-0.041969896
0.35638116
-0.2775526
-1.1068873
-0.056673301
-1.2158167
0.14136335
-0.0033261778
2.5553632
-0.52011875
0.6172471
-0.15663623
-0.40856849
-1.0999384
-0.19212781
0.070062935
1.9211912
-0.52945221
-1.3679742
-0.021197782
1.3545965
-0.075876112
-0.96559007
-0.26301255
-1.3988212
1.0109012
2.3449591
1.520024
0.22499245
-1.1220972
0.71401882
1.0401977
-0.3748014
1.0718944
0.075103835
-1.1191337
-0.86941849
-0.18710941
-0.31077061
0.40689765
1.2966451
-0.067949251
-0.43269321
-0.41349176
0.75479431
0.33529632
1.7657163
2.1163754
0.6091272
1.6588583
0.39758304
0.42697975
1.1031361
0.23658346
-0.82595561
-0.88961621
0.57961737
0.018506416
-0.33014433
0.92160316
-0.37899592
0.16785098
-0.4074947
-0.21392715
-0.60773604
-0.59713203
0.27574932
-0.29906435
-0.030680328
0.26702382
0.61978943
-0.32833626
-0.92226086
1.0517236
1.2620573
1.926873
2.7868769
0.2758749
-1.0378266
0.62808166
1.4454007
-0.033053366
-0.77178272
-0.21302263
-0.61026324
-0.42772691
0.44788155
-0.74054853
0.76427578
0.80633828
-0.6363924
-1.0373881
3.8126034
-0.25116311
-0.39975606
1.1292372
-0.15324165
-0.62331167
3.1317853
-0.21239364
-0.2887166
-0.35964993
-0.32008187
0.62428337
0.18067924
-1.0374549
0.31465583
1.0990478
1.9859196
0.1226703
2.7057131
-1.3475998
0.35263228
0.075696855
0.14300258
-1.387685
0.76186182
0.55003066
-0.097393555
1.014742
-0.98098778
1.4166263
-0.23321462
-0.4087762
2.0168413
-0.79653697
-1.4192845
-1.369354
2.1802835
-1.4087565
0.27058697
-0.76048749
0.71574994
0.75490401
-1.4233039
0.22476096
0.78139878
-1.1452263
0.94003359
1.6250787
-1.219051
-0.37795728
-0.56886068
-0.88014042
1.1709954
-1.0214819
0.89806511
0.80228266
-0.28568297
0.049647908
-1.1555995
-0.41121635
1.0321344
-0.29555925
0.19721948
0.098681328
-0.65576332
0.3678734
0.09606978
2.4058846
0.50789895
-0.91304834
-0.25617503
-0.77648498
0.98191902
-0.75276446
0.35028577
-0.52910802
0.30595316
1.8946994
-0.35090468
2.3710197
0.061351707
0.69443619
-0.70345962
-0.89411654
0.266322
0.4121919
2.1307559
-1.1096293
-0.028656558
-1.1054579
0.40688321
-0.66268719
-1.5236878
1.6116058
1.0496892
0.66709496
0.86466081
-0.58359817
1.8430314
-0.27611797
-0.65964311
-0.83242516
-0.034448565
-1.0708779
0.49049871
-0.56776217
0.090446037
-1.4360145
0.054585633
0.090566937
-0.070814219
-0.70312985
-1.2739193
-0.02396799
0.99426051
0.015298453
-0.89748459
-0.65256017
1.2408826
0.17987163
2.4203925
-0.16413021
-0.60742152
-0.60931242
0.75482491
0.5266303
-0.46234294
-1.0819212
-0.24156006
-1.1942282
0.92061203
1.4918423
0.10079368
-0.0041913609
-0.13055521
0.16627121
-0.3856135
0.17421025
-1.1016734
-1.3222442
0.26538041
-0.32507503
-0.77578492
2.3582704
-0.10455658
2.6586446
3.1329535
0.86253896
0.021674093
-0.87548339
-0.76809009
0.539555
-0.33949931
0.43622009
0.20587041
-1.0376064
-0.62853945
1.5094479
0.38144367
-0.97522849
-1.0030661
-1.221692
0.67972335
-0.7561742
1.8353824
2.5650287
0.075047951
-1.1144928
0.61786002
1.6626038
0.29924455
-0.0043057748
-0.084017849
-0.69697474
-0.11868175
0.062028926
0.82136676
1.0118786
-0.052739474
0.19214683
0.98804069
-0.68388182
1.8363459
2.3338838
-0.31644881
-0.77685777
-0.17277998
-0.7738162
0.24644191
-1.0430873
-0.86893754
0.6032431
1.8245693
-1.0928719
-0.70241335
1.5994551
-0.68097913
-0.28797471
-0.33984386
-1.4709335
0.66474651
-0.81553987
-0.98435589
5.2416092
1.7217128
-1.1596076
-0.55122219
-1.4189793
0.25834888
-0.25953631
0.22092239
0.068399223
-0.53122643
-0.35812119
-1.3530597
-1.3243985
1.9606763
0.97614954
0.27518276
1.1291656
1.3472064
0.29305104
-0.11848516
-0.32915961
-0.036663072
-1.2091967
1.4952374
0.092372279
0.35020462
1.4374322
0.37772289
0.48879869
1.3556982
1.0174995
-0.081430128
-0.79652015
1.0381263
0.54545745
0.89364534
0.093038746
-0.39500508
0.15753373
-0.071994087
-0.41256062
1.5665161
0.94211436
3.1217986
1.5971596
-0.76554364
-0.33917216
-0.69136813
-0.72572685
-0.84013147
-0.088461164
0.35097245
0.69918197
-0.71912709
-0.53945169
-0.19556275
0.36461524
2.1942133
-0.65155047
1.4415322
-1.5015263
-0.31486106
-0.48952194
-0.91556494
-0.14802804
1.8868058
0.022883188
0.21095035
-0.90890195
3.8068149
-1.3228617
0.70981009
0.31798233
-0.67207421
2.1776195
0.44155897
0.27474186
0.062817555
-0.075562641
-0.71950675
-1.3270506
-1.0911763
0.98597694
-0.55263604
0.34670743
-1.0820075
1.1714277
-0.78240198
-0.45777265
-0.078739802
0.31941733
-0.73389888
0.3312715
-0.59929966
0.12952934
-0.040483564
-1.1942749
-0.81361161
0.31220939
-0.85275386
0.61770952
-1.1324064
-0.39221048
-0.47626258
0.37262144
4.6952564
0.42031797
-0.44160641
-1.3438284
-0.71371558
1.5250586
-1.1842087
0.062302409
0.52283158
-0.78777539
0.59344468
-1.0874542
-0.9962295
1.6261032
0.033847414
0.58544696
0.077225593
-1.2754365
1.4869287
-0.24185223
0.69164752
1.1631809
-0.96679391
0.41015881
-0.98434457
0.084991286
1.0366405
0.59108918
-1.075312
1.3589607
-0.95625832
-0.62900163
1.4393404
-0.77063437
2.0002568
-0.63668797
1.4868455
-0.92502553
-0.63140027
0.34989328
0.76763602
-0.93855067
-0.25948842
-1.2380881
0.38893781
-0.76955402
-0.03037156
0.43792517
-0.8772029
-1.0472728
-0.82206124
-0.98502599
0.013945547
2.3587893
-0.79039829
-0.44942485
-0.70302936
-0.071470862
-1.2529294
-0.49318125
0.41492437
-0.91351596
1.1419535
-0.2778111
0.28457434
1.4061019
-0.55395116
-0.69787775
-0.038090561
-0.30241644
-0.38932101
0.27939047
-1.4741464
0.029724907
0.64654274
1.5097778
-0.3241184
0.24628101
0.44067729
-0.46333572
0.10741591
1.5756902
1.1115493
-1.5223653
-0.62152358
0.035030582
-0.38491801
1.0710861
0.20985836
-1.196326
0.85504147
0.10806241
-1.2082104
-0.70568478
-0.72690489
0.038784481
-0.087922703
-0.84950115
-0.86453797
1.2186017
0.56285211
1.1168671
-0.12676944
-0.27476449
5.5430028
0.50658737
2.2693281
-0.15867587
0.49803163
0.96996223
5.9083444
-1.1469634
1.2122519
-0.37720189
-1.3329788
-0.078839765
1.1030466
-0.52512437
0.70757851
-0.33797411
-1.3534483
0.7296676
-1.3510519
-0.35825057
-0.76686771
-1.2719718
-0.89212624
2.5330923
2.1343675
-0.57564155
-0.90676457
0.97139348
-0.28508414
-1.211379
-0.79041708
0.6576014
-0.26444332
-1.4274734
-0.40648644
-0.56301154
2.221339
-0.35209908
-1.2458285
-0.66423705
-0.17543922
-0.32507046
-0.16215728
-0.76960776
0.35038317
0.85154197
-0.84701247
-1.3507743
0.53812536
-1.2170029
-0.055620812
0.41303474
-0.27059536
-1.1396404
1.8608586
-0.83587186
0.24099287
3.220427
0.51321182
-0.24791635
-0.37558845
-0.67317026
0.46701067
0.25102093
0.8869294
-0.93268537
2.1992899
0.035125686
-0.27569879
-0.88506178
2.048087
0.52428744
0.52964485
-0.61605383
0.52216252
0.084469609
-0.28322014
-1.5454165
-1.0014503
1.3709855
-0.016589408
0.86743324
-1.2191759
-0.39703739
0.44568749
0.49260087
-1.0318918
0.4369226
-0.15162028
2.8810702
-0.86719051
0.077798501
-0.080112161
-0.45701882
1.1022166
0.2685892
0.14147006
0.1937745
-0.52945411
-1.0719669
-0.50732307
2.8971948
-0.89258909
-0.84365461
-0.97984408
0.53327878
-0.56387624
-0.72952191
0.17703984
-0.33425217
-0.0035280058
-0.7317349
-0.93220114
-0.052330466
1.6182401
0.94600125
0.76796672
0.95623343
0.05313308
1.4340653
0.18977526
-1.1199745
0.11144232
-0.67508046
-0.78440262
-0.09781175
-0.4579507
-0.78840343
-0.45481505
1.2388764
0.48725036
-1.0542765
0.53086071
-0.045531346
-0.70698954
-0.87264773
-0.045735096
-0.81925378
-0.15154635
-0.88282318
0.52952574
-0.80256379
-0.16765024
-0.88118169
0.74043569
0.037856908
-0.69943963
-1.2715236
0.3969789
-1.2286033
0.33231449
1.9262886
-0.55046552
0.68340635
0.023765841
-0.33881083
1.2073964
1.6031983
-0.18913912
-0.57779952
0.63135738
0.4108691
-1.197053
-0.59600816
-0.25752606
1.8662967
-0.88481601
1.4764648
0.011544185
1.5145849
1.1862437
-0.67517893
-0.84878389
-0.081682836
0.37240102
0.094263098
1.312553
-1.4705154
2.3614024
-0.21921015
2.4142003
-1.0213047
-0.38370913
0.61833598
-0.14227143
1.8455047
-0.60715141
0.7718904
-0.10757457
0.8700167
-1.2398735
0.33803741
0.1476294
-1.4761199
0.53845017
-0.96261069
2.7751614
0.54720774
-0.25601738
-1.0166295
2.2573798
-0.12053448
-0.76263308
-0.35327598
-0.78803727
2.5895364
-1.5942667
-0.59638855
-0.95125942
-0.0032731397
0.93781544
0.35780482
1.3486643
-0.28262871
-0.15694103
0.47327729
1.3052514
-0.6615566
-0.74091196
0.92194098
-1.5383869
-0.40678609
-0.79244325
-0.6992074
0.081179559
-0.73421696
2.2698801
0.15854624
2.3728535
0.98539068
0.1142022
0.81271183
1.0438449
1.1356338
-0.37297368
-1.5162745
0.2704425
-0.41654239
0.43853301
-0.7977519
-0.0071981736
0.82929114
-0.68265654
0.45587529
-1.5372924
3.031565
-0.52682452
-1.2630337
0.52459814
-0.77323319
-0.8472059
-0.2149891
0.95279148
-1.1702996
0.31499421
-0.24047651
-1.2654156
0.26013953
-0.35894831
1.097399
2.834822
-1.2930865
-1.2718605
-0.65952001
-0.96032599
0.010908202
-0.49907159
-0.66305544
0.43268303
-0.89758885
-1.0870663
-0.30255588
-0.33898569
-1.436974
-0.19989238
-0.87464897
-0.24779073
-0.89899623
0.65983173
-0.20353263
1.1636132
-0.95810899
-1.3322267
-0.96909178
-0.21959941
3.1151774
2.1705662
-1.2003106
1.2019668
-0.086460938
-0.13298517
1.3277827
-0.1683694
0.19667382
0.0036932193
1.7930387
2.098065
-0.45562087
-0.75350826
-0.015747451
-0.22770102
-0.2184479
0.11211915
0.59886167
0.34822431
1.3133508
1.8070752
-0.71848775
1.1518975
1.4641245
-0.48307974
1.5935235
0.20382902
3.5020835
-1.4782373
1.1391554
-0.50122666
0.20684974
-0.11716242
-0.27494567
-0.063919123
0.41349406
0.10398146
0.057658668
-1.4711381
1.1600114
3.1943708
0.79635378
-1.0019336
-0.15087326
-0.4576831
-0.34107171
-0.57850755
-0.58855146
1.2773938
1.8334908
-1.1091055
-1.1981402
-0.53632265
-0.23227937
1.0122956
-0.031765506
2.4182746
-0.054744035
-0.51245529
-1.330921
-0.34265894
-1.0497598
0.0645593
0.10022808
-0.87915993
1.0582595
-1.228089
1.1854063
0.16302255
-1.1977493
-0.40240551
5.0849581
-1.4034078
-0.098875242
-1.4617726
0.66956143
-0.037382088
0.017654197
0.79031437
2.2933868
-0.60750759
-1.5632724
2.0833057
-0.27930276
-1.4214209
0.40970775
-0.46151535
0.9977761
-0.74234934
-0.5618239
2.2982133
-0.14829881
0.71788246
2.0725476
-1.4834635
-0.94208078
2.2509702
1.2304242
0.68543583
0.87663737
-0.25572514
-1.2863075
-0.92404274
1.4736409
1.136327
-1.2255892
0.42127789
-0.74951592
-0.41520043
-0.011543043
-1.0522405
0.041491706
-0.68848247
0.43226381
0.88536595
2.6234652
1.616295
-0.37330525
0.7912586
0.64005384
1.4098146
-1.0193934
-0.34471386
0.58949901
-0.4137373
0.96599091
-0.50003918
0.60239829
4.2348645
-1.6301302
0.34676656
0.38602052
-0.89320128
0.062172021
0.69335089
-0.30183414
-0.17882677
-1.0188021
-0.5840419
-1.1038787
0.58405849
-0.0088726317
-1.110397
-0.31561923
0.66299593
-0.85068262
0.4628951
-0.90241234
-0.30538144
0.85282629
0.3188834
0.074489456
-0.39542886
-0.2521756
1.014135
1.3094319
-0.89188237
-0.89417934
0.058284907
-0.4924619
0.041150228
0.72415054
-0.7960122
-0.22087412
0.072156158
-0.30225394
-0.7234584
1.1273449
0.23623896
0.070937788
-0.73846842
-0.13502647
0.0089092697
-0.71552606
-0.42919029
-1.2009227
-0.47273317
1.6611554
-0.78074079
-0.41717422
-1.4864152
-0.33406219
-0.1778291
-0.16194836
-1.0152663
1.8511058
-1.4359151
-0.16582841
-0.46001866
0.43376963
0.50340959
1.5349191
-0.41257849
-0.45880897
-0.21190388
1.5417203
-1.3563143
-0.10734308
0.16655512
-0.68567805
0.16039907
-0.83526029
-0.15231324
-0.54377866
0.6508193
3.9475154
-0.86049414
-1.5094503
0.63546315
-1.137135
0.42377439
-1.2775432
-0.43304595
-1.3413767
0.27766787
-0.86752821
-0.92595502
-0.80009867
-0.83794909
-0.025813437
-0.24947927
-1.2542594
-0.43689696
-0.48494605
-0.69032104
-0.43796843
-1.2433925
-0.72201204
2.2601973
-0.083282973
1.2834453
0.25493963
0.83846416
1.8145768
-1.0140132
-0.72285428
0.15602543
1.0815874
-0.7299438
-0.058041535
-0.48834104
0.58582044
0.15374322
0.7792216
-1.5136888
-0.92520254
-0.099680684
0.63457751
0.76133696
-0.33597135
-0.11364536
-0.78182175
1.181296
1.1491895
-1.1594831
-0.60706066
-0.13558073
0.48012275
-0.43256406
-0.35826332
1.7420333
0.76433461
-0.61077041
1.1501607
-0.059431949
-1.0986855
-0.40396712
0.76899489
-0.27152685
0.068318564
-1.0537063
1.182205
-0.43132849
0.051296365
-0.46411061
-1.4675333
-1.3494621
-0.21586414
-0.50389478
-0.044320795
0.37647475
-0.19425153
-0.38209282
0.54415678
-0.44045815
0.82597817
-0.84371007
-0.18939701
1.2911621
-0.046234131
-0.017568312
0.0088202164
-1.3629418
-0.11588251
1.8681119
-0.9502071
-0.095830932
0.23613329
2.538821
-0.43113154
0.28828171
-0.34636557
0.70376318
0.14652595
1.7579503
0.034244768
0.8118474
-1.3301968
-0.4620387
1.4486638
0.60512485
-0.022660278
-1.227294
-0.55848983
-0.25930705
-1.2450298
-0.89738785
-0.29138324
0.11188624
-0.9720476
-1.040991
0.7879243
1.2303292
1.4313833
-0.080343962
-0.41171397
-1.037311
1.70938
-0.42404604
0.039470876
-0.099822356
-0.33262563
0.064205249
-0.182998
0.2375069
0.44255816
1.1777281
-1.0249967
1.7770555
0.21578688
0.9556295
-0.75935077
1.481155
-1.3277327
0.31594614
-0.617966
0.79086302
1.0633654
0.49633758
0.63456302
0.053022708
-0.80074593
-1.3666643
1.7986195
-0.52194886
0.24183986
-0.16992116
-0.67916623
0.17172748
-0.58002332
-0.30126197
-0.04813858
0.26117622
0.3208219
1.963611
-0.24570428
-1.1653991
-1.0409714
0.88664045
-0.21526671
0.028773163
-1.2291035
0.33084628
-1.4308137
1.1225019
-0.26358062
-0.67752459
-0.057857009
-1.3289202
-0.028622835
0.32448601
0.1914451
-0.87463597
-0.93909888
0.75617244
-0.4365558
-0.72741381
-1.0830546
-0.45241341
0.10382347
-0.5522806
-0.25453288
0.26988474
0.1498843
-1.4207724
-0.21537022
-1.6051446
-0.42062588
1.9303311
1.3227051
-0.56239663
-0.036423763
-0.94982327
-0.14723051
-0.85820422
0.90438541
-0.23034787
-0.72910548
-0.72708482
-0.094346449
-0.20063865
-0.32792373
1.5870275
-0.59254197
-0.96380545
-0.80291536
-0.6971975
2.2805953
-1.2767986
-0.44088138
2.3165517
-0.49387975
1.509674
2.4296453
-1.414617
-0.073417115
0.93553224
0.21579064
-0.18524967
1.2352435
-0.98741822
-0.25788629
0.5446603
-0.23455882
3.292021
1.6267639
-0.27263043
0.67509677
0.45499608
0.74753584
-0.9441035
0.048795286
-1.4481062
-0.14212086
0.30136744
-0.46951683
-0.15301142
-0.76699651
-1.5290842
-0.9019254
1.6742786
-0.28188636
1.0598537
-0.96505339
-0.30398523
-0.75603038
1.5543108
0.33772469
-0.80066833
-0.9525879
-0.25413009
0.51455257
-0.86414989
-0.21884446
0.65086344
1.4465202
-0.1109003
-0.062392666
-0.65191559
0.52385079
-0.196346
0.66491631
-0.64889882
0.57627056
0.11423273
0.80318298
-0.50948816
0.13002504
0.55565663
1.8924545
-1.0688808
-0.12101584
0.87911629
-1.1084552
-0.68326751
1.1594591
0.58771134
0.10989902
0.037102635
1.6453144
-0.72968819
-0.17764455
-0.53712907
3.0395021
-0.33754445
-0.28383165
0.2709834
-0.91517597
1.1582685
-1.1234678
-0.99425788
-0.49901767
1.3702621
-1.5660506
-0.54492977
-0.70080098
0.94966632
1.7756646
-0.70460887
0.71569582
-0.24730893
1.4059637
-0.71264227
1.3982815
1.3124564
-0.5638013
-0.57894459
0.30141491
-0.46553117
-0.66584802
1.1828552
1.3659686
-0.17937238
1.1762326
-0.52236781
-0.45869192
-0.082505173
-0.9593484
-0.44963215
0.65208724
0.44672126
1.1998973
-1.3941961
-1.3063639
-1.3962017
0.6271732
0.38399184
-1.3335277
-0.98128269
0.56869001
-0.97676011
-1.1943127
-0.74546402
-1.3827761
-0.47434358
-0.99985708
0.55097558
0.25273536
-0.48963159
-0.0060144887
0.4471434
0.16190819
-1.0819574
0.67045515
-0.44430987
-0.035129437
-0.86610801
2.9838803
-0.32582107
2.9625067
-1.3412706
0.091129659
0.077914818
1.1606003
1.7739369
2.226594
1.6082154
-0.99925766
-1.2632733
0.63501725
1.4728835
-1.1172785
0.87185114
-1.178252
-1.2231513
-0.42631754
0.52815981
-0.50728978
0.4717372
-0.24946886
0.52066995
0.45079543
-0.71761218
0.11983704
0.84544337
-0.80706872
-1.3994698
0.5271911
-0.34635472
-0.56624392
0.13387297
0.29483125
2.7423388
-0.27160899
-1.2761093
-0.61613893
-0.88290075
0.025392074
0.49258734
0.066236207
-0.60050125
-0.58743833
0.1744542
2.5065237
-0.65054243
0.058257373
-1.3825338
1.5470563
0.17225609
-0.12437009
0.74111577
-0.01564532
0.93258829
-0.95290618
1.6742626
-1.4948151
1.142786
1.6375906
-0.8913821
-0.24997252
-0.32938862
3.2729626
-0.65278504
-0.65163642
-1.2146851
-0.26493353
0.037993467
1.0867147
0.24010719
-1.3534538
-1.2620199
-1.1354827
-1.49032
1.0403191
1.0796429
-0.27981112
-0.3999854
0.29067326
-0.52501372
0.22819308
-1.1492236
0.02398807
-0.84663497
-0.85872193
-0.61090701
1.0406353
0.57048794
-0.5744247
-0.30262859
-0.51133627
-1.0950307
-0.83025153
0.50192225
-0.87680605
-0.58798168
-0.11796659
-0.85181456
-0.48120845
-0.13685034
0.046980828
0.63188469
0.041281925
-0.017023299
1.4090696
1.4955279
-1.1142164
0.11604653
-0.60894663
-0.03150046
0.64150129
1.5696423
0.30097329
-1.1796979
-0.27138233
1.0444677
-0.44255487
-0.79632807
0.49041011
-0.96555097
0.26758219
-0.10812886
-0.93324135
-0.14090536
0.23209398
1.161037
1.6048803
0.46506106
0.2141761
-1.0544654
-0.39842668
-0.45608418
-0.78561889
-0.59118653
0.46060272
-1.3980439
-1.06694
-0.91101824
0.10744744
0.41219919
-0.091086636
-0.46275873
0.011691436
0.85933863
1.3948554
-0.6914275
3.2978016
0.8411071
0.82394848
0.22443201
-0.22468583
-0.93092072
-0.7580141
0.30221325
1.2945541
-0.51152006
0.79948634
-1.1758812
0.16558434
2.5999035
-0.72699379
-0.11183903
-0.41881709
-1.3716016
0.9630656
1.7757716
-0.7519694
-0.56751603
-0.44553141
-0.50597812
-1.2699228
-0.28249957
1.351834
-0.70674602
-0.7885098
-0.91164638
0.37110387
0.26197528
-1.4346569
-1.2744574
-1.4755237
-1.2118945
-1.3472898
-1.279009
-0.058340071
-0.42782502
0.35707521
0.12545179
-1.2358719
-0.67969924
-1.0577378
-1.0537158
-0.77650522
-0.9480898
0.49376979
-0.95942196
-0.74081945
-1.2494056
-0.017956583
0.25260756
-0.58298914
1.0876309
0.19970176
1.2643195
-1.1518853
0.0011569811
0.32458555
0.58685406
-0.22645596
0.96746498
-0.19886876
2.3696509
-0.35967792
2.3733406
0.63319895
2.4423048
-0.23088487
-1.1615053
-0.29602602
1.6282074
0.12454062
0.61943563
2.0967573
1.1803192
0.0059982436
-0.60552402
-0.85987037
-0.65870517
-1.3487072
0.86550969
-0.89649294
-1.2605315
-0.81920616
-0.18615961
-0.53941683
0.32555247
0.14495135
-0.030408009
-0.76383425
0.2850755
0.83100766
1.9798999
-0.48100027
-0.04928173
-0.79373632
1.230558
-0.79421468
0.11460641
-0.55185057
-0.97283698
1.1829612
-0.60605652
0.15454381
-0.59813145
-0.057531255
-0.83232687
-1.1719166
0.28920473
0.48813413
-0.80426622
-0.24445197
1.3093824
-0.84819622
3.0020163
-0.47422513
-0.09800543
-0.92344138
-0.8607583
-1.0731807
2.5207206
0.79500356
4.9825325
-0.62798684
-1.5283712
1.409329
-0.92081904
0.016679981
-0.40917107
-0.48434611
-0.97498632
-0.56720302
1.4594455
-0.2073387
-0.87917317
1.0180246
0.38960184
1.8269851
-0.59492978
0.69200943
0.41004087
-0.99853019
1.018806
0.88539463
-1.0700292
-0.5672038
-0.37033687
-0.50600955
0.63192189
0.076255048
-0.59113656
3.0935953
-0.35481235
-1.333168
2.1565147
-1.2342111
0.79281054
1.8288264
0.44311061
-0.396754
-0.17037968
0.72894056
3.234237
0.05287076
-0.1703959
1.0728255
-0.5138077
0.15780324
-0.73402871
-0.035542167
-1.1784964
0.91278857
-0.19165569
2.5916596
0.21343933
0.50986357
0.079457458
0.62830385
0.78418217
3.1784221
0.51721623
-0.064470156
1.9667115
-0.43403024
-0.62376392
0.074026026
-0.040544348
-0.60917433
-0.97401084
-0.54517746
-0.77359065
-0.15132891
1.8256351
1.1561112
-0.24175035
-0.11708588
-0.73383425
0.2019195
-0.61008542
1.2545372
-0.23856723
-0.73562315
-0.68882043
-0.79432674
-0.33229636
2.5189965
2.1196101
-0.32987696
1.1540166
-0.48143239
-0.86480444
-1.2516307
1.1499744
-0.092237355
-0.74499051
-1.4467547
1.0988695
0.25622347
-0.58026624
-0.99426185
0.54699187
1.3002729
-0.31039237
-0.082220039
1.0401072
0.37774284
-1.5489767
2.7822045
-1.0425697
-1.332905
0.75883313
0.5177219
-0.26464414
-1.0993909
-0.37207277
-0.050298882
-0.086144151
3.1638484
0.39716431
-1.2426973
-0.86965292
-0.83202891
2.1886676
-0.42391574
0.56598183
-1.0549342
-0.6995178
1.1336501
-0.94578373
0.70125246
-0.39698262
1.7791907
0.074794257
-1.2001837
-0.4226385
-0.48546969
-0.77771972
-1.0726728
1.074789
-0.75882309
-1.0216894
-0.44475935
-0.071535124
1.7988181
-0.1617669
0.33637372
1.9043285
-0.43591635
-1.4332119
1.0152094
-1.3191632
-0.76132169
-0.91218783
-0.86875905
-1.0762502
-0.33627865
-1.3320978
-0.43010324
-0.87787812
-0.30468953
-1.2402257
0.083248594
0.26099785
0.45250444
-0.10890249
-0.05942721
-0.51156635
-1.5020172
2.5499238
0.76128362
0.83635733
-0.44484366
-1.4140551
-0.74649257
-0.31876909
-1.1968493
-1.4307217
0.50007606
0.81271916
2.9784815
2.6255329
1.358921
0.96338978
-0.67435461
0.34264099
-0.8713807
-0.37649158
1.1747385
0.57133636
0.90390741
-0.049804728
-1.3324909
-0.36969079
-0.15679196
0.57788803
-1.6212819
1.1427208
1.0099371
0.75145193
-0.32999416
0.023894123
-0.23305101
-0.30576774
1.5501115
-0.02610833
-0.72771522
-0.02953264
0.72497321
0.71699203
2.0614755
-1.030797
0.34385817
0.5367012
0.6867953
-0.093630778
0.54183136
1.2561951
-0.76861379
2.7130269
0.29602623
0.23291149
4.7764466
-0.74506762
-0.92400969
-0.82361924
-1.4137633
-0.33320706
1.1254997
2.0284231
-0.13670078
1.0557187
-0.0030204943
3.1189227
-0.77960871
0.79414484
0.52220131
0.24334068
-1.0317266
-0.065375591
1.1899044
0.72874014
0.02359612
0.28418996
-0.093460267
-0.16778146
1.6094253
3.0066164
-0.43592583
-1.4283426
0.47099168
-1.5386861
-0.075173546
-0.8256743
-0.68582377
-0.36990986
0.24953985
1.3324463
-0.10623426
0.38536071
-1.1971446
5.0575044
0.010906733
-1.1839769
-0.6863357
-0.6619433
-0.5172301
-0.37402415
-0.61625687
0.30170775
-0.48882827
-1.21671
0.33233195
0.0045333004
0.15242296
0.6504317
0.61927772
0.28345143
-1.0706667
-1.260265
2.6516773
0.87301977
-1.0812381
1.0553396
-0.45819358
-0.067759425
2.4359314
-1.2166695
-0.069744483
0.80868802
-0.63153712
0.60658137
0.44651198
2.7515737
0.1788193
0.66002311
-0.34353904
0.59234172
0.01133742
1.1346133
0.23027799
-0.39887265
-1.1326094
0.64887038
-0.028768314
2.0550615
1.1414493
1.1265416
-0.27798466
0.018860449
0.77093031
1.9142231
0.25124353
-0.70136987
1.0547181
0.68606928
-0.46755912
-0.34964828
-0.30869978
-0.12663343
-0.26036492
2.4842052
-0.0034947305
-0.96737569
1.3530984
0.15007036
0.74139748
-1.0140905
-1.2040145
0.027690879
-1.2727156
0.73073607
-0.25586654
-0.68868235
-0.32304088
0.6761854
-0.86526078
-1.2386157
-0.96585234
-1.063213
1.6857979
-0.8143184
-1.1304128
-0.4887542
-0.46319565
1.9502832
1.6206885
0.26274805
-0.75288224
-0.68639566
0.77839789
-0.92488844
1.4096139
-0.93029542
-1.1265159
2.5801785
0.57580531
-0.43322545
1.7894593
1.1395652
0.26707259
-1.1684368
0.16507563
-0.48469915
-0.56719288
1.150009
-0.24920248
-0.24242309
2.1210843
0.36211742
0.33584983
-0.51190591
0.069613566
-0.87948222
0.39531635
-0.63488187
0.6658495
-0.49881172
-0.88044135
-0.16303161
-0.49333879
0.56922656
2.182219
0.3562535
2.5461896
-1.3054167
0.28679565
-0.44649703
1.7144525
-1.4573998
0.048461157
-0.85925847
0.094904772
1.5565594
-0.86787299
1.1430828
-1.5950187
-1.2367393
1.7868621
-0.10172119
-0.81404268
-0.30220922
-0.35568225
-0.22446768
1.2821437
-0.86490516
0.071718713
-0.37962289
2.7818433
-0.76775802
-1.5673213
2.5778822
0.7471905
-0.82529049
-1.4400561
1.5632972
-0.070590997
-0.69273751
-1.37739
0.12223245
-1.5724168
0.73547869
-0.72079515
-0.83348689
1.4584172
-1.0665644
0.21142682
-0.35296313
-0.1894672
0.031278128
1.4532348
0.091491424
0.31492485
-0.27934539
-0.2176665
0.28998854
-0.61999354
-0.37655236
0.7486016
2.9808566
-0.89546853
1.0213469
2.6618397
-0.21447841
1.9988801
-0.95132707
-0.25479395
-0.84760454
1.3267821
-1.4878284
-0.038022164
-1.4259881
-0.8036692
1.2756419
0.18533413
-0.71770594
-0.60237948
0.8552726
-0.75875268
-0.8334392
0.46732236
0.54312328
2.0987884
1.4933023
0.57294395
2.0154262
-0.40458925
-0.65509652
-0.75777968
2.0575582
0.62827723
-0.075733588
-0.037152802
-0.95725542
0.76437567
-1.2114266
-1.489178
0.22190635
-0.44921404
0.86368154
-1.5161176
1.9120498
0.86512966
-1.2983155
-1.1075677
3.3658936
2.7515835
-0.20307665
-1.0764026
0.075555409
-0.37751628
1.0309975
1.9129724
0.445212
0.12708415
-1.1340041
-0.435739
-0.88382907
0.52337749
-0.83291244
1.0545627
-0.83409089
-0.027208047
1.2782175
-0.79109394
-0.59271394
-1.010695
-0.14768883
-0.85093676
-1.0096908
1.8941874
0.53649885
-1.216008
1.4548738
-0.68454295
3.2060072
-0.91006701
0.68056413
0.16991487
0.19526841
2.5684712
0.48090268
2.071753
-1.4064228
-0.74530055
-0.70629089
0.77111138
-1.5077632
-1.4073898
1.4750663
0.30201209
1.1015001
0.43836329
0.18775927
0.59484658
4.4307384
-0.62720408
-1.2077784
0.79678164
-0.45885559
4.229539
0.65498028
-0.1077829
0.96925374
-0.58564205
1.5619522
-1.3354999
-0.93125122
-1.1254542
1.3185037
-0.50678238
-0.34210495
1.5145513
-1.1332171
-0.7706259
-0.072389201
1.4910065
2.2091452
-1.1991546
0.40879838
0.52694749
-0.052906091
0.028263821
-1.2086572
-0.18532972
-0.50939896
0.010307228
2.9135834
-0.90848033
2.6581985
-0.48096373
-0.32232382
0.90658006
-0.19912555
2.6553712
-1.3283255
-1.3823854
-0.20486448
-1.5568443
3.4114637
-0.72464715
0.69679517
-0.059510556
-0.252335
-0.72015295
-1.1893426
0.47695375
-0.49905281
0.11024223
0.25209092
-1.3332365
2.9786529
-0.031425705
0.29727171
-1.0673043
0.45913504
0.98336594
-0.9465962
3.2575292
-0.84030301
0.41330011
-0.33814944
-0.34718752
-0.92061489
-0.93542538
-1.1251499
-0.042095121
-0.21743307
0.34094644
1.0638029
0.055523015
1.1232035
0.21458835
-0.33378164
0.82172309
-0.794321
-0.44295032
0.7050914
-0.52760872
0.19261598
0.29461051
0.16176541
0.48759252
0.55847698
-0.12438549
0.11914624
1.3741394
-1.0547699
-1.0923205
-1.2530017
1.5409799
0.59494455
0.065719055
1.9143591
-1.2488556
2.9432042
-1.1606284
-0.93333539
1.9229198
-1.2078415
-1.13096
-0.14499093
-1.1077646
-0.8018131
0.81957166
-0.8767115
-0.5448321
-1.1573814
0.37806767
0.19242791
0.35146245
0.018987947
-0.18568764
-0.47455576
0.86124411
0.28781694
-0.4951087
1.1601068
4.2687748
-1.331555
0.054577851
-0.86262302
1.3629041
-1.2643144
-0.021001805
-0.49897619
-0.78502705
-0.44707104
-1.3457724
-0.067567923
-1.0488565
-0.63463973
0.47020469
1.1535303
0.99742807
-0.32597299
0.81072719
0.31261951
0.56540944
-1.5599654
-0.082784077
0.67585269
-0.36896138
-0.64601018
-0.43105014
-0.80291773
-1.4984255
-1.0626104
-0.74559827
1.8585663
-1.4229221
-1.4485749
0.83543644
0.017283985
-0.64363761
1.231967
-0.82627334
-0.50756289
-1.5586766
-1.4174965
0.1180395
2.7116701
0.10618685
0.57374452
-0.37580903
-0.045212959
1.1557348
-0.9070705
-0.4562344
-0.47222884
-0.58903096
-0.44122142
1.827967
-1.0206345
1.5132358
0.69663321
-0.9962076
0.29351866
0.6849491
0.35811001
0.57013236
-1.1755539
-0.17673341
-0.11944824
-0.90503958
-0.52537751
-1.5310309
-0.74084163
-0.23860426
-0.35602203
0.41652872
-0.62881983
0.61132693
-0.33980338
3.1640147
0.64918319
-0.69158553
1.0442508
0.05333582
-0.85795333
0.021549031
-0.50084226
-0.70252313
-0.71208633
0.19008662
2.7157649
-0.46707471
0.29120692
0.93766335
2.4267755
0.96429069
-0.32187073
-0.49661683
-0.3503328
-1.0728851
-0.11137873
-0.61440782
-1.3570367
0.33769961
2.7172041
2.0555352
-0.88002624
-1.0844097
1.6831316
1.0377279
0.99996097
1.5979292
-0.56549643
-0.68222098
0.45470762
-0.92176415
0.40773613
-1.2875195
-0.69786115
-0.84939544
-0.68439336
-0.77253271
-1.3526709
-1.2290956
1.9629262
-0.20981526
0.037677141
1.4841425
0.49092458
-0.30317961
-0.28035496
-0.28454343
-0.71359092
-1.3730319
2.1633995
3.1284851
0.10798008
-0.98686277
1.436427
0.06200669
-0.51811573
-0.20770874
1.4421289
-1.1392821
0.30341178
-0.88068815
-0.41673598
-0.28948096
-1.1129953
0.22994298
0.25989726
1.9255477
1.0283192
1.3274905
-0.29287945
2.9040444
-0.93072788
0.18695392
-0.73341115
1.3598859
0.75193754
-0.28381705
1.6403985
-0.61417582
2.5123964
0.4477074
-0.054885931
0.31806085
-1.5375513
0.51156201
-1.1535765
0.1549151
-0.63063381
1.1282551
0.43863859
0.12552765
0.12881295
-0.39977365
4.0677318
-0.66311
1.8386724
-0.019119282
1.10029
1.0147316
0.4433145
-0.52814426
0.27225278
-0.76366276
2.1434156
-0.66538837
-0.61745214
-1.5348275
0.086924409
2.1699898
-0.75157583
-0.00096546011
1.3741833
-1.46916
0.5738766
0.53173597
-0.20398098
-0.43969027
-1.2202221
0.27747723
2.5745641
-0.9339345
-1.241428
-0.2873589
-0.32575283
-1.4271709
-0.14510881
-1.2862082
0.6576394
0.45697805
-0.45578921
0.58616014
-0.72680036
-0.018359935
-0.62566954
0.29745465
0.95071172
-0.33326658
-0.9099221
0.62553797
-0.67617522
0.52980533
-0.42352159
-1.0534229
-0.21723969
3.9417106
-0.66251236
-0.10323342
-0.057595549
-1.5322168
1.8293304
-0.5173165
-0.41818327
-0.38859424
0.26471095
-0.62589674
-0.78730146
-1.0466024
-0.98457735
-0.4098392
1.1475633
1.0995343
1.7802413
3.0151977
-0.7431076
-0.17606378
2.1954345
1.1512224
-1.0632022
1.8044152
1.4466141
0.28911369
-0.087656213
-0.020593187
-0.92394033
1.0836414
-0.050719196
-0.14989781
1.8394151
-1.1290707
0.49952835
-0.95226921
4.9030495
-0.035373578
-1.3899
-0.35864838
3.0364518
1.4866565
-0.81805992
1.1040086
0.013836713
0.093481248
-0.43721682
-0.50746781
1.0056993
0.2848052
1.0451378
0.42693178
1.2910108
-0.10890615
-0.50051126
0.69136889
-0.8437082
0.48281267
-0.79637599
-0.70536328
0.4169605
-1.2849131
-1.0622202
-0.30933127
1.3277302
0.26265328
0.14438873
-0.72381806
-0.96091223
1.0759437
-1.3973355
-0.88887323
-0.42397223
-0.54460944
0.042046959
-0.43761707
1.0532673
-0.72652753
0.24537285
-0.75213352
-0.15930798
-1.0183314
-0.0087719395
-1.2859731
0.79155583
0.19018584
0.051473272
-0.64068283
0.36792095
0.078498914
-0.84903011
0.16191366
-0.86421008
0.2506047
-0.71794777
0.13034711
1.3033094
1.2786706
-0.92327289
0.44019875
-0.36385571
2.6203548
-0.11579134
0.84655778
-1.3721208
0.34201376
0.52803576
-0.70553582
-1.2506281
1.604865
0.21050901
1.0904139
-0.17060193
0.40024636
1.3709996
-1.2064956
-0.27091881
0.10797167
-0.47034917
0.24668713
-1.0642125
-1.1789333
-0.5865717
-0.59332701
-0.49697767
-1.5078101
-0.53932616
-0.46210625
0.63175273
-0.88958004
-1.218552
0.36593594
-0.53668433
-0.83782689
-0.41719027
-1.2907252
-0.077944632
0.24907701
0.070341916
0.63788575
-0.099759226
-0.63930893
-1.4369545
0.98692619
0.6667182
2.1201013
0.26626596
1.3324416
0.37496767
1.0495331
0.36612492
-0.43567308
0.50572736
0.97766904
-0.35280462
0.62835518
-0.44526912
-0.29030452
0.11639163
-0.88172562
-0.063573097
0.23975036
-0.18808266
-0.93577486
-1.0526134
1.9344621
-0.40339303
-1.0035641
0.55027434
-0.68697234
7.7084812e-05
-1.0090228
2.1351894
-1.1475667
-0.22367731
1.2329179
-0.57578048
-0.75536591
0.15004549
0.12596452
-0.11172134
-0.30838616
-0.51458967
-0.49921032
-0.59147663
0.94572164
-0.38656171
-0.66757595
0.18402979
0.65418184
-0.38955075
-0.97540611
-1.1727827
2.281223
-1.0588812
-0.84201959
0.47005324
0.55876056
1.0561659
0.61416501
0.59308071
-1.1090173
-0.73339297
-0.89335482
0.85794481
0.29315715
3.1496415
1.7920615
0.63441143
-0.56379884
-0.54410778
0.75115545
-0.76620131
-0.18731569
-0.59124263
0.66434283
-0.081150359
-0.39516346
1.5410491
-0.46922187
0.89801879
0.58571916
2.9770673
0.60830582
0.058745177
1.0189372
1.6681709
-0.035570518
1.6375475
0.017786682
0.56753215
-0.79741749
-0.71528837
-0.80236885
-1.2456458
-1.3506318
1.5229564
-0.25945969
-0.64425282
-1.3823934
0.95270101
-0.44005591
-1.1362828
0.082775963
3.1698895
0.20709488
2.1961902
-0.42256354
0.51480149
-0.49124393
0.14753149
-0.31890651
-0.014859239
1.8347366
0.23542334
-0.77731878
-0.13673084
1.0253971
0.25441991
-0.86676672
0.83562121
-0.92094118
-0.62749927
-1.3114379
0.56175612
0.16178914
0.93809304
0.94540959
-0.086145059
-0.55040467
1.3914768
2.188884
-1.1153789
0.88220929
-0.15767278
-0.72220812
0.28624044
-0.40474291
-0.41573528
0.88714611
-0.25936773
-0.10344719
1.095845
-1.4901709
-0.24925524
0.83846229
-0.54720252
-0.16433213
0.85084954
-1.4350939
0.096624034
1.101198
-0.69337669
0.10375435
-0.88483148
-0.90699509
-0.29022529
-0.53408462
-0.36871451
-0.52133076
-1.3351551
-1.3150224
3.6054387
-1.5558616
1.4018722
-0.1996429
-0.38405708
0.27218074
-0.72168477
0.55782205
-0.19209302
1.6771315
-1.226408
0.47548606
-0.69452194
0.16541173
-0.29054563
0.38391403
1.6370869
-1.4540727
-1.2095726
-1.2459915
0.79203677
-0.94975635
0.29566402
0.019123234
0.31727662
-0.11234897
-1.3623665
-0.17313285
-1.2670839
-0.059479955
-0.17461407
0.84468999
-0.047943269
-0.038054057
1.2970638
0.23706924
0.042045802
-1.0301385
-0.43042129
0.28807385
0.38139786
-0.796402
0.47072041
-0.20704276
1.2914565
0.22717049
0.085294671
-0.80781335
-0.99333768
1.2012637
0.71334948
-1.5331213
0.065519055
1.4035989
-0.093208396
-0.21300776
-0.30278446
-0.27297447
-0.22391772
0.15780289
-1.0843052
-0.60168946
0.58347205
3.7515468
-0.69788591
-0.87044772
-0.12895618
-0.80906431
-0.28155754
-0.76422503
0.12680248
-0.51054217
1.8980609
1.1022258
0.36574852
0.55900306
-0.15545697
-0.8313304
-0.15755315
-0.75590138
1.5823617
0.77447395
0.84770289
1.7373427
-0.9905998
0.3521945
1.3559219
-1.4183828
-0.45061125
0.58929661
-0.79833698
1.9387068
-0.70816779
-0.33636631
0.52758046
0.85631586
0.818336
-0.70866683
-0.87979785
-1.1815475
0.40954166
-0.60484996
0.2363891
2.0640133
0.54645604
-1.0777658
-1.0881958
0.46336605
-1.4310317
3.4801063
0.4741169
-0.76482761
-0.98313681
-0.24860203
-0.41691719
0.53549131
2.522978
0.22124805
2.2982874
-0.46587899
0.077174614
0.22744796
-0.078927479
-0.12023965
-0.57697684
-0.77185072
-1.3714738
0.34263715
-1.1564913
0.097551091
3.8978635
0.28991848
1.0659216
0.74642818
-0.9445945
-0.87345684
-1.2463661
-0.61604865
-0.24030659
-0.35741556
1.4452607
-0.95400862
1.2666397
-0.088747214
-0.81687
-1.4917603
0.34078379
0.84324081
1.0375895
0.024851217
-0.62001385
-0.92115734
-0.80551941
1.0570044
0.16651808
-1.3869226
-0.068855698
0.34619854
-1.0166697
-1.0434062
0.39364382
-0.80012573
-0.62488589
-0.58423218
-1.2937167
-1.187545
-0.17735361
3.2147932
-0.1757215
1.663611
-0.0034796377
0.42929567
-0.88176498
-0.11116743
1.0481092
-0.097816165
-0.76959137
-0.69250544
-1.5143241
-0.63658017
-0.4125913
-0.47436649
0.52263934
-0.14559487
-0.61378612
0.35747195
0.71402904
-0.98748233
-0.45193823
-1.2170012
-1.0069322
1.6021973
-0.23656617
-0.066562004
-0.04784259
-0.11182848
3.6815701
-0.25536217
-0.49485478
-0.40046518
-0.80571449
-0.35178044
-0.89481988
-0.57422602
-0.12248945
-0.882744
0.81862225
-0.38565168
-0.1333114
-0.42407829
1.4545788
0.14415001
0.24388168
-0.068097942
0.4425171
-0.61902783
2.4492643
-0.021862555
0.84472773
1.4336804
-0.59007336
0.58072543
0.75625536
0.73332884
1.835224
-0.54225891
-0.38851097
1.4575636
-0.88646124
-0.071668535
-0.34900306
-1.2318652
0.58475182
0.25928637
-1.3442652
0.65996896
-1.2337309
-0.29484279
0.25012006
0.36135058
-0.10448288
0.95122697
-0.27308459
-0.86886313
1.1408232
0.44833783
-0.4193805
-0.42658465
-0.82874538
-0.71937934
0.11532784
0.28661547
-0.49206122
-0.19066521
-1.1215558
-1.2316783
0.81420333
-0.0064250325
-0.93690975
-0.77884579
-0.78758096
-1.5645253
-1.4324519
0.040698943
-1.1877648
0.75094948
-0.4093381
-0.44862056
-0.028742931
0.13629335
-0.938926
-0.37973255
1.3889983
-0.049192069
0.88371309
-0.8157479
-0.15171442
-0.46052964
2.2003704
-1.603245
0.21622748
-1.6224324
-0.84169747
0.98237867
-0.82648471
-0.50775275
-1.1727338
0.7352918
1.5285846
0.67732992
-1.1178321
-0.29226204
3.0985141
2.6363678
2.767994
-1.5008483
1.4087894
0.20741929
0.021154062
-0.51589009
-1.0645758
-1.0009981
-0.51620857
0.66938674
-0.59557513
-1.0113543
-0.71409533
-0.41645873
-0.17018512
0.49712397
-0.36612679
-0.69233613
-0.31069042
1.4836144
-0.28883049
-1.3682789
-0.14347527
-1.0163297
0.44079303
-0.43399293
0.16286045
-0.3435531
0.22269318
0.27732195
1.3497555
-1.1045959
-0.034459978
-1.1475021
0.35986053
0.055812765
-1.5096547
0.76377628
1.662359
0.85147979
-1.0322611
0.77666954
-0.82251424
-0.90731336
0.041088664
0.70759004
0.28757333
-1.1025901
0.15393075
-0.58727778
-0.68275927
0.39362429
0.30081388
-0.64649235
2.2811962
-1.0473619
-0.56365372
0.27351273
0.01225888
-0.78112898
-0.62999422
0.47815735
-0.54746601
0.69035452
-0.2808391
-1.1719352
-0.85957515
-1.2327956
1.4756965
1.5942801
2.7129015
-0.82415339
1.5968686
0.18237318
-1.330061
-0.26777793
3.6231774
1.4518018
-0.04653458
0.54088208
1.0449678
-0.14560459
-0.3194751
-1.3082305
-0.011278959
0.38460894
-0.027471742
0.12082847
1.2481673
0.16941517
-0.37179305
1.8285618
-0.086823159
-1.021665
0.19373249
-0.90532692
-1.5411605
2.3057995
0.17066284
1.3900288
-0.99436099
-0.41334234
0.064477993
-0.30351698
-0.25347004
-0.57442933
-0.77051881
0.30056142
0.56274846
1.342095
0.20927447
2.2189092
1.5960161
1.9393977
0.14691665
1.2568434
-1.620776
-0.58306993
0.71031948
0.17482097
0.41688069
0.12568975
-0.37037359
0.19858666
0.72773997
1.550452
1.6934724
0.57802132
1.2002879
-1.1595669
0.41739701
0.40997988
-0.87335977
0.20891196
-0.21878446
-1.3864242
-0.86913021
-0.91274428
0.60196537
0.047461392
0.99057092
-0.19798831
1.1650869
0.92831668
1.4400986
-0.33079388
0.89331833
-0.68238397
2.8358006
-0.61032071
0.98137672
4.0445885
1.9377425
-0.67081493
-1.6008127
1.9922296
4.8327859
1.1154768
0.56308303
0.85879372
0.54340584
0.5243321
0.029399884
0.67674526
0.22665753
-0.36063342
-0.014577046
-0.6213293
0.72810129
0.37021171
-1.0696456
0.50011474
1.3522312
-0.85593047
-0.7647174
3.7763569
-0.98976239
3.9849132
0.42103846
-0.74734268
0.22942314
-0.037647946
0.21911274
-0.42225826
-0.02330597
-0.097635485
0.68378007
0.29889361
0.049916879
-0.074335683
-0.77721418
-1.4106059
-0.84243205
0.52714589
1.1649632
0.36778424
-0.60481326
0.40889916
-0.092967613
1.3660433
1.3970664
-0.37438913
0.95884026
-0.58964171
-0.63018199
-1.1726749
-0.19080257
-1.1565196
-1.0790931
0.55046922
-0.57769227
-1.1365996
-1.2183677
2.6068457
2.7170584
0.36390991
-0.4171226
-0.41096286
-0.78369969
0.23641557
-1.3403309
0.027903751
0.28247815
-0.88576474
1.0052124
-0.46660514
-0.74138872
0.59600753
0.93298484
-0.83170289
-1.1222649
-0.89116951
-0.86810006
-0.92233292
-0.022385467
2.8953078
-0.13287179
0.35681535
-0.86351593
0.61315258
-0.98696486
-1.0974664
-0.66880722
1.2361724
0.11157142
0.46743363
-0.8980499
0.56305857
-0.66792342
-0.16326306
-0.90976765
-0.12668648
3.632094
1.3411017
3.8093812
-1.4228435
-0.60067426
-0.85422939
1.5571575
-0.54868853
-0.83451359
-1.2313608
0.91457655
-1.0521703
0.29806085
1.2498676
-0.14562326
-0.24583467
1.0850785
0.37855132
-1.082699
-0.63257223
-0.40149953
0.61598997
1.7326712
0.27367017
-0.0040477261
1.4820034
-0.50773818
-0.32120976
-0.82680999
2.0568793
1.1278496
0.55100239
-0.27642584
-0.11910131
-0.57910855
-0.97426747
-1.4755618
-1.4463048
2.7654277
-0.47394377
-0.41994016
0.98032877
-1.5423062
-0.42974255
-0.05560389
-1.1784306
-0.71658244
0.3282975
-1.1325531
-0.6750188
-0.74006789
-0.022998639
-0.59527691
-0.32922505
1.1337207
-0.35603065
-1.1714076
2.3117799
-1.0161244
0.85485605
-0.48628198
-0.041598509
-0.66081272
0.33578034
-1.2872166
-0.94138135
-1.0973917
-1.4022991
-0.19642711
0.63638921
-1.211949
-0.60601854
1.0647833
-0.58935985
1.602057
0.074562823
-1.4249444
-0.64209397
-0.33560271
0.14036464
-0.9449514
0.20031946
-1.025137
1.3353681
0.6436289
0.47837062
-1.0453026
-0.93191493
0.87034037
-1.2563013
2.789874
-0.64269144
-0.94533063
-1.2499511
0.63818356
1.3146467
0.37701745
0.67837163
-0.30307594
0.027757404
0.17732004
-0.90036164
-1.3517397
0.92646439
0.20535518
-0.51437433
-0.33856808
0.49512944
-1.4132673
0.19450551
0.21374684
0.56325379
-0.44851514
-0.68437735
-1.3262613
0.88202119
-0.95914084
-0.59278184
2.9242004
0.42634037
-0.38585418
1.0445937
-0.90304004
-0.11447385
-0.84191958
-0.33144735
-0.20073712
-1.5579955
0.01580847
0.042981378
0.44829058
0.94848732
2.0277003
1.7620228
-1.1438881
0.58030202
0.39952515
0.30402897
-0.99332747
-0.4463432
2.1966468
0.29906357
-0.067262015
-1.4663506
0.22211684
-0.31451207
0.43198033
1.5833496
-0.34361023
-0.59585615
-0.059267885
-0.12740177
0.93564869
-1.394027
0.37526362
2.1386706
1.8902703
-0.46690571
-0.11157501
1.0073948
-1.1053527
-0.12143055
-0.71159539
-0.9172729
-1.3071922
-0.31106174
1.0047852
-1.1187037
-0.52060366
-0.91220751
0.19769255
1.3448027
1.2742315
0.60769338
0.40108256
-0.77883319
-1.1747475
3.3229612
0.6478258
-0.81331062
-0.85062712
1.0804921
-0.8680246
-0.3560897
-0.55714632
-0.84982813
-0.54278809
-1.0770499
1.8628204
-1.2891693
1.6035662
0.43422173
-0.72976293
-0.0099356455
-0.45708328
0.040754059
-0.85516161
-0.42290341
1.0973015
-0.54523294
-0.095016295
-0.42992955
-1.0668949
-1.2502503
-0.17280335
0.54735051
0.040045749
-0.76270533
-0.78664931
-0.47208677
-0.14402396
0.6675465
0.69250652
-1.1994332
0.85789542
-1.173351
0.34477398
6.3483745
0.60524068
-0.90894244
-0.058516654
0.5628603
-1.5640863
-0.04834734
0.24610722
-1.1524996
4.0939792
0.52434303
0.37078615
0.89093158
-1.2313514
-0.89391538
2.8110678
0.67485924
1.640611
-1.2759956
-0.7145864
-0.90059672
0.39041565
0.48042864
0.032559278
-0.77464882
-1.4472147
-0.82428713
1.9059492
0.46126385
0.55868185
-0.18041209
0.40890014
-0.48280547
-1.3067534
-1.1052713
0.15194465
0.25153604
-1.4346171
-0.84548875
-0.45109461
-0.12386246
-0.11234543
0.80176875
0.15703544
0.49499063
0.47380013
-1.2517231
-0.06807298
1.0242913
1.4790639
-1.0975175
-0.66738933
0.32479927
0.5542186
0.0021127678
-0.67993501
-0.70693604
-0.60021702
-0.65473985
0.23370969
2.3135889
-1.3260806
-0.13698537
-0.32156584
-0.10763331
0.68938874
0.75706833
-0.64060569
-0.12166865
-0.23907991
1.5627676
-1.4913989
-0.057844922
1.1594997
2.1210821
-0.54476174
-0.94854912
-0.84447041
-0.9068079
-0.56158706
0.73292436
-0.9121027
1.5141214
1.750761
-1.3399278
-1.1066259
0.098073296
-0.99202098
-0.52460251
-0.00052914652
2.1224557
0.016007716
-1.4971202
0.62266173
-0.51739087
0.95031025
0.56676011
-0.80624044
0.86686522
