0.75821307
-0.14836269
-1.163134
-0.27857114
-0.41020211
2.3108199
0.17402288
0.63731796
1.227621
0.19109875
-1.1378884
-0.50794904
0.012867263
0.098083834
1.9641664
0.63329503
-1.0217595
-0.22140113
-0.88299676
-0.055725576
-1.1876803
-0.14090865
0.13234734
0.73426682
-0.21447564
1.0901303
0.68992714
-1.2217191
0.05431268
0.49485976
-0.96565637
0.20129486
0.83301826
1.3280792
-0.11105974
-0.31788246
-0.96213027
-0.57171638
-1.0032728
-0.02982675
-0.71350296
-0.26435136
-0.91833001
-0.23194883
-1.040009
-0.20812743
-0.6539715
-0.63392914
-0.13904209
-1.0485499
-1.143558
-0.94152908
-1.1065763
2.5879511
-0.62837179
0.50698392
-0.35324529
-0.33570114
-0.20258329
-1.2891618
1.362969
-1.014998
-1.0977771
0.11001815
-0.5150293
-0.16602173
0.42541409
0.53449714
0.27634312
-0.7260992
-0.19184505
0.52958164
-0.51541264
0.57044976
-0.19082472
-1.3222841
0.56574731
-0.58754395
0.54963563
1.6514024
-1.3686576
0.54699483
1.8480434
-0.68491646
-0.61841788
-0.72606212
-0.44822165
0.59995663
-1.0224911
-0.99788096
-1.2009124
-0.85703375
-1.0425597
-0.42990844
-1.010818
1.1380429
-1.2337855
-0.68716168
-1.2953732
-0.41600944
-1.1237101
0.70180188
-0.72220753
-1.1139458
-0.82552848
-0.496479
-0.90874711
-1.1787769
-0.22243118
-1.1296804
-0.61683125
-0.83954225
-0.37411532
-0.44567939
-0.95942355
-1.0812256
-0.76670792
1.6927887
0.18972499
-1.3320483
0.028614586
-0.76778152
-1.1755621
-0.18376404
0.75056472
0.16809002
0.15916079
-0.64267811
-0.37602473
-0.76846241
0.86708985
0.2554168
1.060613
-0.22350995
0.56836654
-1.2045881
-0.80297299
0.23287504
-0.17158207
-1.1658844
-0.16233763
-0.93906586
-0.48868912
-0.52465035
1.1392217
-1.1412303
-0.12736211
-0.15051367
-0.29331581
-0.30872406
0.077961565
-0.085498504
-1.1507861
-0.52444386
-0.18155901
-0.27772799
0.44100456
-0.15891954
-0.26353944
-0.67828503
1.6831256
-0.3619448
-1.0965525
-0.33331395
0.8826121
-0.72811773
0.27665836
2.1965806
-1.1905828
-0.68770597
-0.87453168
0.31837215
-1.2801216
1.611857
-0.63379697
-0.76910461
-1.1960647
-0.1968427
0.826568
0.12988831
-0.18342526
0.96632925
0.29498065
0.60195654
-0.073719437
0.87537123
1.1615195
-0.51112249
0.54303099
1.0188539
-1.278317
0.038164272
-0.44982453
1.340793
1.0504936
-1.360783
-1.0602156
-1.2307515
0.14999704
0.93116618
0.60591252
-1.2212666
-1.1554947
-0.16516739
1.422083
0.64952522
-0.28518416
1.1438653
-1.2896741
-0.33781753
-0.25836567
1.1061445
-1.2258051
-0.97601185
-0.0079530472
0.18190726
-1.0833105
-0.62300008
-0.9292154
1.9477691
-0.48145333
-1.3472771
0.0088626528
-0.35650549
-1.2165132
-0.094424885
-0.82764205
0.2657618
0.30986128
-0.61220569
1.2007825
-0.99777064
-1.0844912
-1.1698496
1.0578722
0.08711714
-0.70854744
0.13836083
-1.0417528
-1.1856668
0.29513164
-0.75442783
-0.65736884
-0.53494802
0.11908712
-0.11903106
-0.69561889
-0.61530735
-0.24081137
0.36308886
0.69784508
0.28200938
0.85846013
-0.71929372
-0.78809358
-0.46070436
-0.33105966
-0.66545887
1.3206392
-1.1473684
-1.0569361
0.53580381
0.3359761
-0.57050909
0.15428129
0.7634431
0.65676047
-0.95223535
-1.3125704
-0.95899838
-0.98513914
1.5821793
0.057313213
-0.25665612
-0.72055105
-0.080699738
0.10925372
-0.76104891
-0.50603669
-1.0486238
-0.53943679
2.9133463
-0.80462908
2.054673
-1.0395161
0.86730203
-0.50604825
1.0524451
-0.32750144
1.3246012
-0.97396872
-0.63796064
1.0434728
-1.1916634
-0.59155283
1.2678309
-1.2168382
-0.047459405
0.86381035
0.016649051
0.4706788
-0.57426139
-0.83063604
-0.31331986
-0.34626511
0.43076266
-0.45301762
-1.0284625
0.97675473
-0.29876699
-0.46672915
0.04670718
1.1343917
-0.86862338
-0.32107141
0.13974753
0.42205778
4.0805746
0.88025381
-1.0548224
-0.30294656
-0.55671133
-1.1335783
-1.0412617
0.28041625
1.3417764
-1.3244591
-0.96557992
0.092183501
-0.22898088
-0.083370163
0.012402152
0.17101233
-1.0574732
-0.29853908
-1.1770666
0.21100103
0.7420586
-0.78615355
0.63188769
1.1398615
0.18085777
-0.97169374
-0.30079291
1.7943383
0.97802608
0.4430161
0.5009827
1.6628899
-1.2408613
-0.23349677
0.55621372
-0.14621154
-0.85322323
0.44915322
0.35862778
-1.1061749
-0.30222105
-1.0646721
-0.86423553
-1.0217292
-0.23014186
-0.65643735
0.42912763
-0.59408499
-1.1520508
-1.1983732
-0.31146567
-0.93733911
-0.77024346
0.97337242
-0.35493935
-0.95521134
1.6853901
-1.1022992
0.22424731
-0.60404603
-0.75447112
-0.944172
-1.0966998
-0.65406832
-0.96635731
-0.69144227
1.5060544
-0.90750429
0.24309211
2.3186754
-0.40178558
1.0135422
-0.62113638
-0.58993685
0.057715975
-0.19505038
-0.39707543
0.25685904
-0.76737293
0.9766238
-0.055563653
-0.38455318
-0.71013118
-0.39536875
-0.9800215
0.55749138
0.06935728
-1.1430732
-0.52644516
-1.0615661
-0.61009742
1.3777553
-0.24022151
0.26842194
-0.50030987
0.3318104
-0.88528181
0.61057738
1.781987
-0.87356487
-1.1254394
-0.36087764
-0.25404666
-0.33937537
-0.77316778
-0.084331936
-0.49815836
0.13463966
-0.15991709
-0.32192489
-1.1370482
-0.67035488
-0.020374946
3.4133253
-0.51276472
0.61046698
-0.7283871
-0.40280379
0.49688868
-1.0172368
1.4759952
0.84727119
2.6011219
0.011175649
0.26925092
0.53438054
-1.0954851
-0.14737109
-0.21076126
-0.40018138
-0.33302198
-0.83492343
1.087207
2.0118073
-0.085178673
-0.5553996
-0.94381708
0.35443293
-0.3573607
-0.98732224
1.5095883
-0.92854114
-0.28876768
-0.10179701
-0.8509588
-1.0944932
-0.135232
-0.92100033
0.036729931
0.12929377
0.82758075
-0.55410015
-0.96780182
0.65395266
1.4324234
-0.64712523
-0.28018704
-0.5389677
-0.91140135
-1.3684394
0.41452885
1.0328349
-0.89051253
2.5561447
-0.068386274
-1.2014678
-0.24912764
-1.0409406
-0.69205463
-0.080662532
-0.81334988
0.056667644
-0.28332171
-0.50508893
-0.061267499
-0.71190883
1.3459666
0.77496274
1.6287451
1.1304369
-0.4750398
0.96715345
-0.60852167
0.57387855
0.027262935
-0.7881057
0.6361897
0.12255494
0.47282586
1.2767347
1.5753105
-1.0732358
-0.89525168
0.45371139
-0.63853624
-1.1953139
-0.85875266
-0.50271046
-0.79427757
-0.2866062
-0.98781469
0.15838547
-1.3132863
1.6020258
-0.32466819
-0.32961435
-1.042242
-0.89354172
-0.73800449
-0.64538721
0.062037679
-0.21040329
-0.14574685
0.014789506
1.1752187
2.4839893
0.05780834
-0.82826158
1.601077
-0.49288225
0.12025646
-0.44866706
1.0141748
0.37486579
-0.37530387
-0.29361319
-0.23428674
-0.37449963
-0.690089
0.042355492
0.017568118
0.14142646
-0.41144742
-0.91483335
0.23943254
-1.3231005
-0.73609669
0.46890542
-0.29172971
2.8488617
-1.0527619
0.98651226
-1.1029072
-0.2713398
-1.0747884
-1.2347433
-0.44528807
1.8492026
-0.47796489
0.27015675
1.5104347
-0.077493585
-0.55641989
-1.0188128
-0.3906823
0.024973222
0.4836654
-1.2323414
0.57309432
-0.36524204
0.1515779
1.051083
-0.44938281
0.35913289
-0.41780338
0.77759098
-0.67907895
0.24219696
-0.72431007
1.050239
-1.061115
-0.9766938
-0.61800531
-1.1731933
0.02774456
-0.51272619
-1.0051789
-0.83725823
-0.63325854
-0.65734681
0.46833082
1.6102757
-0.8496949
-0.61115273
0.88938063
0.0881765
-0.67374417
-0.81557665
1.2151209
0.35124872
-0.80376882
1.9437574
-0.77496552
-0.89255738
-0.95138144
-0.12841607
-1.0283301
0.059425523
0.49666144
-1.0921474
-0.75431461
0.54320102
-0.38170353
-0.5406585
-0.1405901
-0.74906942
-0.62523676
-1.1645331
0.045604106
-0.86071583
-0.95625297
0.082314207
-0.31051431
-0.18084514
-0.45408816
-0.471621
-1.115819
-0.023763388
0.91220754
-0.40216593
0.42074184
-1.0279352
-0.95188222
0.12233629
-0.91875636
-0.72725676
-0.49622164
0.039656498
0.60232171
1.9469005
-0.97610204
-0.41100854
0.215823
0.8147943
-1.0646979
-0.44304585
-0.43591926
-0.16054924
-0.20916901
0.37682415
-0.6064522
-0.83365496
-0.3464199
0.12040361
-0.45237398
0.80848311
-0.33080619
-0.71761732
0.77083925
-1.2163749
-1.0568941
-0.82562249
3.3767308
-0.81737149
1.0221321
-0.47496314
1.4055546
-0.59588289
-0.98572795
0.03616211
-0.6337109
-0.22676508
-0.7716424
0.022907196
0.014655107
-0.55202629
-0.74438681
2.222109
-1.0369824
-0.88414558
-0.036355462
1.6812879
-0.64371187
-0.40041666
2.8380167
-1.0330186
0.75212945
-0.38160477
0.12552366
-0.89350185
-0.94797176
2.3495143
1.0887698
-1.1907654
-1.1981263
-0.14254475
-0.88579727
-0.97237938
-0.16726587
-0.95636744
-0.85083248
-0.82135076
-0.36861244
-0.40465442
1.101154
-1.1584567
0.49279737
0.08016748
0.91563324
-0.50297116
1.4046964
0.52872528
-0.9948688
-0.12166626
0.27370631
0.034516612
0.33889903
0.091138912
-0.27266064
0.93277364
-0.89768597
-0.59697779
-0.7617376
-0.71487036
-0.59817764
1.304756
-0.16593838
0.11862664
1.8222064
0.047817156
-0.48493927
-0.55859614
1.1215111
0.04282497
-0.80005659
-1.2749088
-0.84359944
-0.98966453
-1.0807665
-0.3072009
-0.22897525
1.0420016
0.40642965
0.23042197
-0.68489531
0.19548188
-1.3348922
-0.5235155
1.1440868
-0.41338511
-0.31791403
0.078128762
1.4129551
-0.19999013
-0.03944791
0.88431309
-0.91634091
0.63429078
-0.76221422
-0.80230702
-0.66214546
1.8402164
-1.10451
-0.67707541
-0.54635983
1.1276564
-0.88171906
-0.97596475
0.32353514
-1.0294164
-1.0005381
2.1661608
1.6958193
-0.69206867
-0.58741183
-1.2419173
-1.0971163
0.56975834
-0.22011143
-0.50677551
-0.88424898
-0.23020745
1.4609224
-0.66313588
-1.1630488
0.78912318
-1.0029274
-0.05131992
-0.23792578
0.30265371
0.38060596
1.4621551
-0.36994914
-0.49881855
-1.0074101
-0.57148517
-0.98512065
-1.077382
1.3236836
-0.083422808
0.44827852
-0.99665828
-1.2312266
-0.19639071
-0.97916291
1.574491
-1.2452467
-0.88302091
-0.052908381
-0.76135357
-0.66034132
0.13093835
2.2439234
0.23472546
-0.53119015
-0.45965349
2.4288672
0.82856837
-1.0205778
-1.0217935
-0.8621455
2.3324218
0.044495602
0.82528884
-0.48954067
0.3385467
-0.83640368
-0.8467075
-0.62147335
1.2040621
-1.0865875
-1.1453638
-0.63571136
-0.33358179
1.703641
-0.38971116
-0.95725591
-0.53780853
-0.040160955
0.11693576
0.88587808
-0.8628873
-0.66614249
-0.62191128
-0.62382158
-1.1503126
-1.1091259
-0.85022297
0.33743948
0.55729609
-1.3257815
0.37878607
0.54556156
-0.95270786
-0.35988138
0.037937341
-0.47413275
-0.87411741
-0.27976627
0.41632835
1.1211589
0.58216418
0.33804189
0.056837758
-0.80663958
3.9203053
0.1175831
0.29402986
0.26366043
-0.3483652
1.5725647
-0.1456059
-0.78197013
3.1356606
2.0915393
-0.57997673
-0.6390092
1.4356717
-0.96732341
-0.67764432
-1.1112384
0.13714242
0.7120886
-0.20166592
-0.9179733
1.3043521
-0.42401846
1.1167279
-0.68326686
-1.1389287
1.0371294
-0.69845048
-0.88919776
0.4389885
0.45021591
-0.38373852
-0.53358423
1.0212087
-0.065388144
1.1405156
0.69242517
0.25251255
0.01574407
0.82218142
-0.7071438
0.19395846
1.5999277
2.5389354
1.3946726
1.8319408
-0.10721113
0.19385461
0.23707583
-0.76642269
-0.18312906
-0.45599867
-0.30211595
-1.1690278
-0.92981154
-0.90423669
-0.80167811
-1.0060928
0.29308975
-0.36357937
-0.21974403
0.38395513
-0.36728631
-0.27219039
-0.37610902
-0.2244811
-0.94962092
1.2855058
2.3761437
0.94134034
-0.051732594
3.6057067
-0.98084114
1.2099509
-1.0595158
0.20009407
-0.79797355
-0.62612672
-0.73467736
-0.97896801
-0.70402294
1.3191231
-0.76965663
-1.1958464
-0.59912267
0.45511408
-0.63503379
-0.7349442
-0.43802416
-0.15423201
0.11223651
-1.3216501
-0.93079626
-0.2446755
0.11865206
3.0975252
-0.87786159
0.50218703
0.1928809
2.1367916
-0.47565071
-0.21043253
-0.23435338
-0.094271052
-0.43452267
0.765288
-0.84558843
1.2266655
-1.1248593
0.20073612
1.8657732
-0.96596867
-0.45934994
1.1761165
-0.0043433943
0.16928278
0.072200111
-0.35879325
-0.78961204
-0.068760492
-0.3131318
0.46856628
-0.093492814
3.2574255
-0.58840741
-0.72065928
-0.30046134
1.2640956
-0.84281159
-0.70214673
1.2728423
-0.067435641
-0.14849513
-0.95574801
0.64819604
-0.60438775
2.0783446
-1.1085482
2.3995829
1.0037646
3.4807411
-0.56193615
0.38730698
-0.50602595
-0.59585286
-0.92062084
-0.23758394
0.85067832
-0.48477341
-0.54352807
-0.83568024
-0.39573728
-0.69210828
-0.23792808
0.4498497
-0.50118005
-1.1822454
-0.68878917
-0.80263005
0.11810934
-0.39597026
-0.35198529
-0.18336668
1.1718834
-0.37479852
-0.95341185
0.55266917
0.18228961
0.43703855
-0.74982577
1.1336297
1.843372
-0.55768039
0.34427939
1.4067865
-0.37497024
-1.3468317
0.24498262
0.56337464
-0.62686216
-0.08120703
-0.13558161
-0.17909534
1.0360713
0.23719869
0.17532985
-0.95980965
-0.13220979
-0.5267536
-0.0022336445
-0.5078392
-0.4665153
-0.53903462
0.06754964
0.35609027
-0.13239474
-0.44204226
0.18579588
-0.74170382
-1.0449223
0.47260195
-0.98355172
-0.46732004
0.08157072
-0.70392838
-0.85178112
-0.43145957
1.0591232
-0.39971908
-1.1655077
2.6198415
-0.91706964
-0.38383594
0.16018987
0.004087141
-0.83434559
-0.13784947
0.35245937
0.12498746
0.52249242
-0.37984632
-0.52864986
-0.8216662
-0.27130637
-1.2478426
1.0672009
-0.61393685
1.472655
-0.40553014
-1.241149
0.41336378
0.70451212
-0.9554701
0.1088827
1.4957481
-0.1398393
0.92394398
-0.77785421
5.2841247
0.70746673
-0.34445029
-1.2335064
-0.21263194
0.25482829
-0.68095776
-1.0161566
-0.066503352
-0.98694995
-0.70737056
0.18832275
-1.100084
-0.93279578
-0.915629
0.27333723
-0.040526706
-1.1706186
-0.50775665
-0.87524067
-0.076591715
-0.76001531
-1.1402492
0.017997323
-1.0536251
0.38297411
0.47116901
1.0076117
-1.31618
-0.83593269
-0.90857278
-1.0654925
-0.99795904
-0.92611706
-0.93162832
0.27624587
0.50273428
-1.0555576
0.66941752
-0.77899541
2.8650748
0.42446132
2.8379096
0.40255418
-0.51274807
1.0847794
0.1023971
0.32235203
-0.89999818
0.89032547
0.23919749
-0.65773226
-0.7846771
-1.1124037
-0.90252082
-0.21785408
0.6009288
-0.79106622
-0.72018765
-1.2898052
0.77853015
-0.76123262
-0.075652741
-0.45458749
0.8961089
0.44442136
-0.68152066
2.7556649
0.71564855
1.5513496
0.7249658
-0.066564805
0.20903183
-0.42173606
0.17721647
-0.28168839
-0.43035369
0.0259178
-0.53769394
1.3215555
-0.84948637
-0.033497982
-1.2535336
-0.44788126
0.11733942
-0.59968374
-0.85492181
-0.57844488
-0.69945379
-0.93403697
-0.20662519
0.7145019
1.6400082
-1.1496913
0.43931681
0.22066154
0.55133172
-0.20011928
0.30885119
1.0318095
-0.98302398
4.8403639
-0.8807689
-1.3740375
-0.96332028
0.89362668
3.0918381
-0.33150547
-0.79738481
0.50038733
-0.98034382
-0.90308239
-1.1880293
1.9319661
0.64162297
-0.20746338
-0.90968283
0.093891023
-0.45870938
-1.0632367
-0.87293415
-0.20475841
1.0743162
0.24170543
0.93305261
0.43979912
-0.56956931
2.882436
2.2718782
-0.89672698
0.14057367
-0.34674095
0.097326277
-1.132644
0.17379672
-0.8844141
-1.0463941
-0.318048
1.1151614
-1.1316589
-0.49693926
0.88589291
2.7162877
1.0533976
0.11854175
-0.77484161
0.17095996
-0.92129783
-1.1448184
0.13244454
-0.31599832
-0.95724473
-1.077921
1.0652768
0.58573429
-1.0612958
0.10982121
-0.45388512
-0.14372594
-1.034438
-0.54019361
1.5713947
0.85832247
-0.38337454
-0.54607606
-0.12875376
-0.58926455
-0.57552043
0.79011527
-0.25675287
-0.88021301
-0.15902916
-0.1845595
-0.85358214
-0.11807389
-0.29740799
-0.94311397
-0.59613362
-0.42430134
-0.60467799
0.061581062
1.3973518
-0.50005724
-1.0503387
-0.19755496
-0.18369869
0.46106311
-0.67692823
-0.31272033
-0.42194852
-0.76951717
-1.3062901
0.27554158
0.043889167
1.0089203
0.7070055
-1.0691425
-0.66901875
-1.1826003
-0.87222134
-0.54816022
-0.66771899
0.81301603
-0.25449739
1.5817451
3.9361442
0.52198822
-0.66434437
-1.0801329
0.83374812
-0.58346263
-0.14008454
0.35685935
-0.46978998
1.5512004
-0.041432741
-0.67471102
-0.85592197
0.24144725
-1.1404126
-1.11635
-0.63820797
-0.23869105
-0.71654963
-1.0010298
-1.0253661
0.5892395
1.2994203
0.50765607
-0.9459627
-0.15321437
-0.90128899
0.60426925
-0.78583246
1.2985277
0.049634881
0.27991567
-0.022110407
-0.78793183
-0.22616366
-0.13551955
2.0141507
2.3414342
0.57623648
-1.0436942
0.44531781
0.2650652
-0.34018524
-1.1725232
-1.2237689
-0.11522592
1.8564387
-1.0394062
0.3276029
-0.44835115
2.6999842
1.1907927
-1.0498299
-0.8484073
-0.50796183
-0.62181125
1.0795002
-0.47887232
-1.0786188
-0.78846384
-0.13091404
-0.91250997
0.18264337
1.4936177
0.0060404859
-0.95563065
0.84414479
1.1599193
0.54377636
-0.40234471
0.40723303
-0.48794828
-0.010646938
0.17360344
-0.95771288
0.66439153
-1.0936311
-0.71781954
0.62220093
-0.30094847
1.4182307
-0.8112073
-0.62207332
0.57770727
0.474749
1.5271935
0.8096341
-0.89251715
-1.1970911
-0.6089741
-0.36344419
-0.5928827
-0.38818733
-0.47853133
-0.81630842
1.2419625
-0.84637383
-0.10685514
-0.9594942
1.102512
0.011522081
-0.33519628
-0.85964261
1.7517919
1.2102434
2.4648748
-0.41599651
0.12909112
-0.16058168
-1.1107593
-0.92048751
1.2183124
0.75997114
-0.98620024
-0.51039576
1.9475769
-0.88480241
0.25339956
-0.038707249
-0.68304466
-0.40144673
-0.79321761
0.27915159
-0.66954146
-0.75847571
0.27856965
-1.0284396
-0.86715636
-1.0515129
0.073169122
-0.40182764
-0.25919908
1.0821095
0.71668889
-0.25555118
0.28628027
2.2441022
0.63600487
-1.2292903
0.36393652
-1.1645617
1.5397976
-0.49213918
-0.26400183
-0.3334072
-0.98528165
-0.41115848
0.042057495
-1.0362855
-0.44767577
-1.2727061
0.38373523
-0.64386274
-0.39166557
0.1251487
0.81388317
-1.2260072
-0.73989839
-0.4722045
1.7826282
-0.39731851
-0.071455136
-0.3715474
2.0642376
-1.1047318
-0.41314527
0.30604221
0.29066551
-0.79629672
-0.32805393
-0.76336372
0.27767393
1.2414739
-0.74989505
1.1545897
-1.0534405
-0.081387507
1.266852
-0.44618765
-0.069523277
0.73729221
1.3257113
-0.29984009
-0.85841311
-0.80954934
-0.77524337
0.29181718
-0.59436499
2.8068732
-0.65842897
0.5427653
-0.47854732
-0.33012764
-0.48659068
-0.42610588
-0.18885104
0.30080167
-0.2385191
0.15769144
-0.19386989
0.34804201
0.35799264
0.27235066
0.29465749
-0.24435071
0.023832741
-1.063789
-1.2140391
-1.1781609
-0.24233332
0.91365596
1.0913533
0.24924813
-0.60272895
1.5256297
-0.26591397
-0.85851493
-1.1106698
-1.1362063
-0.21439626
-0.65363735
-0.22139265
1.5887816
-0.36169294
-0.044445731
-0.4365861
0.56192761
0.77325954
0.08565566
-1.1359246
0.39716947
0.78381878
-0.3175095
-1.0873147
-0.90706361
-0.97005641
-0.64782096
0.97480368
-0.94022188
-0.26005287
1.2199146
1.2374513
-1.2041316
-0.65148667
-0.26067928
-0.59359096
-0.849135
-0.99131535
-1.0924325
-1.0290899
-0.059029204
0.027224821
-1.0539215
-0.22327171
0.64219338
0.88169867
-1.2267605
-0.14024047
-0.39600037
-0.32214485
0.13633474
-0.8638203
-0.366386
-1.3052741
-0.043455787
1.2089223
-0.56739456
0.011002939
0.097724733
2.1977615
-1.0181524
0.34773718
1.1815298
-0.27671335
-0.82893771
-0.17399713
1.5703565
1.2945209
-0.79642453
-0.76455341
-0.68511956
-0.11732714
-0.23532192
1.8509375
-0.71401493
0.45859122
0.9040516
-0.60000879
1.1672879
-1.3286602
0.36982208
0.3991068
-0.020888008
-1.2994092
-0.49526741
-0.029899057
-0.052301163
0.21546425
-1.3532609
0.3827069
-1.0723175
0.74905347
-0.69312702
-1.1518427
1.7654813
-1.1540142
-0.13565633
0.080655506
0.42964767
-0.4222797
1.7982406
-0.89188783
-0.85962819
0.75442629
-1.1120589
1.0415954
1.0977565
0.78371074
0.20696496
-1.1401481
0.23920578
-0.71766613
-1.120185
0.99649941
-0.52159618
-0.84107352
-1.3447
0.077841892
-0.73405932
4.0535347
-1.1126541
0.340812
-1.2206651
2.6592042
-0.43593779
0.30737583
-0.18107451
1.06043
-1.3683559
1.6237513
-0.39885862
-0.44815525
-0.74365356
-1.0082175
1.5389171
-0.04621514
-0.089572761
0.15907641
-0.6838503
-0.58910639
1.6844086
0.71998755
0.19182228
-0.6266529
-0.63133159
-0.19569549
-0.35875961
-0.48061499
1.6964797
0.28535173
-1.1342583
1.5079259
-1.0141929
-0.862221
1.1774889
-1.0553113
-0.49125106
-0.16035958
-0.75867257
0.10082039
-1.0437756
0.75159567
-0.49651896
-0.12800116
-0.34437012
-0.90716688
-0.22406463
1.7650696
-0.54733614
0.27571508
0.39733127
0.12755175
-0.74871892
-0.65662826
-0.4057348
-0.39294948
-0.87453985
-0.48874778
-1.33564
0.47305617
-0.86428369
-0.2207591
1.9690003
0.69230998
-0.13591173
-0.47307852
-0.50617443
-0.46289492
1.0220582
0.49885223
0.23388005
1.6814037
-0.31567236
-0.75872207
-0.21327487
0.47951345
1.2332059
1.6051567
1.2895969
-0.57552617
-0.019430244
-0.94459506
-0.32182225
0.96015916
0.091969999
1.2725517
0.62007312
-0.0011427408
0.13146898
0.61017932
-0.2923981
3.3427427
0.11637627
1.0694758
-0.51113691
0.88019308
-0.25889405
-0.12721768
-1.1546916
-1.1231336
-0.73108801
-0.28590188
-1.3157905
1.0472307
-0.33650324
0.53101953
-0.55125206
-0.6285983
-0.41569635
0.91680482
0.59357922
1.357966
1.2831667
-0.11044684
-0.52551741
0.015974417
-0.91069525
-0.28022581
0.47302213
-1.0689175
0.74557946
-0.56402338
-1.0713057
-0.84265482
1.1840095
-0.68328697
-0.46348299
-1.1167345
-0.66943372
-0.33378238
1.176432
-1.1903868
0.94042968
-0.82129474
0.4199047
0.82276045
0.010870263
0.11451804
-0.4873582
0.32065339
0.55653293
-0.45046721
-0.44912678
-0.24037227
-0.091177905
0.62016621
-0.42158455
-0.34882438
0.071435957
-1.0503119
-1.1879758
0.80354812
-0.40609261
-0.82264065
-1.1097383
-0.76422936
-0.093152006
-0.22854688
0.1132917
0.97262173
-0.51126065
-0.57225643
-0.38285459
-0.21184599
-0.26471219
-0.66016149
-0.25219713
1.0595636
0.29958908
-0.60531467
1.1649677
0.4726924
1.5362702
-0.17682168
-0.063723123
-0.047100092
-1.1237542
2.1662038
-0.80274504
-0.86400132
-0.79099004
-0.68680869
0.64125472
0.9262718
-0.47391564
-0.36440979
-0.42366412
-0.1234534
0.19357747
1.7476964
-0.03740859
-0.34937645
1.3039771
-0.28416987
-0.3311612
1.1349395
0.99181747
0.31809453
0.66608202
-0.93354892
-0.67200018
-0.020084307
-0.77194071
-0.2732138
-0.85639672
-0.9109146
0.21325729
-0.79721613
-0.81039319
-0.20858367
0.065018746
-0.30737962
-0.46339892
0.32461188
0.66000631
-0.67764307
0.075070412
-0.75513023
0.36578339
2.5889677
1.5349415
-0.52216532
-0.53970527
-0.48425162
-0.12163253
-1.0544842
-1.2797048
-0.088804481
3.8975583
-0.75548303
0.55339154
-0.42418875
-0.33655956
-0.73087359
-0.20339088
-0.89630894
1.3398619
-1.0623504
-1.0086853
0.2639116
2.0707727
1.9037691
0.54712909
0.37766132
1.2350559
0.11051992
0.0054819537
-0.78915081
-0.81280701
1.5446516
-0.36666946
1.1068722
-0.32726286
-0.80962044
-1.1113718
2.2241129
-0.36724576
1.0802398
0.075638338
-0.64055155
0.44190465
-0.07411956
2.6711461
0.15487939
-0.2232656
-0.90557477
-0.62456666
1.5507525
-0.5681954
-0.77733926
-0.57976568
-0.76395692
-1.0025012
-0.65237108
-1.2260603
-1.0755995
-1.1935025
-0.77745889
-0.49959379
-0.22174775
-0.52762472
-1.1730782
-0.92940007
-0.89929703
-0.92802726
1.0900424
0.68096651
-0.89598841
0.45830523
-0.93302603
1.1685676
-0.67477877
-0.36790602
-0.035417927
-1.000057
-0.83571494
0.082820991
-0.21176099
0.89217836
-0.68016198
1.1717799
-0.043992869
-0.4202685
-1.2385871
0.82752347
2.0182638
-0.024139116
-0.16620459
-0.56716381
-0.52927315
0.97024046
0.28258288
0.46594127
0.74956659
0.84055456
0.25223093
0.63328712
-0.51527959
-0.45877301
0.099376328
-0.39199687
-0.074698071
2.2112651
-0.97520677
-1.3345476
-0.64171608
0.93922794
-0.16149589
0.21294072
-0.90962974
-0.77825049
-0.28180185
-1.3358681
1.1076389
-0.3602941
-0.92586801
-0.98475209
-0.90032448
1.5433434
-0.091723352
-0.96785445
0.39763239
-1.0258219
-0.84427023
4.4057264
-0.91233233
0.25480395
-0.39366223
0.87630174
3.0966036
-0.74370785
0.75518912
-0.91785075
0.14818569
-0.33518735
-0.30421025
0.80395965
-0.30417383
-0.21173304
-0.86761305
-1.1603945
-1.3393925
0.29187009
-0.7508327
1.3982308
-0.53406747
1.0342362
0.20632501
0.37396989
0.53802622
1.3066843
-0.004073939
-0.42999423
-0.20829449
-0.57667929
-1.0757032
-0.94798397
0.86050392
-0.2715755
0.55732269
-0.85182225
-0.48702247
0.9234864
3.3333703
-1.030516
-0.39092652
-0.011730488
-0.6350115
-0.5624488
-0.3189434
-0.43643106
1.6557658
-0.58060608
1.3925813
-1.0146725
0.56826518
0.20892303
1.1601744
0.37697733
-1.025982
0.58684675
-0.56815719
1.3159008
-0.73090846
-0.32261213
-0.49230483
1.9985126
-0.37335838
-0.90059007
-0.056745533
-0.80489757
-0.12936249
-1.0276089
-0.73505547
2.0608177
0.59361425
-0.76766533
-0.6562986
-0.42961398
-0.97657101
-0.1492513
-1.0203523
-0.26667417
-1.0749318
-0.29624796
-1.0813571
0.1611282
0.0054970052
-0.71739399
-0.53572241
-0.63608606
0.019880623
1.2258103
0.26913412
-0.26803109
-0.75220542
0.50701448
0.61486595
-1.184467
0.65725155
3.3494477
0.82673264
-0.084137071
-0.70616871
-0.86591592
-0.2826633
-0.47577644
-0.91329274
0.015866289
-1.2125235
0.46387884
-0.73379403
-0.50331966
-0.022772017
-0.02584183
0.81329001
0.26361117
-0.79053511
-0.44524201
-0.71076112
-0.3847536
-0.11442098
0.90023538
0.96565097
-0.26037738
-0.84765494
-0.30280125
-0.23258303
2.2433388
0.26556
-0.22376136
-0.45795413
0.037507935
-0.29002337
0.26352976
-1.3637424
-1.1238697
-0.43214174
0.80009634
-0.54115846
0.52791811
-1.2932093
-0.89252035
-0.46850014
-0.52579785
-0.7838506
0.71325348
0.37819495
-0.86250556
-0.37211835
0.28166422
-0.036875508
-0.6997712
-0.97705859
0.52894033
-0.58183941
-0.81573028
0.03393798
-0.58706024
-0.9641814
3.2055662
-0.10744869
0.010631709
0.12244908
-0.18965736
-0.39511265
-0.44442344
-0.64516311
-0.72020854
-0.32204688
-1.1293921
-0.079013269
0.46590277
0.10958746
0.56202044
-1.1100387
0.94082461
1.0074103
-0.59688473
1.7193916
-0.3530661
1.5884333
0.55123945
-0.20235719
-0.90950771
0.93015948
-0.74697529
-0.82300154
-1.1006337
-0.10534751
-0.35488168
-1.209567
-1.0400174
-0.2751376
-0.69916191
0.1531006
-0.7711724
0.6236347
-1.237499
0.55646679
-0.47514121
-0.33216979
-0.94719187
-0.53216685
-0.93845211
-0.69324622
-0.8364021
-0.98081652
0.31273602
-0.59842336
-0.22493167
-0.58354405
-1.0485401
0.29488632
-0.74210375
2.7509212
0.49021818
1.0372655
0.18717308
-0.50386222
-0.23927121
-0.104407
0.38737034
-1.0007331
-1.0624702
1.5190336
-0.71257376
0.51474122
0.71786015
0.15016062
-0.10736317
1.3614717
-0.73016709
-0.79802994
-0.99981061
0.3855359
0.83171006
-0.78369077
-1.0152122
-0.048351338
-1.0790466
-1.2068934
-1.0954251
-0.89640741
1.1584278
0.71380622
-0.50617127
0.45349389
-1.2808869
-1.121665
0.39954438
-0.27920905
-0.75197463
-0.32668791
-0.46149478
-1.1578695
-0.90587025
-1.0453837
0.0098620239
1.0531255
-0.86081678
-0.074759536
-0.54650824
-1.268655
-0.4508097
0.90801293
1.3652917
1.7706761
1.1234286
1.011426
-0.34278482
0.18744705
1.0728049
-0.38572766
-0.43109035
-0.72627483
2.4187728
-1.2372761
-1.1817565
0.031773893
1.1007509
0.77169893
0.11663189
-0.77823513
-1.0466605
0.75730774
-0.33762681
-0.83808858
2.6776874
-0.56813702
-1.3207035
0.57521236
-0.68806391
0.070620235
-0.39924103
-1.1911736
0.49850528
-1.2417091
-0.51793748
0.015581147
-0.95386665
1.4396091
0.93965176
1.9451794
-0.70108996
0.084514725
0.017603032
0.83287468
0.10459709
-0.18476261
-1.0673943
1.1145934
-0.55344114
0.079276271
-0.8294892
0.17633466
1.1031426
1.2623114
-0.6639636
-0.044031999
-0.76207308
-0.85824188
-0.1960854
0.76515463
-0.92743544
-1.0603004
-1.1463167
-0.34482855
-1.0402656
-0.27999402
-0.029258488
-0.54904788
-0.62323321
0.15547961
-0.19154667
-0.62413278
-0.18100805
-1.0134613
-0.00054509943
-0.58681862
-0.37221394
-0.34699627
0.11788422
-0.51682336
-0.010876005
-1.2974832
0.68014958
0.18160678
0.74196333
0.099589951
0.33721352
-1.0391949
-0.28829826
1.2522767
-0.99119839
1.6070755
-0.95924315
-0.6148879
-0.90585438
1.3210394
0.17424192
-1.0519161
0.53864009
0.71805994
-0.64083861
-0.79113977
1.1392539
-0.67402606
-0.20393951
1.6569131
-0.83043851
-0.36017386
0.11533406
0.22099693
-0.43673898
0.22144847
0.48813659
0.32497783
-0.9758688
1.4208585
0.056480678
1.1285525
-0.03763629
-0.94152269
0.21104751
0.12499324
-0.83338355
-0.9469939
-0.77931188
-0.61184361
3.1416061
-0.93446933
-0.1722715
-0.92162572
-0.43193956
-0.51930783
-0.25955987
-1.0147623
-1.2571805
-1.199794
-0.42398663
-0.47126379
0.10578209
-0.8427969
0.26220915
-0.5337637
-0.72658766
0.59258091
-0.38205736
-0.23930125
-0.62634678
-0.89239517
1.3152788
1.413682
-0.56452622
1.0559987
-0.86596378
-1.0511774
2.5253662
-0.69960064
-0.022441225
-0.19614053
-0.44101635
-0.99932755
-0.6097786
0.95838069
-0.85786511
1.7174752
0.4481238
0.99945703
1.5172987
-0.56151365
0.81257156
-0.38137275
-0.91122667
0.31564174
-0.11121829
-0.36864843
2.5536349
-0.12951643
-1.0698285
-1.3150558
-0.36565979
0.41501244
2.0083471
0.076337356
1.1427113
-0.51261749
-1.2584037
0.67973666
0.27756511
-0.16332846
-1.1157302
2.0087354
0.022981426
0.1940419
0.50436696
0.27914438
0.40880215
-0.90074147
-0.43313036
-0.86264538
-0.69686677
0.58671214
-0.18782457
1.8753023
1.2200253
2.1408467
-0.32913075
0.74865174
-0.36755011
-0.58622222
-0.92447956
-0.053844792
-0.82980603
0.072930986
0.72285435
-1.165853
-0.35921755
-0.29414953
1.414167
-0.8135898
-0.70851514
-0.24135981
-0.24964471
-0.29465565
-0.6414176
2.5404866
-0.1294011
-0.19746135
-0.47280397
-0.26196631
1.0561814
-0.35483409
-0.16250727
0.23276512
-0.44393472
-0.17488874
0.199869
0.83458972
0.014730479
-0.26791782
-0.82466506
1.3613937
0.54405774
-1.3481363
0.45703422
-0.69545871
0.4425197
-0.28196445
-0.3764762
-0.69795844
-0.2367185
-0.68798868
-0.034620988
-1.1343544
-0.018842621
-0.31159798
-0.42597369
-0.38956563
-0.92270304
1.4784402
-0.33186008
0.28431944
-0.66645632
-0.35081487
2.4676104
-0.81787021
0.66338139
1.3408024
0.10903303
0.52254082
-0.86530021
0.072602529
0.40661841
1.0343194
-0.25604205
1.9627641
-1.2605184
0.48732821
-0.33411397
-0.41184141
-0.78985496
0.10838153
0.19589967
-0.05743422
-0.65056766
0.83259672
1.4598927
-1.2609401
-0.15783374
-0.020239426
1.6375591
-0.11158743
-0.44296108
2.8479278
-0.98136715
0.73746527
-0.13498097
-0.63640547
0.086854821
-1.254006
0.22945676
-0.20347913
0.3336482
0.98647577
3.1950889
0.05711181
0.20908405
-0.30731749
0.034841156
0.59063279
0.77970011
0.27767208
0.77710302
0.52646945
-0.65526324
0.27479527
-1.0792332
-0.67301203
1.3764067
-0.96977922
-0.62495837
-0.42403611
1.1738132
-0.89155192
-0.50642387
1.9848447
1.0142748
0.21598911
-0.022727733
0.022754373
0.041999692
-0.52688658
-0.50674584
0.12207773
-0.62546458
-1.3123552
1.5512306
0.80864737
0.059057911
0.54470242
-0.40916003
-0.80339121
-0.041031055
-0.22014889
0.2601932
-0.5290852
-0.4893797
-0.97195681
-1.2548675
3.212067
-0.6336254
0.12786119
2.283843
-1.1887664
1.0407072
-0.82010019
0.59257847
-0.51737406
-0.65117178
2.2052353
-0.21775318
-1.2832957
0.62225726
-1.2374238
0.72308671
-0.054423672
0.37948742
-0.77225536
0.2503011
0.051057103
-0.57662286
-0.59897389
0.010851312
2.1140587
-0.023166744
-1.0632099
-1.1010384
2.2972397
-0.62229507
-0.60932203
-0.90984613
-0.022567068
-0.51631789
0.225226
0.23084532
-0.75747035
-1.0363411
0.35966721
-0.020865842
-1.2252875
-0.051541025
0.33595286
-0.84283991
0.87081472
-0.066385862
-0.73139492
0.4236778
-0.79693575
0.1424418
1.4068404
-0.71833999
0.14589065
-0.90124543
0.26257119
-1.2605977
0.98578342
-1.0807481
-0.32231462
-0.69329517
0.98472248
0.29478436
-0.90711422
0.90320959
0.14264297
-0.64094701
0.21049743
-0.82599964
0.4444768
-0.46570146
-0.73955022
1.3110006
0.51239924
1.4688693
-0.13843978
-0.66750496
-0.27194428
1.6399961
-0.17907149
-0.7439653
-0.16817643
-0.35235242
0.1564293
0.64817965
0.076687371
0.21293391
0.2535904
0.80051992
0.37762724
-0.16714388
-0.84624749
-1.0781029
-0.74853512
-0.57319659
-0.69641432
-1.1364914
-0.88558999
-0.28739623
0.043991598
-0.85614647
-0.59321331
-0.3223886
-1.2212138
1.1842055
0.59444342
-1.1486723
0.51423405
0.63939534
-0.68746885
1.5107803
-0.42039731
0.26171146
0.94023877
-0.72172148
0.8841024
-1.0507585
-0.044395134
-0.39920616
-0.45203244
0.073416022
0.5434807
-0.25828502
1.6104473
-0.45089732
0.012287737
-0.089489853
-0.72606697
-0.067841827
2.3878077
0.24182273
-0.83204123
0.31802146
0.26249404
-1.1382048
-1.0005997
0.025625803
-0.63283422
-0.10872688
-0.25572435
0.26100728
1.5723061
-0.71998511
-0.10179822
0.20677428
-0.89246754
-0.1227763
1.0388733
-0.56104336
-0.69427662
0.22096967
0.57766609
-0.47183763
0.55192396
-1.2372629
-0.42287097
-0.98075756
-1.1654617
1.5213396
-0.28550461
0.85837333
1.4314688
0.18061842
0.90064561
-0.7700488
-1.198296
-0.35236344
0.65943042
0.40481337
-0.29663346
-0.87677456
0.0069716506
-0.43237411
1.0968992
-0.56255298
-1.1800038
-0.71282178
-1.0974764
-0.73196202
-1.1938814
2.3841124
-1.3908582
-0.68831727
1.2393821
0.11096085
0.96333402
0.53635262
-0.14569865
0.1609975
0.32992998
-0.67132929
0.71673251
0.14257137
0.4432963
-0.80966495
-1.2478557
1.3774507
-1.2224734
-0.10588008
-0.20845487
-0.45916629
-0.33791361
-0.17614644
0.12730331
1.7067132
-0.70383192
-0.72743837
-1.2270844
0.65613298
0.42280322
1.5562334
-0.53430176
-0.56270363
-0.5172579
-0.80888824
0.94634633
-0.77698404
-0.24487462
-0.77171319
0.68427485
0.30096929
-0.22445542
3.6469534
-0.56947853
-1.0056965
1.0828799
-0.3324901
-0.51360709
-1.0761477
-0.95556011
-0.29532108
-0.19829073
0.34134846
-1.0345578
-1.0605117
0.0093454323
-1.0976608
-0.57687879
0.50468994
-0.27760547
-0.57949558
-1.3705002
2.9766279
-0.63703336
-0.18954926
0.49072404
0.11116833
-0.74866035
-0.081849562
1.5870331
0.78438904
0.10534419
0.34551396
-0.37458275
0.45750261
-1.0559719
-0.68797804
0.63796897
-0.055094946
-1.2437208
0.19171366
-0.75431111
1.0725071
0.75451901
-0.98887643
-1.1032913
0.47628206
0.38082153
-1.1009952
-0.019127011
-0.43847332
-0.52707676
-0.27682518
-0.020822813
-0.99643016
-1.066931
0.13053625
-0.71602457
-0.86955928
-0.31274896
1.5900547
0.04438062
1.5445941
-0.93032727
-1.0908466
0.63232132
0.78311209
-0.41768242
0.083134033
0.3385776
-0.51130054
-0.72168031
-0.82810371
-0.6823148
-0.60005407
-0.54138537
0.26817552
-1.0080758
-0.80480226
0.13075944
-0.011979171
-0.23343969
-0.66337365
-1.0480228
-0.26949196
-0.12712969
0.125861
-0.75079849
0.9774543
0.52300923
-1.279214
2.0146024
-0.66196336
-0.15374852
0.18496049
-0.83343364
0.26625381
-0.36511734
-0.38689278
-0.70477171
0.88418071
-0.53934325
0.59967803
0.45189738
-0.47999975
-0.71498476
0.037280201
-0.30812315
-0.46534974
-1.0955525
-1.1053853
2.4966723
0.49707471
-0.63394481
-0.95156845
-1.0655054
-0.86082788
-0.15910085
-1.0886393
-0.31000284
-0.89644543
-0.89178422
0.40532655
-0.75337583
-0.85730058
-1.1985531
-1.0782194
1.0002821
-0.96144316
-1.064449
-0.99521166
-0.60863926
0.46713712
-0.50442663
-0.19944472
-0.090780317
-0.90330631
-0.6022247
0.54232273
0.14442008
-0.10010742
-0.15164653
-0.73943962
-0.039948593
0.12362708
-0.56721404
1.0021025
0.14459988
0.52784195
-0.13562504
-0.13705511
0.039417608
-1.1385966
-0.50253236
0.50109648
-0.18710593
1.2912004
-0.74549968
-0.020359404
0.31304736
2.7261093
0.31730611
1.526221
0.39477444
0.075468308
-0.82739112
-0.65482959
-0.20780791
-1.1536813
-0.24689025
-0.44813053
-0.41246913
0.57854311
-0.23436678
-0.31334366
-0.92030412
-1.1852706
0.80582601
1.2740583
0.13638351
-0.23826077
-0.10385051
1.1148011
-0.48849039
-1.0722901
-0.73542318
-0.71426798
0.024165401
0.72118027
1.0594219
0.89706019
-0.68173506
0.70423223
-0.4102912
-0.3880296
-0.52811191
-0.5954991
-0.81521836
-1.2376226
0.67485404
-0.6029045
-0.93745336
-0.9273488
-0.21038508
1.3074252
0.1729581
-0.43496938
1.0860759
-0.22810514
0.58042361
1.8469228
-1.2243413
2.7652238
-1.1468507
-0.68378263
-0.32557924
-0.19108436
0.92123817
2.2754206
-0.94526591
-0.52563746
-1.1261435
-0.43688228
-0.88214879
0.43789237
-0.71033692
2.1263538
1.9457576
0.80382626
-0.74162647
0.12010908
-1.2885058
-0.79514957
-0.68602599
0.9974011
-0.60280553
-0.87199022
-0.93164978
-0.51139127
-0.69194217
-0.32308539
-0.25803326
1.9194451
-0.21347809
1.0465133
-0.97309657
1.2736082
-0.88562508
-0.51113188
1.1174777
0.39316902
-1.0575128
0.17190283
-0.53842836
-0.44537807
0.62798938
-0.85884011
-0.63845353
-1.0787468
0.071874819
-1.0253944
-0.90830302
1.2497749
-0.51967836
1.3500746
-0.30779971
3.4965681
0.064649127
-0.40894648
0.71016536
1.321628
-0.41744079
-1.0327169
2.5567286
-0.46653976
-0.39179162
-0.18398265
0.19662266
-0.22187218
2.9570256
-0.89689879
-0.048206818
-0.47177592
0.29955607
-1.1433752
-0.69581972
1.6503782
-0.15803832
0.51763975
-0.54345146
0.17989336
0.48053461
-0.77313832
-0.95019897
-0.96968555
-0.11726009
0.81874953
-0.29319066
-0.50813988
0.42589847
0.37531499
-0.079701842
-0.71063517
-0.69613191
-0.0089033439
-0.042766043
-0.94514348
-1.1875273
1.7553894
-0.56189227
-0.41519201
-0.97363385
-0.28093162
0.30525277
-0.62241441
-0.95228229
-0.69823579
-0.96872578
-1.0509012
-0.39243899
-0.48522389
-0.6899071
-0.75396731
-1.0660101
-0.84925469
0.19288316
-0.69684649
-1.3015216
-1.0427341
-0.85338587
-0.33300334
-1.2799053
-0.010152397
-0.65759854
-0.59604732
0.90134813
2.8030737
0.16055583
0.79050157
0.34290238
-0.64705024
-1.0831612
-0.52387962
-1.2923377
0.61111509
-0.72597892
1.901718
0.10088429
-0.60521552
0.393845
-0.43438905
0.60911858
-0.63038919
-0.96268886
0.21966623
1.1295281
-0.53736446
-0.039014618
1.7102557
-0.040178744
0.58525825
-0.59736344
0.97196655
-0.58719183
0.1395827
0.013768982
0.51764316
0.62573194
0.71222797
-1.059229
-0.071532169
0.066651275
-1.2845207
-0.28777271
0.42245362
0.17410247
-1.0241232
-1.0023823
0.60074025
-0.10491115
0.42982306
1.9202497
-1.3069489
-1.0958804
1.8772991
-0.94154679
-0.79190578
-0.66295457
0.37370236
-1.1168091
-0.69030779
0.79609985
-1.2315743
-1.1269648
-1.0114112
0.7645892
-0.65079907
-0.83307168
-0.68195509
0.24152362
0.48498201
-0.10652862
-0.68623302
0.08149726
-0.19459339
0.82460686
0.71283509
0.39406111
0.77906654
-1.0706346
0.60072534
0.65860476
-0.30697619
1.5333507
0.62510689
-0.13529015
-0.05483475
-0.17352983
-0.8678867
5.3530727
-0.59283932
-0.80157149
-0.18308295
0.21132654
0.88645129
-0.91338729
-0.057583748
0.4121781
-0.013037858
-0.48365222
0.068579603
-1.1380973
0.64920204
-0.31663364
-1.0065851
-0.62784027
1.0511031
-0.0045699333
-1.3508263
-0.64397532
-0.59400775
2.6863495
-0.88267606
-0.62955062
-0.6880131
-0.41484335
-1.0207582
-0.79375341
-1.0813375
0.22165703
-0.021413502
-0.8122899
-0.75975833
-0.95238333
2.5506956
-0.1304337
-0.45603695
-0.70826857
-0.24244971
1.0029747
-1.0776575
-1.1589242
0.81408685
0.75542871
-1.1903851
0.57110271
-0.81074014
1.2009687
0.69976578
1.0906746
-0.18837597
1.5614199
0.37800149
-0.89513493
-0.23219403
2.2251062
0.36893532
-0.25566347
-0.51674827
-0.26478251
-0.75700292
-0.97015387
-0.11949191
-0.64405168
2.1629812
-1.0517856
0.8988055
-0.70326171
-0.64231352
-1.0279818
-0.70214058
-1.0552735
-0.24153559
-0.090294985
-0.51545093
0.96127372
-0.4434346
1.3282354
1.2771363
-1.0769913
-0.56883533
1.6845955
-0.94052046
0.54402392
-0.79667813
-0.98989158
0.27254547
-1.3154251
1.5805379
0.2406648
0.11644788
3.2306562
-0.71457728
2.744117
1.0398939
0.51610967
0.97727841
0.54840673
-0.58908542
-0.99432589
0.10901634
-0.52580415
-0.64285065
-0.34146789
-0.35912717
-0.71992861
-0.72726808
-0.1481293
-0.33611727
0.093104039
-0.12082387
0.44592604
-0.19074736
-0.69897365
0.085838055
-0.93608711
0.56693195
-1.2657696
-0.70729295
-0.79029078
-0.64541473
-1.2044288
-1.2668442
-0.62097412
1.2127477
1.0783508
-1.2362672
-0.12522492
-0.160425
-0.43200128
-0.43179677
-0.54108468
-0.90764496
-0.10896017
-0.21210967
0.30469932
-0.91280017
-0.8848486
-0.029585531
-0.90690513
0.10940076
0.60991802
0.16530815
2.2246641
0.095516415
-0.46855369
0.58989505
1.4159187
-0.052864089
1.993144
-0.58620206
0.78366366
1.6364908
1.1302995
-0.52282735
-0.42759864
1.0494599
-0.070118145
-0.25872332
-0.16242991
0.26960113
-0.30458771
-0.42217587
-0.59375843
1.2798956
-0.24521401
-0.84964448
-0.77157549
-0.95156617
1.0866909
1.1399487
-0.14352941
-0.59341173
1.5927795
-0.846243
-0.96613907
-0.56677957
-1.358318
-1.2688625
-0.084981382
0.3836109
-0.075424847
1.0694267
-0.63836796
0.13230787
-0.57000944
-0.0078360446
0.48561564
-0.36020188
-0.84452871
-0.95015364
-0.71759053
-0.36942173
2.5460734
1.1669704
0.31785634
-0.6437858
0.93503348
-1.1441084
-0.59683979
-0.10799193
-0.38814706
1.0359083
-1.1124393
2.6168625
-0.031361221
0.46110841
-0.61038449
-0.63653269
-0.39706934
0.71888599
-0.16208395
-0.87019148
-0.63109694
-0.55568667
0.46803035
-0.26219265
-0.71609807
0.021429226
-1.1840901
-0.21292697
-0.3891335
1.0565887
0.094380968
0.2244275
-0.27041027
-0.96372874
-0.79636636
-1.0032692
0.79510279
0.1180707
-0.75228218
-0.038030652
-0.93288044
-1.0654602
-0.40601679
-0.65856849
-1.1329161
-0.44702548
-1.1518581
0.1574785
1.6158626
0.51721009
1.8209203
0.82739053
-1.2607984
-0.85417523
0.46445863
0.88159177
-0.82325791
0.53925658
2.2898846
0.90663618
-0.73468464
-0.43621543
-0.23829596
-0.39928515
-0.28123921
-0.92789852
0.26929871
0.12119703
-1.0245399
0.28941529
1.5322988
-1.1679805
-0.71902142
0.23757143
-0.087855244
1.3694356
-0.32824196
1.5108887
-0.62921165
-1.0459021
0.48098108
-0.62038863
0.65287797
-0.79885713
-0.6361424
-0.043467821
-0.66388795
0.76169494
-0.17419992
-0.79126797
-0.52992739
-0.097308594
-1.065121
2.0460457
-0.88871606
0.599716
0.20486947
-0.14000834
1.8882939
0.33085213
0.4070731
-0.27766669
-0.23950272
0.11381268
0.47350769
-1.1667424
0.054571073
-0.43915728
-0.75500302
-0.66284645
-0.55162448
-0.1358418
-0.82402632
0.080982292
-1.2562964
1.3894945
0.8131993
-1.0550497
-0.94954692
-0.65385795
-0.75775878
0.24635143
-0.20320386
1.4495332
-1.2070524
-0.288459
0.30058555
-0.31372647
-0.86741825
-0.26234402
-0.35630574
0.90758547
1.7030668
-0.8881944
-1.1347992
0.80647641
-0.86033116
-0.57641861
0.48270501
0.15197639
1.7406858
-1.2641001
1.0395503
-0.34336567
-1.0319964
1.8144107
-0.42182278
-0.5217019
-0.69097509
-0.47917272
0.80164926
-0.95654641
0.49156441
-0.36136127
-0.8509981
2.1163385
-0.38856878
-0.0029300407
-1.0392115
0.33150648
0.49573509
2.5019501
-0.37119614
-0.17125853
-0.95064992
-0.76423404
0.70029616
-0.4180583
-0.4392183
-0.541907
0.22095498
0.10390185
0.72176158
-0.0081614697
-0.18023675
-0.47722177
-1.1285541
1.4218793
0.87932408
0.67424855
1.5503614
-0.097080348
0.52911591
-0.020529862
-1.3376117
-0.99217199
-0.4069669
1.3748418
-1.0474444
-0.3950983
3.3136374
-0.35988883
1.0373137
-1.2007611
-0.43929715
-0.26978337
0.21245678
1.1495878
-0.70254576
0.63685908
0.15381293
0.39845149
-0.038383352
-0.20400742
-1.0348668
-1.200977
-1.0647575
0.099782669
0.96857941
-0.33896785
1.3739919
0.60099442
-0.42214837
-0.93074147
-0.5190313
-0.54467784
-0.63556564
-0.40548589
-0.61739962
-0.31135238
-0.12110791
0.47830506
0.77786354
0.78972913
-0.58537697
-0.64238179
1.6697469
-0.97020646
1.0159206
1.7327327
0.85716298
1.096543
-0.60391299
-0.64602438
-1.0528489
-0.060057481
-0.85890141
0.022331377
-1.1362452
-0.44317394
-1.0614612
0.055603573
-0.82573023
1.4955248
1.9320317
-0.142558
2.0613456
-1.3535614
-0.46975229
-0.874408
1.0882982
0.84250401
-0.30430475
-0.77722342
-1.0620986
1.2886793
-0.26800087
-0.37750389
0.54032334
-1.2027601
-0.87326887
0.76024729
-0.20550318
2.127975
-0.88868564
-0.78545347
0.78162695
-0.29892248
0.4690157
-0.96579167
-0.28438992
-1.2035649
-0.59677402
-1.0315222
-0.91108238
1.7991717
-0.47292983
1.0743054
-1.1012944
-0.9663301
0.99345873
-0.29928676
0.49307363
0.57793191
-1.0690204
0.51334826
0.95001256
-0.7109228
0.94063095
-1.3912737
-0.925392
-1.0413239
1.1813658
-1.053037
0.1767772
0.47265988
-1.0353197
-0.73312198
0.069381248
0.75535954
-0.41744945
-0.50954174
-0.46313829
-0.54498616
-0.75518629
-0.95110941
-1.0135213
-0.78789851
1.6921701
-0.53296281
-0.052248426
0.63831994
-0.9159601
-0.11463429
-0.23320868
0.50982672
-0.38286406
-1.0892967
-0.10961132
1.0159467
1.7462906
-0.37113409
-1.1099335
-0.29356667
0.93260802
-0.72711404
1.1787843
-0.93644549
-0.068681605
0.35890697
0.34811717
-0.56234157
-0.67389416
-0.64928568
0.59528299
1.3445996
-0.36326686
-0.85986068
-1.2914225
-0.7188584
-1.361576
-1.0501119
-1.3289477
0.020664578
-0.94671078
0.37928815
0.35367554
-0.56748341
-1.180405
0.22131581
0.4468625
-0.68578365
1.6070857
1.6962505
1.838287
-1.1159061
0.95447055
0.81687293
0.79233399
0.57357218
2.5795783
-0.25616138
-1.1373477
-0.83170047
0.086102763
0.47045379
-1.0283334
-0.28693344
-0.73011527
-0.78382327
-0.063702858
1.7266015
-0.20615423
-1.0120395
2.0538978
-1.1774425
1.0448234
-1.2778397
1.4996901
-0.26447606
0.36564663
0.71579705
0.53359572
1.0847195
-0.78039186
2.413628
-0.3575559
-0.66472059
-0.6294411
1.0551185
0.098259343
-1.058216
1.0111798
-0.18450005
-0.77279763
0.26912002
1.4567004
1.4428012
-1.1285826
-0.58796267
-0.98481802
-0.73369037
-1.0961298
-0.070925402
-0.12685663
-1.2380431
-1.283424
0.64572837
-1.3399166
-0.92500816
-0.73286762
1.434998
0.73722804
-0.29403279
-0.7445032
-0.88096943
-0.45693226
0.49414052
-0.67127184
0.62212239
-0.7055446
0.55297889
0.020892713
0.27236589
-0.471645
0.96934822
-0.91129834
-0.67331108
-0.98082501
-0.20700659
-0.39918781
-1.2226281
-0.94135178
1.2761621
-0.19291552
-0.71311942
-0.017987591
-0.69542873
1.3764299
-0.8790241
0.019539229
-0.58042541
2.2917047
0.158215
-1.1519998
-0.084268544
0.32461869
-0.34317202
0.42741908
-0.56391758
-0.76477208
-1.0073335
-0.025780874
-0.48760455
-0.98822254
-0.67627882
-0.59405871
-0.88056986
-0.84055153
-0.51179973
-0.54315951
-0.29904252
2.1670271
1.3079255
-0.1852656
-0.73813315
-0.95664034
0.11287337
0.35148752
-0.67128551
-1.0277733
-0.21850178
-0.70695968
-1.270497
-0.81991071
0.51470901
0.021442867
-0.15120781
1.2507248
1.6668127
-0.40404264
0.83354379
1.4246357
-0.65735029
-0.48977054
-1.1835731
-1.1981756
0.097565456
0.041778591
2.0855572
0.14424535
-0.39124747
-0.71726601
-0.53154723
1.0942826
-0.57929831
1.9105804
0.50291405
-0.70205238
1.825956
-0.18436389
0.56590724
1.7222292
-0.2130795
0.77908805
0.44927358
2.1056955
0.062634783
-0.7526268
0.67842031
0.036837685
-1.2548416
-0.095009693
0.79457603
0.063628216
-0.54101545
-0.15468407
-0.79951911
-0.18496742
-0.98723322
-0.65649338
-0.56711208
-0.75549193
0.012242111
0.026359652
0.0041522813
1.3048237
0.61645238
-1.0437598
0.070238619
0.79753578
0.80339296
-0.381188
0.65089962
-0.76371319
0.58986537
-0.29046298
-1.0327343
-0.39334291
-0.87338383
-0.35591223
-0.37530186
-0.49062943
0.16719007
-0.14740416
0.349421
0.07564049
-0.78456134
0.25231282
-0.34093807
0.27757647
1.0832045
-0.053839088
-0.94570846
-0.71861503
0.53208343
-0.98692332
-0.75193264
1.4177893
-1.0593428
0.20122428
0.25803921
-1.1405197
0.37919803
0.47103647
1.1275524
2.5653202
0.19764339
-0.81350016
-0.19076066
1.2295998
-0.22416958
-0.19572955
0.076220501
0.1573148
-0.52698823
-0.93164154
-0.3654693
0.031110869
3.6027298
-0.81202704
0.32730074
-0.91108033
-0.75173128
1.3195771
-1.1424704
-0.52431659
-1.0166955
0.47211485
-1.3016023
0.22915477
-1.1119985
-0.18329304
-0.46334018
-1.2003685
-1.0305731
-0.45726468
0.1347794
0.065889899
1.7313087
-0.62572551
-1.1456198
-1.1260581
-0.27596217
0.89204914
-0.52324721
-1.0107858
0.39171288
-0.75572502
-0.46255887
-1.0917955
-0.28557411
-0.4514351
-0.80292445
-0.6422023
-0.88952566
-0.020689356
-0.7113686
-1.1536942
-0.43892872
-1.1079687
-0.81748854
-0.2082939
-0.77264019
1.704383
3.4040848
-1.0376203
0.038654564
-0.50458632
-1.1795974
1.2195931
1.5389069
-1.0275036
-0.23954703
-0.5161637
-0.046580014
0.067788311
-0.16694111
0.031537573
0.75047385
-0.0046682757
-0.43712609
-0.22885388
-0.014825166
-0.9408344
0.45604209
-0.63577728
-0.77625077
-0.57345873
-0.29532982
-0.35836458
0.693518
-0.59142849
-0.77757443
-0.45069804
0.69532045
-0.52173611
0.8007178
-0.3602648
-1.1306619
-0.97255899
0.48352839
-1.3572764
1.1090046
0.6493435
-0.84114243
1.8721842
1.6225889
-0.35529818
0.93795611
1.5770137
0.52893886
-1.0099468
-0.92119541
0.24600813
-0.10168431
1.5011542
1.0188296
-0.031325123
-0.15538309
0.55534733
-0.63295523
0.38370584
-0.73421366
-0.16484157
-0.11291926
-0.2253856
0.70117221
0.20134085
0.52616777
-1.155544
0.23947083
-0.33727407
0.093424307
-0.41606186
0.11463031
-1.1599123
0.40444399
-0.070763799
2.5205266
-0.52209094
-0.76962275
-0.92910182
0.11936688
-1.2101001
-0.9534024
-1.1738444
0.18955962
-0.62333561
-0.99870014
-0.31751386
-0.85409793
-0.23914871
-0.96191756
-0.34291501
-1.2487255
-0.86032334
0.50273308
2.2411483
-0.22629389
2.6366301
0.24805689
-0.68929489
-0.9595404
-0.36391527
-0.38184716
0.20720342
0.066982094
-1.1041434
0.34111318
-1.0084626
-0.38404515
3.212439
0.58809643
0.80349284
0.86125931
-0.73725553
-0.51443992
-0.45220715
-0.20232573
-0.38085173
-0.73822978
-0.68624874
-0.29346046
-0.12665543
-1.1807006
-0.4615006
1.684274
0.76394536
-0.2814403
-0.75505895
0.096012616
1.6623301
0.39165392
0.81452331
3.0952203
-1.2196277
0.090026817
-0.68808727
0.036047818
-1.1429445
1.1258551
0.86630977
-0.12147315
0.28356195
-0.79830718
0.32752086
-1.0471433
-0.21087536
1.283823
-0.70513359
-0.0021060436
-0.47815202
1.2393342
-0.13843974
-1.0682933
1.2015221
-0.66375757
0.47443137
-1.0179196
2.3624675
-0.66627046
-0.54006594
0.37154865
-1.0785852
1.2958824
-0.073185254
-1.1056525
0.9826557
1.3457873
-1.1701202
0.43042479
2.107954
-0.35136637
-0.92276151
2.2214485
4.6278575
0.30750446
-0.62673825
-0.079412977
-0.96824837
0.24560924
-0.63074909
-0.1456873
-0.7609526
-0.048886479
-0.48658771
0.22048035
0.31817465
0.51970109
-0.87012562
-0.48387545
-0.88424954
2.4250631
1.1487538
-1.0809716
1.0950442
-0.76650825
1.9868935
-0.79160175
0.84082606
-0.49223227
-0.68687142
0.016358966
-1.0164877
-0.34894948
0.2308922
-0.55750093
-0.86166508
0.98460458
-0.72636132
0.38466674
-0.093028511
-1.3549309
-0.29503412
0.28877813
-0.37532818
-0.17724815
0.64348827
-0.65326388
-1.14681
-0.63222516
0.45498924
-0.56076398
-1.0062186
0.023002722
-0.083496313
-0.80737802
-0.87782886
-0.74407406
0.054511503
-0.62179722
-1.2961736
-1.059621
0.78569817
-0.043948129
-0.043447998
-0.95450564
1.993328
-0.57139514
-1.1744056
0.53780438
1.9045527
-0.19368345
2.1801417
1.0937808
-0.14641865
-1.3269197
-1.3143916
-0.37784159
-0.80488958
-0.21124534
0.27303874
-0.3638769
-0.71850243
1.9728071
-0.85421625
-0.42553793
-0.51933355
-1.0112775
-0.94622487
0.87443187
-0.024261767
-0.88735504
-1.1441007
-0.18463186
0.66188532
-0.12541702
-0.49896559
-0.15327771
1.9324142
-0.38483624
0.90920913
-1.2610156
-0.97935855
-0.80300879
-0.035411315
-0.61141356
-0.79785063
0.16249645
3.2256234
0.44954356
1.3411633
1.8457909
-0.80272434
-0.55458613
-0.14183462
1.7558323
1.3634445
-0.28907168
2.8713398
0.042325629
-1.1237127
0.012017819
-0.045750611
-0.66939516
0.37817489
-0.0496453
0.90628855
0.12818072
-0.57252295
-1.2492506
1.3469211
1.260668
0.44247181
-1.361838
-0.2706722
-0.62790135
1.2207363
-0.39169113
2.8005378
-0.57531702
1.7878203
2.9225572
0.30802015
1.4427019
-0.53473151
-0.37319392
-0.038282154
0.032775711
0.46148271
0.39086151
-0.81177022
-0.017925362
0.56522019
-0.083850726
-0.037449151
-0.64338565
0.5186157
-0.026827947
-0.76672154
-0.39764521
0.97069793
-0.5654811
-0.85411118
0.001899941
0.55160442
-0.73743134
1.8767705
0.34287306
-0.74665
0.57562533
-0.47981546
-0.54246361
0.9709434
-0.60161974
-1.2581654
2.6423535
-0.06491122
0.28762305
-1.0024409
-0.72410124
-0.34837113
-0.8715114
-0.40596024
-0.28330696
1.2186707
-0.51056588
-0.59218332
0.60125409
-0.32337552
-0.45056427
-1.2357809
-0.69107056
1.1339211
-0.86766798
-0.22260302
-0.6150189
-0.3827435
0.98022319
0.065831385
-0.31387276
-0.98371891
0.88585633
-0.89083397
-0.14919968
1.1297572
2.3073276
0.30840338
-0.024232182
-1.2829729
0.76590894
-0.62812455
0.30336136
-0.73774223
-0.82332466
1.3635767
-0.16604284
0.86420448
0.0041503743
1.3232816
0.10777391
2.1002676
0.027507146
-0.57384167
-0.64768242
-0.017788087
-0.96357213
-0.8656741
-0.12761219
-0.62968148
-0.6104771
-0.70560553
-0.28789422
-0.12954953
-0.44526871
0.35531526
-0.30474937
0.35444006
-0.57309258
-1.0255456
-0.19277227
2.8848101
-0.51354743
0.08666873
-0.42022168
-0.092233791
1.5309416
1.3935083
1.1271072
0.39930234
-1.2646415
-1.190184
-0.39144192
-1.08556
-0.048301973
-0.98410459
-0.045786412
2.1143374
-1.1435727
0.10445814
0.017374876
-0.23567241
-0.086300127
0.44345365
-1.2315154
0.31878597
-0.29977681
-0.090829272
-0.8791341
0.11483846
0.77788407
-0.30516659
-1.1172585
0.056992976
-0.28427284
-0.90759723
-0.8399029
-1.1601361
1.813157
-0.91533995
-0.62061457
0.99603785
-0.59257593
2.5347479
0.044536561
9.0582682
0.71422186
0.15332452
-0.17772346
-0.57603379
2.0739895
1.3429623
-0.24774967
-1.2085877
0.42995858
0.87766055
-1.2690972
-0.22818601
-0.14890671
-0.48186797
-1.1333199
-0.43853202
-0.81269381
-1.2196687
-1.2113463
-0.48227261
-0.85235443
-0.77476185
0.22128115
0.1178179
-0.074923809
0.11056429
-0.66089591
-0.46028799
1.4756121
-0.66266336
-1.0155867
-0.080617913
-0.5911858
-1.1788785
-0.77756999
-0.042657328
-0.91085744
-0.077457824
0.72339306
-0.58278439
-0.24096054
-0.9298357
-0.52562298
0.099790979
0.30599213
0.059653851
-0.52990748
2.6316027
0.0012147974
0.35894235
-0.077182767
1.3618581
-0.83285923
0.63697627
0.67305026
-1.2731619
-0.44167505
-0.96848343
-1.1407515
-1.0199564
-0.41123035
0.59707566
-0.29834609
-0.69131534
0.07006421
0.59340074
-1.0462359
-0.14515316
-0.74981416
1.3061146
-0.5212962
-1.2573264
1.1872965
-0.53948084
-1.182007
-0.75117748
0.19748822
0.4845745
1.2448934
-0.075926963
0.8842804
0.93194172
0.4874368
-0.76588338
0.4420403
-0.078946367
-0.733332
-0.79245126
2.4583631
-0.32105469
-0.65907972
1.1820127
-0.92084638
-1.250106
-0.16061901
1.3053461
1.2352689
0.046322581
0.53582481
-0.0028966752
-0.3080463
-0.82113001
0.41403967
-0.4826376
-1.0228156
1.6499275
-0.22720139
0.3620663
1.4469005
-0.043492726
-0.87007027
-0.60745042
-0.39977992
0.021056131
-0.59246196
1.4392024
-0.66520323
-0.9684445
0.24640879
-0.44900457
-0.64321596
0.82960395
0.15688183
-1.2712357
0.13538898
0.036137534
-1.1057545
-0.83983551
-0.87913495
2.5281516
-0.99020318
-0.3626361
-0.70865604
1.7772188
-0.98445913
-0.88616251
-1.0795823
-0.21456302
0.39572735
-0.81353135
-1.0435607
-1.0349008
0.55586864
-0.82309178
-0.84918179
-0.53260864
0.5877283
-0.23598549
0.073412909
-0.91201753
0.82841276
-0.35451442
1.1419097
-0.43557881
1.2672121
0.22773349
-0.39788031
-0.88845098
0.054114119
-0.14087111
1.5422848
-0.4353287
-1.1975679
0.10699531
-1.0956223
1.4511314
0.89275276
0.78342227
-0.25379746
0.40713486
1.1470048
-1.1299123
-0.81937334
-0.99867255
-1.0904934
-0.47515887
0.56653426
1.3167176
-1.2615087
-0.2670686
-0.45596612
-0.74997456
-0.92937769
2.1475438
0.90673262
1.001867
0.58100922
-0.48358803
0.23273165
-0.50392902
-1.0595895
-0.053815399
1.2067867
-0.32202533
2.8916853
-0.93861247
0.15209786
-0.69671563
-0.83370658
-1.3181442
-0.40992816
-0.12768867
1.0272523
-1.0597357
0.83669998
-0.4148768
-0.17662777
0.41238869
-0.69347985
0.28801745
-1.036303
-1.0333791
0.16078522
-0.24145102
0.36750174
0.071644253
0.2344549
-0.53207966
0.43908599
-0.15502353
-0.57913556
-0.64927297
-1.089935
-0.80792755
-0.076220605
-1.1621557
0.41940002
-0.63578052
0.80153173
0.99450012
0.25702341
-0.32400345
2.1133537
-0.234525
0.3283587
-0.46914911
0.51803996
0.2440974
0.63738401
1.8484511
-0.65104482
0.19695812
1.1302055
-0.89320278
0.11202964
0.58269873
-0.67167548
1.9893161
-0.043643953
0.50470301
-0.4526814
1.6487643
-0.22774594
1.9976772
0.074184065
1.3140274
2.5394042
-0.62377173
1.1809947
2.0880594
-1.0586591
0.50362199
-0.27180555
-0.20409349
-0.46696173
0.32784332
1.1453318
-1.0463588
-1.1558374
-0.85979169
0.91233079
-0.47023931
0.79911685
-1.2959824
0.01939952
-1.2584604
-0.98780693
0.46860139
0.45993736
-0.077919049
0.15061575
1.228144
-1.3507802
-0.6027541
0.70517504
-0.57780946
-0.15993981
0.21538789
0.44559718
-0.21965023
-0.44136438
1.2698086
-0.50731397
1.2723525
0.61500631
0.030520421
0.9378425
-0.62843353
-1.0716587
-0.33693139
0.21814415
-0.87600037
-1.0233187
0.072180452
-0.12119818
-1.0707251
-0.82060401
0.043843003
0.59975618
-1.0579895
-0.86712208
-0.39153843
-0.41424635
-1.2766631
-0.24282669
-0.30163896
1.9825978
0.64304144
-0.99134765
-0.92493085
-0.78324613
-0.42079283
3.6715235
0.12943734
-0.1064308
0.62753909
-0.39150245
2.0135781
-0.12971606
0.1657873
0.020909686
1.3706318
-1.2166827
-0.14817681
-0.069695343
0.68283491
-1.0017319
-0.13362705
-0.38200773
0.092708141
-0.14877188
0.03561492
-1.1148778
-1.2225543
-0.87929747
2.2595819
0.19224852
2.6695199
0.46209007
-0.0072493842
0.61547085
-1.1422208
-1.2541926
-0.27341924
-0.28898763
0.59078541
-1.0087171
-0.8957944
0.35680415
-0.82870317
-0.8973773
1.0596698
-0.079482668
-0.34476658
-0.49706185
-0.86004654
-0.33855569
-1.0828117
0.8235639
-1.104833
-0.84863848
-1.2043757
-1.2376301
-0.26038459
-0.63804975
-1.0200874
-1.0260266
-0.32803853
0.064892083
-0.80226394
4.0775074
0.72640324
-0.63456992
-0.084241199
-1.2885725
-0.38313439
-0.97593685
-0.4426201
0.35790762
-0.0029015104
1.2943189
0.42361456
-0.071549343
-0.84778994
-0.12674519
0.076883799
-0.058565588
-0.21785365
-0.97060496
1.7844446
0.19765437
-0.90263725
-1.1614073
-0.94635336
-0.71309877
0.31949129
-0.20522588
-1.4056023
-0.54775981
0.48376451
1.8262484
-0.48340504
-0.54008465
-1.0822954
-0.73705979
0.0802533
-0.018602759
-0.71301048
-1.0044218
-0.31481881
-0.72848123
-0.76596742
-0.99946191
-0.94989469
-0.97344339
-0.66274615
-1.1300546
1.0044005
-1.265589
-0.019023087
0.19207961
0.14605421
0.72204941
-0.74658569
-0.20004831
-0.54918817
-1.1307409
-0.3658698
-0.32024241
-0.96749575
-0.38828703
2.5159191
-0.79820806
0.26915583
-0.2294455
-0.78416521
-0.59105382
0.35191704
0.23279885
3.0813229
-1.2224923
-0.3775826
-0.11378553
-0.33295116
0.00097836163
-0.026842198
-1.2491771
0.86481272
-0.33261756
-0.173443
-0.92137801
-0.91718565
-0.98323085
0.019973026
-0.51380121
-0.50395151
-0.068794858
0.30814513
0.19002735
-1.1462825
0.11693985
-0.96367283
-0.39742027
-0.77104955
-1.0017813
-0.57765195
-0.10581263
-0.65603823
-0.39442844
-0.85333596
0.14019243
-0.92304007
0.040441817
-0.32026098
-0.39457862
0.010027304
-0.4974221
0.47788937
-1.3351469
1.0320213
0.35377057
-0.81271368
-0.068689566
-0.67272599
-1.0055974
-0.6392934
