-0.62953668
-1.0844463
-0.53032272
0.17334389
-0.8097841
-0.65382036
1.7542983
0.64637446
0.59735249
-0.9045233
-0.92032047
0.17930267
-0.038820653
-0.47338654
-0.96332463
1.0035622
0.5024211
-0.48555063
0.06858011
1.2702727
0.73344748
0.51696297
-1.2367852
2.3058128
-0.62277703
-0.7196884
-0.41586052
-0.28972483
-0.11288208
-0.23343444
1.0186924
-0.8111504
1.8495401
-0.7258149
-1.0206662
-0.52484653
-1.084859
-0.33827201
2.087232
0.714658
-0.35226075
-0.63542109
-1.0817938
-0.88531518
0.15818364
-1.1287778
0.25489272
-0.51038739
1.7974316
0.05957131
-0.81533583
-0.70093534
-0.22094858
1.3470941
0.50847284
0.24766211
-0.21125296
-0.62733755
1.3646659
0.23364318
-0.52665365
-0.71377223
-0.15706875
-1.0598753
-0.37690475
0.05696591
0.54539792
-0.97230809
1.4659216
-0.90809878
-0.75977047
1.7125252
-0.70469241
-0.98891274
-0.86941336
-1.0668199
-0.69266231
0.42896594
0.40774224
-1.0366195
-0.15443138
-0.26120042
-0.17719285
1.8016702
-0.49447523
0.24888142
1.9552336
0.66781069
0.13585589
-0.73672003
0.28512079
3.0915833
-0.33321743
-0.91144186
-1.0608358
1.7743917
-0.95226499
0.63995625
-0.074326783
0.03284835
0.59786738
-0.44395157
-0.040562727
0.41959579
-0.77879001
-0.060665145
-0.274426
0.47920811
-0.77799085
0.46994309
-0.611642
-0.83336101
0.97148236
-0.65931083
0.39064348
4.0488997
0.053745615
1.3775101
0.36509845
1.4173424
0.45578149
0.20320615
3.5265
1.8197512
0.59223644
0.55064855
0.55243837
1.7659142
-0.017076198
-0.89117137
0.39609489
0.44669062
-0.75524322
-0.43642584
-0.61330836
-0.0054510856
-0.7471042
0.24807674
0.23982008
0.84242053
0.94094267
-0.89958864
-0.70635154
-1.0481597
-0.62342288
0.57884481
0.029976922
-0.9766359
-0.84860447
-0.69366504
-0.95454033
1.6436232
0.56070678
-0.92647175
-0.15679768
-1.0296411
2.0282766
-1.0062852
-0.20976952
-0.93392473
0.13774371
-0.20702477
-0.6730194
-0.48677881
2.2429173
-0.79297783
0.16478245
-0.88015128
-0.89052666
-0.71202069
-0.84433952
2.0523314
-1.0887636
1.1153785
-0.26416323
0.5725161
-0.21235144
1.0331904
-1.0385981
-0.023611581
0.91197779
-0.87230939
1.9289794
1.7750719
-0.20245146
-0.97828233
0.63177871
-0.19750223
-0.3049423
-0.40415563
-0.60792269
1.9916239
-0.44163986
-0.64469909
-0.4918745
-0.50263937
3.194585
0.88797953
-0.67717688
0.071936827
-0.85405785
-0.92595704
-0.77626982
0.021346042
0.55069819
-0.92697643
1.9046472
-0.65813129
0.71565146
0.4943805
-0.60777843
-0.80437552
-0.3709254
-0.16627428
-0.61560646
-0.23272129
-0.0023337526
0.056379073
-0.25833392
-0.72580754
0.01681049
0.55109394
-0.38951712
0.58727008
-0.77048087
-0.8680219
0.082885021
-0.27011165
-0.60096054
-0.78955741
0.52193323
0.58242409
0.19612537
-0.59267212
-0.69107856
-0.85357485
0.051794447
-0.036072756
0.0097633377
0.88315296
-1.1374758
-0.66943185
-1.1507206
-0.29546437
-0.34358124
-0.6240709
-0.97609163
-0.83569408
-0.79497096
0.74842308
-0.38670679
-0.70643996
-0.58747643
0.61874875
0.038602018
-0.88992777
0.65882958
1.3730482
0.84844387
-0.41559056
-0.66174814
-0.77671649
-0.50735469
0.81165208
-0.7315669
1.7074629
-0.81412086
-0.11613857
3.8874222
-0.29787081
-0.87904034
-0.30733541
0.59164805
-0.31583646
0.16749728
-0.58468844
1.7830292
-0.59424653
1.768059
0.95837766
-0.47448827
-0.91160731
-0.34288439
0.40544739
-0.61159392
-0.74619035
1.7779291
0.36839079
-0.99096953
0.49555814
-0.74677312
1.5079468
-0.93639142
0.21611546
-0.46167754
-0.73707844
-0.58067046
2.1322301
-0.99549193
-0.54982362
0.29183423
-0.014992002
2.4937894
-1.0340349
1.0290415
-0.58324973
-0.33472264
-0.46402053
1.1596142
-0.067524024
-0.098482432
-0.41506501
-0.19398815
-0.19902501
-1.037806
-0.31841462
-0.29661551
1.3939751
-0.43259895
-0.84210596
0.32256882
-0.96346765
0.43251367
-0.37918798
0.48116767
0.52011757
-0.24710676
-0.37616801
2.3515848
-1.0688436
-0.78163099
-1.0789127
-0.43150546
0.34145761
-0.88032508
-0.1145773
-0.23258558
-0.66226909
1.1495072
-0.84284513
-0.37163427
-1.1755179
0.13745669
-0.16834931
-0.73709874
3.2065899
-1.0511847
-0.97059787
0.48850647
0.70458908
-0.51038613
-0.88206074
1.1373736
0.6692604
3.5816492
0.16152193
-0.89516588
0.73938795
0.68350912
1.4162239
0.76503473
-0.1889682
-0.3808924
-0.36880517
1.1447506
-0.014057577
0.75627223
1.775054
-0.83541705
1.5232702
-0.1997005
0.053383212
-0.18662036
1.822986
2.4074821
-0.56657802
1.4393387
-0.22857199
0.23920637
-0.57871171
-0.63749808
-0.92331109
-0.1564672
1.805902
-0.041537776
-0.91647825
-1.0643426
0.046557415
1.4955828
-0.077932773
-0.75037893
0.84227386
0.51153024
-0.26434328
-0.96456195
0.95549985
-0.81347232
1.0417172
-0.44682409
-0.68764631
-0.64525335
-0.78158517
-0.74982796
-1.1388964
2.4735785
1.4213584
1.5660416
-0.8502104
-0.43544132
0.40756529
-0.98305073
-0.93158321
0.054714104
0.023136446
-0.9459282
2.4231798
-1.0201133
-0.31494907
2.093546
-0.8844347
-0.56464379
-0.42274158
0.1214047
1.5894881
-0.15141424
0.051675204
1.5389077
0.082025093
0.2167293
0.62570626
-1.1478604
2.1880844
0.55593719
-0.80106833
-0.96418796
-0.93396605
-0.29181585
-0.71375316
0.14608978
-0.91952604
0.50256551
-0.67941125
-0.27914306
0.066620596
0.054032854
-0.77572604
2.4626629
-0.63061859
-0.84714851
0.78444814
-0.15663099
-1.1552507
0.71184069
-0.83251083
-1.0564236
0.81903646
-0.62537412
-0.005766202
-0.65968744
-0.96080431
-0.68904991
1.45849
0.048259531
0.19590231
1.9502479
-0.032639076
-0.46616065
-0.35911934
-0.58104776
-0.49641781
0.3000383
-0.70523535
1.6405444
-0.56634405
-0.92498638
-0.57978328
1.8557239
-0.84006352
-1.1954628
-0.239893
0.01285001
0.19249475
3.194463
-0.82676314
-0.91008511
0.244475
-0.095691686
0.24035445
-0.74752525
-1.1933244
-0.85983809
-0.42294637
-0.8680663
0.058030368
-0.0136297
1.7508957
0.68088761
-0.22594181
0.17096323
1.2768447
0.31783635
0.91216186
-0.63305277
0.66829198
-1.0755461
-0.51003431
-0.49036278
-0.99418884
1.0561274
-0.37894075
1.5578063
-0.21509402
-0.34878578
-0.64629982
-0.85791775
2.229766
3.4787468
-0.19096583
0.038499011
-0.31859971
2.463476
0.84412529
0.15066183
-0.28302083
1.7278933
-1.127709
1.5135316
0.025019234
-0.75137256
-0.12911456
0.43842164
-0.69621961
-0.42475226
0.771169
-0.79301577
0.75125688
-0.83530984
-1.0571663
-1.0734747
-0.62048935
0.28429237
0.070052276
-0.41937178
0.99417385
-0.84995041
1.180668
-0.50094067
-0.46060617
0.50971396
-1.0894027
-0.0076980933
0.30193463
-0.013417515
-0.39290799
-0.34550164
-0.2211866
-0.62495246
-0.42245485
0.17800212
-0.99990328
-0.59577741
-0.53927752
1.6282088
-0.69908447
0.97570685
-0.71270648
0.056296179
-1.0561339
-0.2600595
-0.99036797
-0.41159303
-0.23660123
-1.0575369
-0.22080967
1.0265432
-0.71915017
-1.0892365
-0.8453548
-0.52304595
-0.79208021
1.0922854
0.48965174
-0.13229875
1.8201217
-0.7306068
-0.90279602
1.2816762
-0.1295852
5.1059446
-1.0699199
-0.90642622
-0.17912983
0.012497162
-0.45735744
0.31339294
-0.68967723
0.06208873
1.1244607
0.011622322
-0.63088268
-0.73105763
-0.36521338
-0.96394539
-0.74461312
-0.95899216
-0.32569235
-0.60479978
1.4483285
0.21449588
0.098936547
-1.2256877
0.69570014
-1.1437044
-0.84372262
-0.50639101
0.47224138
1.2045558
-0.026403777
2.0423758
0.9553473
0.047605465
-0.61835129
0.028926487
-0.20883844
-0.97598111
0.19646406
1.28022
-0.27138546
-0.3286779
-0.30265204
-1.1876717
0.20609235
-0.47697718
1.7763092
-0.86994949
-0.63674214
1.5943059
-0.88816521
-0.90606568
-0.12323019
1.8551008
-0.86557689
0.84486196
-0.73530165
0.1500389
-1.0244241
-0.38494091
0.56471401
-0.85036155
0.17717188
1.0120937
-0.35065134
-0.35685531
1.5482425
-0.63923613
0.7900883
-1.0929641
-0.91839117
-0.71475608
-0.54318598
-0.74838155
-1.1546054
-0.54071606
0.18156352
0.2509882
-0.7032691
0.016981912
-0.79300047
-0.79860911
2.2479116
-0.052626768
3.2014722
-0.38136066
-1.0849535
1.4619809
-0.67053846
0.77707953
-0.081180013
-0.080826328
-0.99465044
-0.77061533
-0.15026591
0.92064712
-1.1527786
0.72770309
-0.68910183
-0.0096642527
-0.11554639
1.2500707
1.6161838
-1.0680029
0.59939099
0.073888011
-0.773836
0.7801434
-0.22721849
-0.5549354
-0.34132827
-0.5498379
-0.55005819
-0.91776839
-0.12952403
0.013228584
-0.79201379
0.35092079
-0.3149559
-0.56212769
-1.0521386
0.32771514
-0.497657
0.59506218
-0.57500642
0.51115773
0.63129132
-0.69577848
1.359863
0.76693926
-0.34894059
0.21464248
-0.44093274
0.41771087
1.1511228
0.94519149
-0.65748798
-0.27007865
-0.96369675
1.4842698
0.71490021
-0.94924042
-0.70319456
0.14327009
-0.27373372
-1.0663001
-0.48241297
-0.45025821
-0.89426177
0.30009277
0.23178009
0.035953707
0.71034343
-0.95584917
1.9153786
-0.35095106
0.94630038
-0.92432244
0.53072254
4.0208298
-0.58667141
0.86592011
-1.2258825
-0.87804615
-1.2466744
4.0789067
-0.44392118
-0.22009349
-0.018248875
-0.27993846
0.40103155
-0.54680235
-1.0277886
0.39376411
1.4231322
-0.72407144
-0.1504858
0.27628586
-0.073822879
-0.82925433
0.37378836
-0.60527261
-0.16899684
2.1453138
2.1600179
-1.2430222
-0.29660473
-0.21718409
-0.83269269
-0.94638337
-0.50369294
0.13295877
-0.51624853
-0.16422424
-0.74335865
0.96626361
-0.7319508
-0.39914069
-1.1187301
0.15931963
-0.037537875
-0.8772314
-0.32469324
0.71954777
1.8869584
1.3433027
-1.1351294
0.72419142
0.40083037
-0.31983957
-0.55983312
0.38144824
-0.84643808
-0.46418173
1.5148648
2.8078283
1.3692232
0.79644558
-1.0576978
1.0868221
-0.51916139
-0.35843853
-0.5932417
-0.3308322
0.290754
-0.79711853
0.38163747
-0.300499
0.92288083
1.1035718
-0.84074338
-0.0096995646
-1.0401221
0.084126364
0.055430239
0.47786222
0.113964
-0.5664005
1.1015044
0.72974283
-1.0548088
0.2671714
-0.79996919
-0.49998089
-0.20580658
-0.27251818
0.16851716
0.087790841
1.7952477
-0.5502077
-1.1581982
-1.0351376
-0.0693158
1.8061973
-0.76122859
-0.20669716
-0.76951383
0.55690006
-0.50085761
1.8136692
0.47531836
0.63438706
-1.1488382
-0.59791189
1.6110536
-0.47196154
-1.0807467
0.17195753
-0.61444958
-0.24909482
-0.73316351
-0.59155785
0.21260929
-0.98279193
0.26169789
1.0380585
-0.23835527
-0.12798937
-0.82901415
1.9342259
-0.95060869
-0.20047728
-0.44344791
1.2980772
-1.0452684
-0.40162739
2.5863181
-0.98018853
-0.56503014
-0.44705666
-0.82564762
-0.73341394
-0.56720042
-0.99015558
-0.33209396
-0.39842066
-0.88216046
0.024730121
-0.34774644
1.2958026
-0.61730066
-0.73489956
-0.79633425
-0.70649275
0.2055763
-0.52636898
0.74486977
0.095195295
0.53363549
-0.3736413
0.73075061
-0.36128727
2.8963213
-0.89314985
-0.23421407
-0.49980086
-0.95437633
0.5797208
1.5554843
-0.45653979
-0.65957964
-0.13397454
-0.43989109
-0.14166029
-0.30964108
-1.0277389
-0.45001188
3.0302089
1.2235655
-0.079283412
-0.060320751
1.518381
-1.0356662
0.12061214
-0.90374259
-0.74465699
0.47891396
-0.3408461
-0.42246309
-0.94550781
0.0092638472
-1.130874
0.083292799
-0.29319604
0.57999788
-0.29787905
-0.30994256
-0.9123369
-0.98366634
-0.088416707
-1.1574311
-0.76007609
2.7045182
1.428882
-0.34148993
-0.50959562
0.98280561
-0.71192171
-0.24054991
-0.88648265
-0.23927701
1.5284754
-0.21447495
-1.1937779
-1.0171502
0.13585255
-0.085865651
2.3564807
-0.52892796
0.95955612
-1.0940705
-0.8903132
-0.017154292
-0.73153883
1.6051598
-0.25844928
0.46766358
-0.48098461
0.23683768
0.75458067
0.45696432
-0.86007719
0.34051206
0.48229284
-0.37962754
-0.48211099
0.21787075
-0.25497849
-0.7354114
-0.6469776
-0.04773761
-0.34272503
0.38687079
0.79032929
0.94450741
-0.1718814
-1.1399195
-0.65707337
-0.5079477
0.24518944
-0.76648483
0.94612847
0.32078995
-0.16336528
-0.36945009
0.14700081
-0.36266162
0.32189772
-0.27957263
-0.81115668
-0.402351
-0.032003775
0.73055083
0.99955382
1.5229351
-1.1287149
-0.59746186
-0.50245427
-1.0506346
-1.0022645
-1.1013369
0.11252681
-0.59171075
4.4262986
1.4164377
-1.0402185
1.2267255
1.0601665
-1.0644387
-1.067084
2.3991006
0.59540027
0.91890154
2.2863991
-0.61631359
0.9254569
-0.10239295
-0.60423009
-1.0969808
-0.59358002
-0.38406509
-1.0955099
0.47676182
0.036116409
-1.010467
-1.1057601
-1.0179361
0.32741289
-0.84851624
-0.79762754
-0.91565893
1.6149113
-0.53239561
-1.0279678
2.2967628
-0.4241966
-1.0164338
-0.47569693
-0.24881136
0.34725751
0.08422025
-0.48248023
-0.33014808
-0.23732159
-1.1427291
0.27671607
1.1290002
-0.30224028
0.13807568
-0.2982548
-1.0219485
-0.88574284
-0.62237879
0.99908263
-0.44110761
-0.89649812
1.1406726
-1.1771741
0.064366342
0.84372775
-0.66606568
-0.13968886
-1.0514712
1.8559189
0.43598223
-0.77789375
2.0812903
0.8895682
-1.1596278
-0.72215564
-1.1923949
-1.0586243
-0.89105896
-0.92006589
-1.0520609
0.27377449
0.86754705
0.01646818
-0.80157336
-0.23959344
0.42337043
-0.97144668
1.5023857
-0.17112
-0.38328932
-0.62673913
0.31602189
-0.8119215
-1.1388512
0.73846759
0.49328679
-0.88912785
0.58559907
-0.14078893
-0.36747296
-0.096638156
2.2463929
-0.30965821
-0.82689456
0.23693097
-0.12006869
-0.45900881
1.356203
-0.055321646
-1.1449076
-0.14288277
0.073571665
-0.49375263
-0.46530304
-0.63829916
-0.46605426
1.1736204
1.201607
-0.291193
1.9600857
0.13897866
0.22450283
-0.65786146
-0.72966763
0.54276665
-1.0224274
-0.54138707
-0.9134055
-0.76573357
0.96166857
-0.13401882
-0.54994321
-0.50105109
0.16187389
0.60366379
-0.60850883
2.1092909
1.1686658
-0.68135515
-0.99419906
-0.2377972
-0.27889618
-0.9348701
3.753635
0.65504984
-1.0917104
-0.53159075
-1.0289961
0.66691794
-0.99939469
-0.080310005
0.60554399
-0.91778009
0.60548907
-0.27419224
1.2077401
-0.28907034
6.2102355
-0.93822693
0.45398064
-0.49920205
-0.66025009
-0.76858653
-0.70781025
0.34367334
-0.82688978
-0.68339023
-0.36984293
-0.76174924
1.8843558
0.30301189
-1.0600267
-0.73179871
-0.93305488
-0.63052283
-0.95525554
0.83243387
2.0500695
1.0255613
0.42564546
0.233784
-0.46705098
-0.85233555
-0.5041683
-0.37616988
-0.23885795
0.36414001
0.76136039
-0.57173679
-0.96512799
0.6164462
-0.40203543
0.63024903
-0.74612576
-0.76019314
-0.14764267
0.77000673
0.66177838
-0.73917963
0.10928847
0.3919674
-0.53707826
-1.1078044
0.39160702
-0.15781283
-0.45590556
0.46858516
-0.9511995
-0.85566052
0.50906329
0.244176
-0.71794342
1.8697617
-0.70125482
-0.12933283
-0.98399691
0.6265162
-0.58013234
-0.19476619
2.5837781
-0.51084479
-0.79288446
0.042729977
1.920052
-0.22674046
-0.20434666
-0.72820947
0.24659107
0.0047652014
-0.28959359
1.0000971
0.2952564
-0.37417244
1.1640121
-0.6878618
-0.48998778
4.3386622
-0.80469439
-0.91451976
-0.27112945
-0.73129461
0.13331586
0.41755237
1.3557613
-0.48297068
-0.57469588
0.017000452
0.41597799
-0.55855623
2.4577247
0.091353635
0.19973423
1.4307992
1.4028049
0.79370336
-0.56992085
-1.0763988
0.48174766
1.0710481
-0.57366468
-0.65226594
3.3463148
-0.33575205
0.21090356
-0.57706518
-0.21913963
0.61053014
2.2196011
-0.02447512
-0.25294137
-0.3432052
0.43310017
-0.60844637
-0.91495712
-1.2122193
-0.30862036
1.1011026
-0.72077335
0.089596957
1.0909524
-0.35958754
-1.2396416
-0.55211363
-0.52605975
-0.73554534
1.4957147
0.30153023
-1.0342411
2.7231542
-0.44131972
-0.34053209
-1.0519021
0.064463029
-0.053932945
-0.26275221
-0.60275685
-0.78933688
1.6592611
-0.91036654
-0.080383186
0.92031162
-0.83682209
0.33330541
-0.27902995
0.19079482
0.36644711
-0.86997143
0.758353
-0.63158981
0.16207764
-0.89118365
-0.016163804
-0.71084023
1.4047475
0.054072473
-0.24838277
0.23548488
0.44019763
-0.57421804
-0.24560145
-0.15987114
1.0697488
-0.86849392
1.0840252
0.52514334
-1.1736209
-0.50199466
-0.94172583
-0.28195433
0.11588572
1.1901445
-0.34801029
-0.12281236
2.2555999
-1.1994232
-0.57590738
0.081718286
0.26901986
0.52959225
0.78365421
-0.6664869
-0.41854491
-0.31229444
-1.0606376
-0.054229011
-0.89782706
-0.72826936
0.39055339
-0.06708556
0.63891236
0.10923283
0.58512083
0.31204917
-1.0060999
-1.029299
-0.7539413
-0.30573606
-0.61617567
-0.99688356
-0.67720359
0.33781921
-0.14267777
-0.33252034
2.2026735
3.3339665
3.1059319
-0.86015598
-0.11530583
-0.22606528
-0.6601641
-1.0301955
-0.42378338
0.11518501
-0.37178709
-0.72063364
-1.0671475
2.5674557
-0.34113147
0.57247367
0.38795699
-0.54001755
-1.0172572
-0.91178601
-1.1616465
0.12355982
-0.45600803
1.0679185
0.50173394
-1.1147519
-0.42974867
0.092812778
5.7028365
-1.0156913
-0.42997781
-0.73318596
0.038176615
0.55511363
0.32113668
0.80421472
-1.004997
-0.90214569
0.3112673
0.99216821
0.0068295826
0.30377991
-0.5006652
-0.43670296
0.48162819
-1.1750057
-0.70085334
1.295613
-0.41928828
0.029046798
-1.0640756
3.4207423
-1.0766636
-0.39736511
-0.64890026
-0.84451433
-1.1002903
-0.52824755
0.030603347
1.0241986
0.39171912
1.2085939
-0.21303298
-1.1659691
1.2077263
0.013369958
2.1733834
-0.46324468
-0.10238329
0.24064562
-0.9575278
0.085728293
0.27606688
0.66601173
-0.046195503
1.3104509
0.26113259
-0.82244469
-0.79477698
-0.91679586
-0.88179841
-0.074125906
-0.79971988
-0.9432111
0.98844467
-0.8501679
-0.7713331
-0.098798136
0.044285646
0.57965257
-0.30581516
1.5688684
0.60410664
-0.2584221
-0.67968125
-0.7447046
-0.410766
-0.30732434
0.47399744
-0.26481938
-0.14232631
0.10313771
-0.79520226
0.24809798
-0.40798282
1.380008
-0.94797589
-1.0101803
0.18917847
-0.62687116
-0.82557499
1.3908654
1.6047087
-0.56135923
-0.45874926
0.79578275
-0.37829042
0.26700718
-0.47761302
-0.90837759
-0.6559302
-0.0056038474
0.62650584
2.3644802
1.4953597
1.0126854
-0.17936564
-0.37617996
-0.86953986
-0.49966157
-0.072477859
-0.98606562
0.45985203
0.20004797
-0.61413065
-0.20022872
-0.60009533
-0.2825192
-0.023365611
-0.77232018
-0.61071394
1.3355183
0.39163459
-0.17622175
0.40458325
0.65314884
-0.22810271
-0.85810993
0.7300267
-0.77893103
-1.0101388
-0.51929395
1.7290176
-0.95859582
-1.1578727
-0.32771048
-1.1268099
1.388997
-0.093657452
0.40188546
2.2065285
1.7563434
-0.2703715
-0.49998831
0.3423042
0.17988723
-0.36785219
0.57935178
0.31581256
-0.92226497
0.019811636
0.35377793
-1.0037594
-1.0560628
1.269859
-0.25512818
0.47496031
1.0800466
-0.94398038
0.5343262
-0.57323902
-0.80267582
-0.73673753
1.1890485
0.10293062
0.29562134
-0.89040951
0.16689487
-0.83701102
-0.54205958
-0.81649158
-0.60765494
1.0675489
-0.73606809
1.0726694
1.1233699
-0.28139048
0.19747956
0.57541972
-0.76492576
1.3927402
-0.17867308
-0.86321982
0.14373915
-1.0649648
-0.9879618
1.0674847
-0.19757472
-0.6700415
2.2971893
0.24761756
-0.38563481
-0.20957058
-0.18192986
-0.91402342
-0.75068474
0.15551257
0.33058863
-0.61065239
-0.22361274
-0.9335026
-0.5148913
-0.51118696
0.30787595
0.020561476
0.64599281
-0.65567994
-0.81109571
0.65026122
2.800867
1.8359136
1.5995077
-0.69493207
1.2000813
0.46455168
-0.210402
-0.18758729
0.9739807
0.8057202
-0.49259712
-0.83182375
-1.0133948
1.1407759
0.29267881
0.11992357
-0.0078741598
-0.81179676
-0.98649701
0.44180718
0.35544647
2.4271875
-0.655507
-0.99356259
0.31721839
0.24579938
-0.55884251
-0.43588143
-1.0979065
-0.42531738
-0.62024144
-0.60301255
-0.58273942
2.1274099
1.3782704
-0.97622789
-0.060812242
-0.74900675
0.34612196
3.5326681
0.12284029
-1.1973603
-0.14709326
0.023134712
-0.50554317
-0.15510771
-0.19581672
0.11176242
-0.44665844
2.5403449
-1.1622889
-0.98707105
1.2403137
2.0923582
-0.85229349
1.1140138
3.0258455
-0.10103006
-0.069073128
-0.25045586
-1.1702459
-0.98231794
0.54631587
-0.38613844
-0.71688705
-1.06276
0.18212113
0.29649155
-0.74095181
-0.20908728
-0.24167647
1.4887998
-0.54968167
0.37415195
0.18394377
-0.98680138
-0.38462592
-0.62089382
-0.57790347
0.25835601
-0.60044291
-0.64391539
0.38053127
0.13117716
-1.0711599
0.026347854
-0.68900872
0.42012675
0.8279612
-0.88664484
0.50937464
-1.0243262
-0.26427989
-0.5379847
2.3986379
-0.28647825
-0.41808066
-0.63358717
-0.58962422
0.5606848
-0.257757
0.03334692
0.55149491
0.27936623
-0.67711613
-0.60181662
-0.28655064
-0.3312292
0.62910673
-0.52211897
-0.26281496
-1.1109859
-1.0075949
2.7467451
0.092800542
0.32321224
-0.82953636
0.3989768
-0.18511064
-1.0373886
0.76006206
1.0277374
0.036345423
-0.7239544
6.2158359
-1.0831621
-0.12317521
-1.0618061
1.7980998
-0.49997151
-0.39513444
-0.31357962
-0.77196801
-1.0050023
-0.48074948
-0.31027047
-0.40056689
1.3452745
0.60636929
-1.2479809
-0.56793746
-1.1453164
-0.0099391681
-0.3264496
-0.95102529
1.8254443
0.34534193
-0.85960874
-0.84621947
0.74967991
-0.42759243
0.9487289
-1.0178787
-0.27255206
-0.36232164
-0.90216745
-0.86991693
-0.65431311
0.28677211
-0.63546134
-1.0028941
-0.31862121
-0.98383369
3.1349821
0.46818355
-0.65951824
0.14783514
-0.63810728
0.8898131
-1.0935984
0.31807365
-0.42374403
-0.11009888
-0.1277688
-0.726473
-0.28828271
0.77468122
1.0604347
-1.1093619
-0.2986598
-0.74238302
-0.42544904
0.14892476
-0.089707697
-0.77866012
-0.47744412
-0.94391504
1.5030517
-0.92942242
-0.47286636
-0.15310454
-0.93637067
-1.0618802
-0.23935486
-0.97464197
1.4728478
-0.24646299
-1.1598229
1.2005173
0.069405594
-0.26728927
-0.42918293
0.81493645
-1.0086056
-0.60472836
0.31822668
1.1324193
-0.58389624
1.1764735
-0.50021979
-1.0375636
-0.55295922
-0.85341455
-0.77987273
-0.80890771
-0.39919079
-0.30882927
1.0459156
-0.73270224
-0.64329544
-0.82754323
-0.83889781
0.32202762
-0.44427092
-0.37603693
0.64772292
0.3149946
-0.92897124
-0.80525503
-0.6226994
-0.60098718
-0.89080305
1.6288615
-0.77338077
0.033688493
0.79533869
-0.057744319
-1.00432
-0.14579091
-0.049913801
-0.014116858
-0.72979032
0.41135522
0.55540252
0.43870885
0.38538506
0.11149062
-0.041564358
-0.37611252
0.49918161
0.16859726
-0.065134375
2.1119005
2.7984724
-0.27909849
-0.82492212
0.25046312
-0.15173944
0.2773469
-0.47405511
0.77364611
0.46442365
-0.75333324
0.14078082
-0.44981266
-0.68273865
0.073135041
-0.78920079
1.1678903
-0.09483806
-0.64314376
-1.1370457
0.29152844
-0.40511227
0.81404988
-1.078366
-0.54419799
1.0037585
-0.35623813
-0.18539192
-0.5027308
0.77529504
0.050404331
-0.31030662
1.3604607
0.83465993
-0.37957844
1.0291778
-0.080551195
0.99951759
-0.45533415
-0.99988324
-0.83732971
-0.38890736
-0.17756143
0.71148368
0.24363348
-0.56711891
-0.5461977
1.447431
-1.0007769
-1.1145118
0.44512135
0.24653909
-0.89329478
-0.63345521
0.56437208
-1.0262209
-0.74701938
-0.054792549
1.0772481
-0.26733697
0.95146895
-0.25266471
0.60837968
-0.16850943
0.56388991
-0.97711228
0.2320236
-0.24954709
-0.89024619
-0.12570393
-0.62839488
0.90487581
-0.68790698
0.29533694
0.31601971
-0.35332699
1.820189
0.15395633
0.063982712
-0.23169526
-0.5109566
-1.0703962
2.5784347
-0.8902369
1.0828117
-0.21130139
-0.22666942
1.0775873
-0.098861863
0.72345643
-0.73791024
-0.27608616
-0.87670574
-1.0028944
-1.2324128
-0.41263475
-0.82793317
-1.1034605
-0.54079158
0.34067473
-1.0199065
1.7068809
2.9602395
-0.66208483
-0.53376599
-1.2273316
-0.42343156
-0.069828748
-0.93592691
0.91220997
-0.32254244
1.7494466
0.36107812
-0.020058135
0.14269392
-0.42266958
-0.65403789
1.4922127
0.24337276
-0.93784822
1.0884199
-1.105868
-0.50598105
0.26200314
0.38089587
0.791744
0.083226069
-0.39460002
0.86656269
-0.97354096
-0.41869158
0.32833251
-1.0214262
-0.93449927
-0.84330001
-0.18885954
-0.78436368
-0.45634597
1.1341857
-0.95635418
-0.81525661
-1.0017039
-0.22809484
-0.92573754
-0.50435872
-0.96505742
-0.41470659
-0.81911358
-0.77808029
0.014344599
-0.92252089
2.6040648
1.3917551
0.408865
-0.88998031
-0.85758332
-0.30855724
0.64752139
-0.44669965
-0.45420785
-0.93113734
-1.1012071
-1.2507863
-0.10125938
2.0312799
-0.92843645
0.11843837
0.71505217
1.0457525
-0.90638831
-0.83913363
-0.21799135
-0.94365484
-0.7211488
1.1976078
-0.67782062
2.5099514
-0.04986835
1.951425
-1.0507825
-0.93305121
1.3377713
-1.0352542
-0.42213394
-0.089735875
-0.62512624
-1.0674035
3.2829809
-0.44057948
0.54426191
0.022185387
-0.95907825
-1.2447331
0.34673052
0.1298838
-0.36335917
-0.88264466
1.8315172
0.41643709
-0.41467967
0.75847782
1.9504406
-1.0138805
-0.55363064
-0.79266283
-0.096248011
-0.35919066
-0.65601231
-1.1949216
0.6936063
1.5085945
-0.28119938
0.30649676
-1.0148785
-0.055118945
-0.55475637
0.1947892
-0.88965878
-0.63007349
-0.8442596
-0.48572649
-0.77705006
0.68663328
2.6455492
-0.36399833
2.3747804
-0.53642917
1.0095515
-1.0256494
-0.79307223
-0.95698546
-0.56529158
-0.22299196
3.2421424
0.39486028
3.6439467
-0.28804005
-1.0983175
0.32687578
0.53303651
1.1773198
-0.80150187
0.11133
-0.68460351
-0.10564858
1.9425968
0.72827427
0.57831687
-0.020546371
-0.21023192
-0.14268839
0.82409824
-0.75451346
-0.94844176
-0.25748531
0.32337331
-0.10623368
-0.77031723
-0.38854865
0.57594569
0.9080479
-0.35519464
-0.83221601
0.80737663
0.0045340783
-0.70571398
0.8518342
-1.1645119
-0.53494019
0.69807433
-0.56554617
1.2523384
-0.12333913
-0.037623223
-0.83138298
-1.1248443
-0.80576676
-0.26332805
-0.22030699
-0.25737106
-0.53531376
-0.054922407
-0.92992192
-0.46981717
-0.71286679
-0.52796664
0.3011929
-0.93398195
-1.0570405
1.1563045
-0.84624643
-0.58458945
0.71160225
-0.23816002
1.1301864
-0.56435777
-0.80506774
0.56082002
0.17612271
0.49359049
-1.0205595
-0.2796978
-0.17828025
0.46246546
0.18767224
0.024823533
1.3576276
-0.77218728
0.51212678
-1.0418736
-0.2337992
-1.0221462
-0.55490719
-0.31103557
0.83104443
-0.35551523
-0.020190496
-0.35841942
-0.78695991
-0.99158373
-0.87100994
-0.91656661
-0.37407466
-0.47480092
-1.1995947
-0.11703533
1.3512044
0.1689123
-0.83707724
0.98055889
-0.3812083
1.0955283
1.4926689
-0.76095232
-0.20054927
-0.94877246
-0.86520187
2.1659001
0.59153129
-0.50135056
0.057166496
-1.1495556
-0.035511767
0.81039454
-1.1079468
-0.9165849
3.1187848
-0.80308273
-0.67037607
-0.18352675
-0.49247534
-0.37891617
-0.74346434
-0.41099898
2.3526355
-0.14168044
-1.0137307
-0.47425779
-0.45234658
-0.58703483
-0.074644729
-0.367144
0.037492511
2.8302516
0.84563348
2.7511841
-0.15815814
-0.68338977
0.90264109
0.45622094
0.23594091
2.2757694
-0.7089153
-0.38506617
-0.087349206
-0.98384666
1.4903214
-0.80001673
2.1264802
0.55351124
1.1820899
-1.2550401
-0.65672735
1.5941535
-0.7072277
-1.0082921
0.38334549
0.75075004
0.37287717
0.11268822
1.8807093
1.3721742
-0.59991351
-0.93330999
1.7969884
1.1619084
-0.68213652
-1.2127616
-0.80502421
-0.60530897
-0.40104904
-1.0578138
0.64955317
1.0875156
-0.77914223
1.4206391
-0.55190303
1.5899268
-1.0380793
-0.67005022
-0.67105416
0.11268195
-0.44678923
-1.0161284
-1.0458017
0.64380506
0.40083521
-0.46763865
-0.96599802
-1.069437
-0.30794984
-1.1386702
1.1279956
-0.73747613
-1.1530166
-0.95329664
-0.66611973
0.11069964
-0.043556149
-0.7430839
-1.2420714
0.6004047
-0.3830177
1.5089647
-0.20423438
-0.26637418
0.39981157
0.17452641
-0.78614787
-1.1232276
-0.82644141
-0.080681321
-0.075147381
-0.082550138
0.2924206
-0.67791055
1.8869711
0.86624291
-0.63426385
2.7877634
-0.56329537
2.6776809
1.0802591
0.10434026
1.9621667
0.10174752
0.13637045
1.9938743
-0.041397448
0.74043678
-0.68394328
-0.059092841
-0.71218363
-1.1504073
-1.1264186
1.272829
-0.1050867
-0.063402944
-1.0521379
0.76297336
-1.2194798
1.0505263
0.17558072
1.4905696
-1.0964902
0.056893708
0.23257771
-0.13458122
1.8551005
1.4160154
-0.72174677
-0.29172935
0.13103464
-0.39284178
0.08653424
-1.0921223
-0.12125633
-0.14382121
0.21186302
2.7155657
1.2275167
1.4060796
-0.65511004
-1.2215158
-0.30563857
1.6182018
1.0853598
2.5898781
2.3500511
-0.40649864
0.21273796
-0.84664152
-0.72689506
-0.74629008
-0.25399379
-0.59448528
0.87036228
0.19902097
0.50694669
-0.38273085
-0.13383115
-0.57141133
-1.028427
-0.54304447
-0.44759324
-0.35349813
5.5249181
-0.28546669
-0.089526317
-0.68590231
-0.0048510367
1.0774351
0.1992351
0.076608381
-0.38876679
1.0916357
0.36652536
-0.4894134
-0.48185609
-0.0993073
1.7022367
-0.96982045
0.51681427
-0.069574399
-0.64798246
0.16220441
-1.2223985
-0.65247348
-1.1561763
-0.82735543
-0.38408929
-0.11641946
0.83266466
-0.56112733
-0.97063833
-0.37066446
-0.25297734
-0.88046808
0.0068574266
-0.054297118
-0.037780971
-0.51695744
0.77177529
1.5448156
0.61903
-0.060164709
-0.070126077
-0.89967828
-1.1956869
0.33871483
-0.17638246
-0.071679432
0.10199055
-0.90782778
-0.90664905
0.38453874
0.63844303
0.5157168
2.5959666
-0.05859598
0.32326408
-0.70772306
1.6096234
-1.0030671
-0.96213967
-0.95656842
-0.85163368
-1.0469933
-0.88998404
-0.57206218
0.082269309
3.7697825
-1.1480251
-0.59807362
0.5054265
-0.47267294
-0.4630897
3.8124235
0.65221959
-0.11968182
0.80083023
-0.6331531
0.86879777
-0.40038237
-0.51324638
-0.98429477
0.17625587
0.90854178
1.6639686
-0.4518964
0.43925245
0.067185326
-0.87992558
0.54540802
1.7069684
1.5965177
-0.41584802
0.12446135
-0.51775066
-0.24235577
-0.3290102
1.8807514
0.058734506
-0.29266724
-0.48162886
0.90679443
0.4608996
-0.38851249
-0.57383662
-1.0668107
-0.025389006
-0.058577389
-0.19729008
-0.70902045
-0.43687346
0.92418403
0.018695858
-0.71948732
0.32722018
0.61434857
-1.0597575
0.66368806
-0.8791267
0.24411706
0.5357672
0.11851293
-0.96666651
0.36421537
-0.91119877
-1.0959274
0.32720579
0.15784944
-0.93828701
-0.38911289
-0.73643541
-1.0398996
1.1932119
0.63620323
0.2356322
0.68947227
-0.2594966
0.58677637
0.6195996
0.0063145674
-1.1292511
-0.01460058
1.1220871
-0.8053149
-0.78351852
-0.29169372
0.52212431
1.0320456
0.28355145
0.21567123
-0.20420454
-0.65486271
-1.2005221
0.031970324
-0.039134471
1.1108907
-1.0741722
-0.30919947
-0.98181051
-1.1921379
-0.056532359
-0.93737039
0.49773117
-0.99323927
0.86714798
1.6594253
-0.87500988
-0.71046671
-0.77742447
-0.8775489
0.50968636
-0.62066187
-0.82611753
1.9833911
-1.1643946
-0.21837254
0.27606609
0.21685382
-1.0130913
-0.18417041
-0.2557283
-0.86308925
1.7434214
-0.81387637
0.34659513
0.071842011
-0.094766697
-0.58997173
-0.36160939
-0.63651827
-0.3711255
-0.44577141
0.5574238
2.4769925
-0.53572209
-0.58281111
-1.1133188
0.27295884
-0.14971424
2.0845951
-0.57216647
2.160403
-0.48541524
0.31015139
-0.97515352
1.6370022
-0.89340105
-0.23246079
1.149804
-0.61060648
-0.92796662
-0.68164306
-0.86747524
1.132105
0.33781265
-0.697212
-0.93965491
0.23811753
-1.0623616
0.066551651
-0.86325794
-0.83903525
1.7951277
-0.45046301
0.77292562
0.2517707
-0.53840143
-0.54701581
0.13219263
0.61287592
1.3643025
-0.28406638
-1.0791774
-0.65227181
0.85168626
0.22365546
-1.0081182
-0.94725008
-1.0007933
-0.73640445
-0.86334781
-0.74003174
-0.96586949
-1.0720093
1.2502838
1.0762252
-0.29117588
1.2528212
-0.39016433
-0.91591386
-0.31191707
-0.61681505
-0.97134029
-0.94755183
0.18718017
0.17492904
-0.28344694
-0.24134096
-0.64788163
-0.98850796
-0.082631744
-0.47060007
-0.10828158
-0.31645561
-0.22351965
3.6502669
-0.12538324
0.39415274
-1.0134977
-1.1244678
-0.47898837
-0.98477683
-0.71029362
0.51955126
-0.99635835
-0.50825247
0.15351634
-0.7324594
-0.83770796
0.69899248
-1.1944054
-0.51217454
1.5154145
-0.21519225
-0.50290355
0.36333084
-0.95776815
-0.88582059
0.4259559
-0.28131478
-0.99766362
0.33558443
-0.46530741
0.43908512
0.97928429
-0.22105126
-0.075628535
-0.18040149
-0.62266185
-0.26890304
-0.59907138
0.56179779
0.020998373
-0.081103011
0.6135547
-0.96288255
-0.37074698
4.7988019
0.20089518
-0.64777392
-0.99148136
1.5888495
-0.6311064
0.15561403
0.23698098
-0.60701891
-0.60656051
-0.89131867
-0.21434681
-0.76487292
-0.11124933
-0.76010944
-0.65260567
0.025253644
1.297059
-0.86134802
-0.4402572
-0.59342002
1.0022045
-0.62210161
-1.0127538
0.15649357
-0.53093545
-0.50473572
-0.1862125
-0.63195424
-1.186293
-0.48355897
0.86283332
-0.8638789
1.999369
-0.77899504
0.3157557
-0.053330376
-1.0014035
-0.070296584
0.76344471
0.036384789
0.81571034
-1.1392815
-0.33227806
-0.54086069
0.92015388
-0.33809092
-0.46183103
-1.1573635
-0.98592724
-0.50065404
-0.31789893
-0.26381911
-0.33529433
0.36099214
-0.50829278
-0.92231502
-1.1267325
-0.43038964
-0.79757451
0.61974729
0.77287005
2.7987973
-0.9794909
1.4381104
3.3149614
-0.21579166
0.11803448
-0.89457438
1.4550324
-1.106816
-0.015698703
-0.73573669
-0.62672443
-0.53323123
-0.68130874
0.58297473
0.63961839
-0.77665603
-1.0218177
1.6156711
0.00074024753
0.71647005
1.3101078
1.136498
1.4252196
0.6676618
-0.47310317
-0.17279998
-0.55240463
0.09711484
-1.0042151
0.3631198
0.85415688
0.5292284
-0.87797405
-0.73748554
0.018344433
-0.77239659
-0.67200632
-1.1842287
1.344892
-0.74977392
-0.94592553
-0.27029198
-0.81492223
-0.36747279
0.49644277
-0.17856255
-0.1160374
0.67402345
-0.027657486
-0.63607025
0.45273111
-0.84325208
-0.87132624
-0.77555581
0.59170532
-0.61828358
-0.12427103
1.0822513
-0.081443582
-0.77535451
-0.61042397
-0.031024318
-0.24659856
1.6936304
-0.35054432
-1.0870538
1.7210737
2.0814913
0.35303705
1.1760736
-0.0068594203
-0.94225128
-0.04645506
-0.31367238
-1.2150551
-0.68496015
1.2165973
-0.18048654
-0.74634037
-0.7498521
-0.46364998
4.1977358
-1.0834867
-0.88926423
0.28190306
-0.82547257
0.47813835
0.11425326
0.21680678
1.0233933
-0.31929196
0.37126614
0.52128186
-0.70772646
0.72800552
-0.87362384
-0.4893039
1.3880819
-0.11654072
-0.35718686
2.4030804
-0.0070980233
0.92546703
-0.09053131
0.91604462
1.1438621
0.29528082
0.12935151
0.76706673
-1.0435308
1.0732366
0.20702133
-0.0090112332
-0.24556045
-0.89999002
-0.80431733
-0.11924674
-0.64227657
1.7882284
-0.27407014
1.0692921
1.2367513
0.51239524
-0.73292482
-0.070578276
1.2688665
0.31804656
-0.94198838
0.99164929
-1.038966
2.6625058
0.48454754
0.47180679
-0.88573854
0.24528765
-0.26134428
-0.55422217
-0.87042279
-0.62602076
-0.85313789
-0.21310292
-0.42753197
-0.099170764
-0.69082227
0.3657068
-0.5093497
-0.17992421
-0.36899549
0.4577996
-0.88487458
3.6253692
-1.1311402
0.21926384
-0.39997992
1.1121844
-0.99829773
-0.20656922
-1.1451051
-0.4238551
-0.92187963
0.036481863
-0.84799128
-0.91472672
-1.1291176
-0.16249643
0.97187624
-0.8006135
1.008462
-0.61131984
0.56693848
-1.2265747
-0.56723534
-0.70012393
-0.93187939
0.57431067
-0.36455953
-0.78226525
-0.24904026
-1.2637322
-0.83045667
1.6219767
-0.54610957
-0.56310263
-0.48261497
-0.53052727
-0.33512544
-0.12316783
0.84773696
-0.64299123
-1.0007976
0.86814337
-0.57292584
-0.7193121
-1.05806
0.6050694
-0.47386706
-0.25132391
-0.90090034
-0.95252374
-0.65439271
1.400435
-0.27379715
-0.15159265
0.18483632
-0.37722664
0.11231684
-0.61186145
-0.40172325
-0.90174964
-0.62820774
1.6712452
-0.0098724893
-1.0473516
-0.30833967
-0.7625052
1.6471581
0.16039302
-1.1251951
0.32027025
-0.18463203
-0.79885981
-1.1518711
1.7209404
1.7270058
1.4106093
-0.78116756
0.97946049
2.3009655
0.29005842
-0.76532365
-0.85249527
-0.21176115
-0.024356315
-0.98176459
0.87834982
-0.57672154
-0.92557477
0.67320948
0.4131427
2.0153468
0.17215782
-0.40554338
-1.0730264
-0.13142347
1.3895678
1.411986
-0.63932589
1.7639467
-0.28481859
-0.34841812
0.27408147
0.42837108
-0.39455603
0.18367347
2.3352819
0.068482141
-0.57561892
-0.20904055
-0.41434344
-1.1340471
-0.82781024
0.57375994
0.20614337
-0.6266112
-0.16263502
-0.52966704
-0.77789044
0.49133479
0.18687567
0.18158853
2.4265008
-0.062416016
-0.44614256
0.94232943
0.20698225
1.2904771
-0.24691987
-0.69809673
1.2503099
-0.89355159
0.54945774
3.5433924
-0.65509525
-0.98278495
-0.18780886
-0.11914422
2.3373808
-0.16017685
-0.8287852
0.25756771
-1.1101886
0.52733192
0.49058887
-0.51041122
-0.99702199
0.45582293
1.0891851
-0.77542195
-0.89101688
-0.55570648
-1.0019252
0.13097407
-0.23389842
-0.77828211
-0.1464286
-0.48233748
1.4037523
0.79782967
0.42918988
0.038297369
-0.11165094
3.1922783
-0.65708443
-0.81631763
-0.56623028
-0.48156989
-0.95133286
0.20510229
-0.54590451
0.7184343
-1.0618772
0.39682227
-0.66551599
2.8021723
-0.54364446
-1.0051705
-0.096288012
0.23022534
-1.0959988
2.5344767
-0.073327429
-0.68749865
-0.26171155
-1.1194308
-0.28111639
-0.5216282
0.18035123
3.9990606
0.78431026
-0.99985646
-0.91484955
3.1385194
1.320713
-0.4762503
-0.85037716
0.31824348
0.05817689
0.85210759
0.44043607
-0.036362659
-1.1607554
-1.1964153
-0.10638433
0.74262626
-0.32922073
-0.62770278
1.5414307
0.14630149
-0.17834304
-0.35351475
-0.24458401
0.17566088
5.0709285
-0.53512862
-0.98519449
-1.0925289
-0.73781376
-0.90056862
2.0510993
-0.96219941
-0.6009032
-0.45192489
3.1610431
1.1233279
-0.35218916
0.56637219
-0.55578507
0.28167131
-0.85342471
-0.96964372
-0.73446124
1.0617729
-0.3124293
0.53605353
-1.1434251
1.0094518
0.56143515
-0.34386817
-0.7955209
0.11741815
-0.63111181
1.3015932
-0.7507772
-0.082573268
1.4968076
1.1995798
3.4169773
-0.092381874
2.0514967
0.90892614
-0.52676915
-0.10216558
-0.49230871
-0.84563641
-0.089236215
-0.45776036
-0.54184032
0.72838046
-0.30743561
-1.0370921
-1.1600058
-1.1141705
-0.13214913
-0.59615887
-0.93751234
-1.1113236
3.5031239
-0.68001738
1.1069193
1.7997676
-0.84106732
-1.0209521
-0.22212335
-0.88117116
1.0903585
-0.0017015729
-0.6479027
1.7879155
0.13822601
0.036334593
0.24354421
1.6730242
0.065295423
-0.72896969
-1.0478966
0.64031229
-0.39614668
-0.11832146
-0.72857921
-0.29751113
1.4110765
0.041312583
0.24445071
-1.0844033
-0.8410785
-0.72971881
-0.91580066
0.48885206
-0.015415343
0.50489173
0.23835218
0.67707043
0.17359916
-0.81624872
-1.2030465
0.045724037
0.81802667
-0.53749673
-0.46162854
-0.41458825
-0.23754868
-0.81301118
-0.44790784
-0.67092492
-1.1057927
-1.1194403
0.24514817
1.3526572
-0.10950337
-0.86732527
-1.056676
0.53422765
-1.0237974
-1.1090837
1.8191731
0.91531735
-0.42934651
0.48743661
-0.1291522
1.2699901
-1.1537364
-1.1539246
-1.0716482
0.35434823
0.098487781
-0.22559731
-0.67347375
-0.004409141
-0.20664075
-0.84048239
-1.1245298
1.1259097
1.0536741
0.59774574
0.67186091
1.3467806
0.39143254
0.0084431504
-0.46528475
0.67053573
1.5204414
1.3060426
-0.18762233
-0.67625581
0.18050667
0.85226221
-0.65093471
-0.050128682
-0.42786447
-0.090760504
0.65818697
-1.1756299
-0.84816522
-0.40320641
3.0610335
-1.0860237
-0.56850005
0.71825869
1.2037662
-0.70088564
0.40497172
0.15647994
-0.39682465
-0.68098299
-0.84844963
-0.86073904
0.15359392
0.17862645
-0.98246771
-1.0976457
-0.54158513
-0.2672218
-0.35140789
2.0788259
0.0034641221
0.30123428
0.87513989
0.17043498
-0.14791978
-1.0187535
-0.81198835
-0.20265668
-1.2149373
1.8728945
-0.54714905
0.20145489
-0.76963983
-0.45094901
0.31322851
-0.21085975
1.3733735
0.25328845
-0.9793714
0.27084046
-0.31787187
-0.0042256981
-0.12816845
1.655377
-0.90193489
-0.41320585
-0.7439639
2.1436783
0.47836162
-0.70219419
-0.15904904
0.14531543
0.037569678
-0.58259285
-0.40485143
-0.6497206
0.15419388
0.47586257
-0.40981435
0.010908815
0.62516077
-0.79801026
-1.0537993
-1.0010187
-0.94314466
0.25604658
1.0358595
0.40997068
0.083610646
0.38093766
-0.29469063
-1.0656982
-0.080762661
-0.38220208
-0.85794329
0.63536198
-1.2184326
-0.95944308
-0.034254682
-0.2760044
0.80421798
-0.33532265
0.36708677
-0.49114636
-1.1000478
2.6213327
-0.31457966
-0.61796109
-0.83090372
-0.44581003
-0.8637159
-0.42158579
-1.0642374
-0.92889966
0.77828438
-0.33052908
0.53897588
0.4826563
-0.9120863
1.2479555
-0.93229782
0.68930484
-0.62649837
-0.86625625
-0.24349521
-0.57637925
-0.28001536
-0.88379461
-0.77724982
0.17061093
1.0175165
-0.49403533
-1.0379529
-0.61183277
-0.21412378
1.8981583
-0.26648162
0.80528818
6.4410569
3.3069248
-0.033454509
0.04798554
-0.46111819
-0.31892989
-0.87932618
-0.57803868
1.0212638
1.9452707
1.1543337
0.43821565
1.0488449
-0.13240592
-0.30204037
-0.84473325
-1.0081324
1.7959212
-0.45636845
0.25305722
-1.0306403
0.55281683
-0.60824548
-0.43635171
0.23523867
-0.39449372
0.58289031
-1.1024054
0.75192636
-0.18122839
2.4148005
-0.23596001
-0.46141136
-0.38607944
0.57927088
-0.31460294
-0.89585438
-0.75493579
-0.076533945
0.23081116
-0.23441655
1.6964055
0.50049628
4.0555587
2.8719106
0.21653774
-0.011697439
-0.57358351
0.43591839
-0.25956622
0.1515696
-0.0026879946
-0.64807615
0.56368176
-0.41363223
0.87217236
-0.63864194
-0.93040841
-0.49796394
0.60026137
-0.99151707
5.0469501
0.7464135
0.83037327
-0.025098388
0.32128579
-0.75354812
-0.61899441
-1.1811175
-1.1573971
-0.22752595
-0.71081358
-1.0951428
-0.16821977
0.70602767
-0.87890697
0.96613914
-1.0820592
0.49184061
0.12084052
0.28128635
0.71854923
0.64722558
0.44078935
0.63526141
-0.28898314
-0.76490518
-0.24823774
-0.66336174
0.52324211
-0.70795849
-0.69543368
-4.6790933e-05
0.98175292
0.92735842
0.50173455
-1.0558903
-1.1056257
1.1242706
-0.23381882
-0.6022653
-0.42270661
-0.87398073
1.1961389
1.735431
3.2427286
-1.1327625
-0.70386405
-0.79882516
-1.0130677
1.3640462
0.52115045
-0.200865
2.1982209
-0.99524167
0.024359162
-0.83107491
-1.0349112
-0.57866555
0.13674899
-0.72265678
2.3245182
0.84535034
0.34647298
-0.72402137
1.318442
0.11429259
-0.47535315
-0.26581899
-0.33520044
-1.0226948
-0.16259989
-0.58314454
-0.85227851
1.4317861
-1.0957162
0.93940111
-1.0720693
-0.80247865
-0.94887637
0.33313729
-0.72474797
0.039901237
-0.3772145
1.6700171
-0.70674317
-0.71421104
-0.96798435
-0.71753175
-0.79461263
-0.27820962
1.2522335
-0.3571281
-0.42750774
-0.092223906
-0.19576971
-0.3256077
-1.0882312
0.85408201
-0.82180471
-0.58025908
0.43896592
0.51802044
-1.0291594
-0.86219295
-0.61254684
-0.30065121
-0.14945054
-0.96352532
-0.93733124
1.058711
-0.91632542
-0.2285139
0.20516788
-0.26472386
-0.23721309
-0.64754984
-0.0061564309
-0.25945545
-0.39060131
0.48962147
-0.83495509
-0.53381568
-0.97778491
0.2670167
-0.43542819
0.72396553
-1.0214177
-0.77195217
-0.54761954
0.31625307
-1.0684811
0.083714344
-0.78297713
0.13542292
-0.57674285
-0.52756003
0.14943176
0.66530124
0.21637975
-1.0484558
0.87939178
-1.1698382
0.32913232
1.9545307
1.4854609
1.9999499
-0.18557328
-1.0508172
0.53783204
-0.068319938
0.017645105
-0.41295193
-0.26121044
-0.85708173
-0.30916293
0.16010801
3.5083521
1.7332165
-0.88172676
-0.061274305
-0.42448032
-0.61958431
-0.9355881
-0.7567519
-0.92779367
-0.95062923
-1.0290086
2.3661295
-0.13067683
-0.76414546
-0.96374363
1.0841399
-0.56304488
2.1379671
0.037043312
0.27635575
-0.67154726
2.3149958
-0.70137612
-0.6072841
-0.88302366
-0.19310293
0.77848036
-1.0342848
0.20392825
-0.30950438
-0.75874858
-1.0169311
-0.12295689
2.8314887
-1.0630414
0.77880406
1.7778266
0.77762281
-0.40482233
0.26653395
-0.47239923
-1.0477965
1.6219059
0.77483202
-0.36837783
-0.59968232
-1.108438
-0.65081046
-0.75202312
-0.35002405
-0.12494374
0.1431271
0.93952333
-0.28541298
0.74983532
2.2690976
2.7022016
-1.0597602
0.49345061
-0.12348597
-0.85398331
-0.79825626
0.15446629
1.1798833
0.38967507
-0.63332328
-0.78666477
-0.51733125
-0.8111548
2.0291959
-0.64697516
-1.1654127
0.13229346
0.92268127
-0.062259734
-0.48954969
0.22767457
-0.09069737
0.62427319
-0.39345962
-0.54908664
-0.91159703
0.07926294
-0.69303639
0.35216743
-1.1690275
-0.70605462
0.15989851
-0.4266885
-0.35675136
-0.79014146
0.38638264
-1.0379436
-0.15259287
2.0610032
-0.62781953
-1.0495759
1.1771608
-0.45856204
-1.0707335
-0.21463595
-0.75971456
-0.043969449
0.3638611
-1.2273979
-0.038012243
0.61360471
-0.66416202
-0.58997424
-1.0906895
0.22216089
-0.50708699
-0.43091774
-1.1967509
-0.23549256
-0.57421666
-0.46043376
-0.42811329
0.98423288
-0.9729769
-0.32431469
-0.93935359
-0.6824717
0.19786713
-0.36119097
1.1142957
0.031277414
-0.64563982
2.0422111
1.6980752
-0.63166131
0.10471914
-0.92411788
1.7710851
-0.24250197
-0.80459726
-0.46344057
-0.28253755
-0.62613038
-0.015995199
-0.70897503
-0.85047955
0.50763178
-0.21122825
0.050251116
-0.58012752
-0.75449969
2.0821243
-0.96110959
-0.45127377
1.3527493
-1.0886906
0.33272838
-0.92988307
3.4450518
1.0509747
-0.20761058
-0.48866637
-1.084036
-0.45805142
-1.0945164
0.77847142
-0.23984358
-0.4888465
0.56647417
0.45566718
-0.61441946
-0.043007911
0.86368367
0.21231117
1.3520268
0.28755529
0.11888046
1.7009176
0.83020908
0.420831
3.5212422
-0.88090621
1.1703816
-0.91364871
3.9145114
0.93622884
-0.98669054
0.75063384
-0.15228803
-1.1325584
0.097744231
0.035868934
0.068475779
-0.91761346
-0.88170849
1.640671
-0.2038183
-1.0287457
-0.96237345
0.058650372
-1.1418687
-0.59881971
-1.0021289
2.5839536
-0.74179783
-0.029412032
-1.0591193
0.18283085
-0.50370427
1.2000077
1.1843362
-0.22626086
2.4315346
0.38846664
1.1363034
-0.75041375
1.5559222
-0.36553876
1.0172126
-0.60072141
5.3982513
-0.43270733
-0.27723071
3.0869533
-0.04000647
-0.6944922
-0.53143828
-0.036232753
-0.6082553
0.030612604
-0.66782069
-0.26581223
-0.52927563
0.22621442
0.59410197
1.1627472
0.0092681208
-0.38693872
-1.0071008
-0.45822879
1.2317919
0.14464206
0.86629562
1.9725092
0.74252061
0.65748897
0.68332906
-0.45515084
-0.60284771
1.9856847
1.1098348
-0.41390045
-0.41564598
3.2939264
-1.1620075
-0.86838747
-0.95897225
-0.44357572
-0.46894013
-0.82986369
0.63861533
-0.41808506
-0.14280679
0.54142975
1.0758213
-0.94938053
0.074980544
-1.1088566
0.37767304
-0.29776588
-1.0811136
1.6481414
0.023176361
-0.93342003
0.19093926
-0.10731714
0.35968311
-1.0788756
-0.49619329
-1.0748239
-0.93324153
-0.085785597
-0.70008185
-0.54462826
-1.0625505
-0.6091519
0.11703246
0.97358849
-1.0699144
-0.94737971
0.96993935
-1.1149068
-0.40467733
-0.52298148
-0.58055098
-0.26785445
-0.68342534
0.76056109
0.24144515
1.6705109
-0.62511327
0.97829353
-0.41253331
-0.39049716
-0.48447725
0.070237804
-0.23439598
0.52598026
1.2614881
0.79986946
-0.89087539
-1.0126527
-0.98754868
0.67652138
1.1715011
2.2961635
-0.39604941
-0.44674387
-0.50916875
1.0813411
3.0395034
-0.77566989
-0.24584855
-1.0644502
0.76804683
-1.1162544
0.42526648
0.060197367
1.923037
-0.38786236
-0.47325305
0.088172057
0.010653711
-0.61895415
-1.1487446
0.090710838
0.17021796
1.8089453
-0.29603584
0.25589689
-1.149641
-0.52173914
0.94822496
-0.17871538
1.0867221
0.57136504
0.63686997
-0.024235916
-0.91011432
-0.15966363
0.52536606
-0.9056964
-0.21364342
-1.1456379
-0.44142296
-1.1218559
-0.39648911
-0.93317278
-0.34721083
2.2845378
-0.11537625
-0.53827674
-0.77109516
-0.34716783
0.17237374
0.41112786
0.5601483
0.27226373
0.2196047
-0.1678002
-0.27984592
0.19781603
-0.66864245
-1.0344951
-0.55378686
-0.12329038
-0.46978413
0.90395157
-0.3942047
0.42618714
-0.3094587
-0.44919287
-0.93040832
-0.7253608
0.51133012
0.14641022
-0.18384757
-0.59698202
3.3128808
0.12218951
-0.79354574
1.16516
-0.36367188
-0.63388749
-0.38043369
0.47702854
-0.52579735
-0.18893836
-0.23213701
0.84014379
0.65249486
-0.712822
3.1244851
1.8572272
1.0628146
-0.98477716
1.5349033
0.4234648
-1.0914181
0.40174963
-0.92273919
-0.55967792
-0.95336888
-0.92803763
-0.10375458
-0.67729507
-0.15984709
0.70174321
-0.162686
-0.84604341
-0.015862064
2.653382
-0.48790366
-0.61464665
1.278586
0.92872645
1.7119258
-0.65152232
2.1462427
0.56608029
-0.80534809
-1.1186632
0.81126879
-0.79400503
1.0619141
0.18134635
0.24338987
-1.1960754
-0.64498227
-0.83351239
-1.074151
0.3906137
-1.1973747
-0.29291317
-0.90492241
-1.023007
1.4454551
-0.80537863
1.1695559
-0.41970116
-1.0150346
-1.1463697
-0.80931519
1.3934644
1.1266365
0.034328095
0.83716777
0.34030249
-1.0765393
1.1032549
-0.068348291
-0.93802668
-0.07421493
-0.11581255
-0.57968203
3.6662016
0.83326977
-0.12848034
0.082972599
0.43211814
0.93588019
1.2422449
-0.88069715
0.41940357
-0.092275123
-0.7510307
-0.038007601
0.92567957
-0.64785629
0.47990988
-0.90968693
0.4565761
0.68261813
-0.74378388
-0.33472558
-0.50086402
-0.99993956
-1.0241761
1.6292459
-1.1064883
-0.16925343
-0.51799327
0.75136232
1.3327599
-0.78531667
0.64912805
-0.83358244
-0.91085485
-0.72811439
0.042129246
0.64948384
-0.033734999
-0.59484813
0.034500177
-0.13836375
0.99019669
2.5660138
-0.72172624
1.208377
-0.99220259
-0.94268398
0.51757211
-0.20912325
-0.7464217
2.2178321
0.6591454
-0.72960553
0.70023447
-0.73798218
-0.57614888
2.3250253
-0.7556649
-1.0826568
0.10259112
-0.81656328
-0.34323001
-0.77587573
-0.2925628
1.0057893
0.81687294
-1.022391
-0.85555984
0.55862021
3.0438816
0.21849352
2.484665
0.1640026
-0.75116523
0.43489072
-1.1301748
2.2174806
-0.71167962
-0.58414386
-0.77600535
2.4439656
-0.017191281
-0.08408521
-0.32397395
-0.66319894
2.0138694
0.4369088
-0.75245374
0.67452344
-0.64184519
-0.48760305
-0.7108966
0.91915467
-1.1329299
2.9940048
-1.2115662
-0.091464384
-0.88325485
0.41731505
-0.85303489
-0.96721436
0.36461071
2.9729003
-0.3560822
-0.70889932
-0.2461151
-0.68399537
4.3433186
-0.8207755
0.86898584
-0.60690224
1.7528975
0.79250775
-0.30031926
-0.074465857
2.2244736
0.16410425
0.71234679
0.095323808
0.69892078
-0.67131283
-0.59488048
-0.90884901
-0.37152318
-0.96613864
-0.80661135
-1.0777913
-0.35585938
-0.82209983
1.4728718
0.48149733
-0.98501534
-0.70829146
-0.86847394
-0.28940482
0.13074925
0.63321289
0.20305882
0.20363131
-0.69031708
-0.52538747
-0.52439216
2.6023752
0.072220048
-0.23501426
1.5971144
-0.017227874
0.635363
-0.58998579
-0.86541993
-0.62048897
-0.70001626
-0.53818428
-0.9585189
0.15191494
-0.76254962
0.079622272
1.1581472
-0.49359591
-0.38540811
0.56288479
-0.27732976
0.19250508
-0.24185652
-0.79897206
0.7096851
-0.32233846
-0.37897182
-0.37124002
1.092527
-0.46323907
-0.4693222
0.64335505
0.005706839
1.7764338
1.0395131
-0.098653112
0.49582333
-1.1781268
1.936076
-0.29700369
-0.41269688
-0.72066218
-0.86712601
2.4231526
0.033100657
1.2820892
5.935803
2.076819
1.2194019
-0.50364925
1.8319425
0.29548906
2.1826832
0.22790643
0.90660478
-1.1563104
-0.33361208
-0.45481645
0.41303996
0.092023897
-0.15435291
1.2676591
-0.40588372
-0.15795236
1.516536
-1.010036
0.053758725
-0.20584406
-0.57453014
-0.48063805
-0.86747822
-0.71544577
-0.84100916
-1.1085974
1.7210545
0.38769765
0.24641481
-0.05614744
-0.28711083
-0.24861686
-0.28981942
0.17008593
0.35263465
-0.9851257
1.7236742
0.80524363
-0.68109752
0.73097151
-0.60106422
1.8069552
-0.86904519
-0.47267513
-0.68507858
0.3716401
1.1006016
0.54705611
2.4546813
1.7258289
-0.6772171
0.16544946
0.53768155
-0.73203409
0.29662365
-0.62014705
1.2110121
-0.55818457
0.52530637
-0.71962888
1.0665136
-0.84316577
-0.40440107
5.8365216
-0.36352615
1.7233474
0.19223345
-0.20124274
-0.21142915
-0.10629414
-0.78852941
0.38637251
-0.33048012
0.48172966
-1.1571152
-0.76388793
0.54993248
-0.26418536
-0.56824456
1.2543927
-0.84464604
0.21144073
0.026007562
-0.92011913
-0.60142559
-1.1781723
-0.55679037
-0.96269642
0.60987937
-1.0213721
-0.89860533
-0.70635568
-1.0298102
-0.16696264
0.20964816
-0.65453546
0.42324983
-0.51098512
0.076968967
1.2274577
1.3642431
3.3640791
-1.08295
-0.80116193
-0.6625634
0.47173205
0.38959274
0.16625489
-0.53551873
3.1597123
-0.44718564
1.9321153
0.34706655
-1.0003677
-0.48981483
-0.78886033
0.36947192
-0.061694806
-0.67691647
-0.87969501
-1.1307972
-0.80163837
1.2468169
-0.69738404
0.04056785
0.55064005
-1.1326654
0.74101819
-0.020264088
-0.71970715
-1.1171417
-0.68426312
-0.6180351
-0.76077335
0.40286437
-1.2032444
-0.45570955
-0.64113657
-0.87245641
-0.24948288
-0.78587351
-0.24211825
-0.36003856
-0.74133273
-0.3789349
0.85582431
0.77434818
-0.75784088
-1.0820819
-0.3760846
-0.5426235
0.013140027
4.7442924
0.082271284
1.3503177
-0.35784073
-0.45428416
0.33578656
0.48004035
-0.34889716
-1.0492845
1.8508851
-0.31925891
-0.82973519
-0.52925825
0.015123199
-0.70540794
0.71077118
0.11273127
-0.82413725
-0.77690498
-0.44581953
0.069567488
0.39027231
0.024273238
1.0969049
-0.85194731
1.7234174
-0.41562065
1.2964833
-1.074454
-0.0055192268
0.12933949
-1.0885677
-0.66676767
0.87905193
-0.98917334
-0.040926241
0.32136959
-0.48329048
0.0090330216
-0.3371311
-0.8621591
-0.13569349
-0.17119452
-0.76597632
0.033659391
-0.071380565
0.89675417
-0.31454318
-0.53849895
-0.65506069
-0.68413931
-0.29670714
0.084852759
-0.51144501
0.59002816
-0.67620499
-1.0951925
0.17661069
5.3188435
-0.83311869
-0.84406129
1.8125643
1.0862237
1.4330923
-0.55765999
0.17042693
-0.6778662
-0.35646428
-0.65006803
0.14575005
2.11773
-0.83827429
-0.10239127
2.4357087
-0.83920846
-0.8410638
-0.6033277
-0.88184763
4.2133456
0.13803823
-0.76635374
0.72757385
2.6423138
0.63970082
1.3088254
0.27641019
-0.88941616
1.7282696
0.64250993
0.3346232
-0.73281807
-0.8782352
-0.90495657
-0.30240931
-1.0093317
0.73287252
1.2669144
0.66523765
-0.6988315
-1.0014614
-0.86207937
-0.095333299
-0.79651076
-0.59194996
-0.54823303
-0.32127791
-0.2135033
0.62986695
0.62225945
3.5511969
-1.0229745
-0.16375208
0.88018223
1.3608233
0.60599563
0.043002997
-0.26351821
4.0783891
1.3054048
0.27833641
1.8383391
0.18486273
-0.32039721
0.36852787
1.2173224
0.30452498
-0.84655408
-0.72072447
1.9547952
0.16921618
-0.95890191
-0.29401705
0.78503649
-0.16677202
1.8672878
1.9022889
-0.23162516
-0.97618242
4.5303913
-0.76780835
0.60359704
-1.1195067
-0.94021732
2.5043733
4.3259348
0.29673431
-0.66582898
-0.73488566
-0.2406543
-0.75884974
0.12690638
-0.70199237
0.77957291
0.51929151
0.52839579
-0.18715921
-0.74275188
0.44872672
0.41572377
2.8052243
0.18147828
-0.29094599
-0.94953617
1.6788862
0.8366257
0.0187213
0.58378491
-0.65256189
0.52928098
-0.96883867
0.011649482
4.2901053
-0.45423827
-1.2318854
0.48945337
0.86793015
2.2519931
-1.0358019
-0.94236817
1.8080502
-0.17243003
-0.92100147
-0.94208625
2.0760685
-1.0121815
0.19451794
-0.3448451
0.050125162
-0.020287647
-0.71026646
1.7035422
0.24803594
-0.92137263
-0.85437398
-0.68810888
-0.62671116
-0.40602827
-0.82894484
-0.94192998
-0.88878658
-1.1324777
0.16995165
0.13017521
-0.45620157
-0.1138738
-0.58205739
0.67302262
-0.21096809
-0.71886587
1.1523784
-0.57346373
0.60693899
-0.19310456
0.040664686
0.055687485
3.1925572
-0.53481435
3.3628304
-0.46761215
-0.15577347
-0.86316729
-1.0459165
0.075884683
-0.95878662
-0.52377163
-0.42800347
0.20757486
-1.1412376
0.29794403
0.15574768
0.19125244
-0.71639574
1.094697
-1.1590558
1.4855053
-0.17095578
1.2446449
-0.79017784
-1.1425952
2.1318432
-1.093697
-0.8021664
-0.62861845
-0.26350295
-0.75694835
3.5899638
0.82396016
0.39052361
-0.69324879
-0.056392607
-0.44107316
-0.017244638
-0.078184822
-0.093562165
0.43163623
-0.54705634
-0.49985433
-1.0663898
0.55883517
0.37512476
-0.4338555
-0.94557159
-0.35192379
-0.070848399
0.5746898
0.43428486
-0.029722508
-0.34128993
0.39994496
-0.89932877
1.5105604
0.19955046
-0.54806858
-0.35316493
-0.93603307
-1.0716136
1.002799
-0.34440122
-0.67252549
1.4523694
-0.5048911
-1.0454479
0.99158762
0.99011858
0.728094
-0.87150963
-0.37590683
-1.1666238
-0.85963827
1.1101915
3.0669236
-0.19783298
-0.56917405
-0.77098367
0.24082342
-1.2355938
-0.90905827
-0.5982508
-0.22794739
-0.16508378
-0.61328104
0.45838318
-0.034252705
-0.94181569
1.1618372
1.3653469
1.111928
-0.82276967
1.9606785
-0.49075982
-0.22478291
-0.86261695
-0.75343398
0.33134907
-0.83440818
-0.88182192
0.62879896
-0.37566798
-0.64467657
-0.47911305
-0.91114522
-0.098811527
1.1450182
0.13469149
-0.60535974
-0.0031440335
2.8159056
0.61363891
-1.0086339
-0.89374353
-1.0788778
-0.39008931
-0.56271459
-0.72867643
-0.97803528
-0.22447885
0.16546218
-0.53995251
-0.01014945
1.0993581
1.169056
0.27836732
3.0210456
0.40753057
0.91865907
0.91269253
0.59871203
-0.28447126
-0.52513496
-0.52663224
-0.51486953
0.99291149
2.6597137
-1.1677085
0.71101514
-1.0148099
0.64112513
0.53525553
-0.34567514
-0.86880779
-0.4862398
-0.8825692
4.0270519
0.058690761
-0.22224889
-0.23435636
1.3464428
-0.60197047
-0.6720848
1.7973493
0.15636238
-0.68373139
0.16726209
0.71993653
-0.93361119
-0.9745676
0.17905812
-0.67351309
-0.89170453
-0.25227544
0.45992571
-0.52231114
-0.98377313
-0.9597964
-0.55678184
-0.31337241
0.27762882
-0.26414307
1.2444653
-1.1664218
-0.5438767
0.92878192
0.3706258
0.5583094
-0.010487935
2.3240219
1.8413658
0.63607765
-0.87458282
4.8411153
-0.25764302
-0.90331434
2.2699943
1.7449382
-0.95515205
-1.0993879
-0.47455799
1.1396545
-0.78709394
0.59615581
1.164838
-0.87811634
3.3635121
-0.06290175
-0.26009813
1.0618426
-0.17484771
0.8087313
-0.51924027
0.74546757
-0.91368863
-0.27843982
0.83920427
0.46931573
-0.62390212
-0.077317436
-0.7132585
-0.76039646
-0.046957756
0.61883545
-0.91804003
0.037126684
-0.5787912
-0.65648343
-0.18802697
0.18714801
-0.88069608
0.94720505
-0.25844043
3.006947
0.974555
0.56533694
1.5874688
0.057819401
-0.61468551
0.31516161
-0.64488425
-0.22367295
-0.86131652
1.4645714
0.047054344
-0.32009698
0.84030805
-0.51443192
-0.55030731
2.8823295
-0.93651852
-0.97908414
-0.56687215
1.1308494
-0.83761261
-0.66408262
2.3035063
-0.6599673
0.1777674
-0.13917242
-0.04822405
-0.72826669
0.80599771
-0.17208838
0.31122382
-0.69142054
0.077640378
-0.16377896
-0.22064994
-0.77351651
-1.1369041
0.35886283
-0.67599703
-0.39818629
-1.0283021
0.6447771
-0.8738283
-0.10878192
-0.029739433
-0.54664905
2.6669647
-0.89798678
-0.85373059
-0.17527922
1.1443039
2.4446721
1.8240153
1.8292723
-0.45117127
-0.61003969
-1.0034025
0.45000631
-0.59133691
1.1084071
-0.60101951
-0.40331487
-1.047074
0.79189128
0.16185948
3.0343975
-0.74155844
-1.1894517
0.20674822
0.29191246
-0.53256481
-0.98100657
-0.5870213
-1.0829088
2.5883243
0.043584545
0.64249299
-0.51279427
-0.47180459
1.8959026
0.11419801
0.42716179
1.4431157
1.6561079
-0.32762238
-0.31789994
-1.019955
2.8192437
1.6012615
0.84154144
0.30092989
-0.84785534
2.4482594
0.57367104
0.36911804
-0.079888788
-0.48118167
-0.83194357
-0.19094364
-0.66138619
-1.1019108
-0.17423677
0.066120602
-1.1664191
3.9254337
-0.29575179
-0.53211869
0.59227201
3.7594399
-1.1748081
0.11782884
0.2561075
-0.91986997
-0.42436939
-0.62846541
-0.17282524
1.1741173
-1.0359144
0.48905489
0.22091047
-0.055863348
1.750214
2.7149635
-1.0034087
-0.63435087
-0.22356751
1.2212577
-0.84832705
-0.448433
1.612332
-0.84247473
-0.054039801
0.53950101
0.49058377
-0.51169377
0.1977465
-1.0117102
1.3586981
2.0073617
-0.37828278
-1.2238961
-1.2178938
-1.1924008
0.74631059
0.033580185
-0.99535106
3.1465127
-0.38051404
1.3115199
1.3484132
1.4499343
-0.54483722
0.10091112
1.5368572
-1.0563096
0.24177724
1.1715265
0.33818839
0.35646362
1.1460074
0.16694212
-0.067292211
-0.83323406
0.32548821
0.95824276
-0.025149629
-0.19149586
-0.62255
-0.12876875
-0.11918557
-0.20282894
-0.27522704
0.59745854
-0.66150915
-0.0029631055
-0.54036519
-0.38744429
0.67112686
-0.25659239
0.021857139
