-0.3239801
1.1728385
0.33513451
-0.18178396
-0.14445829
-0.71712493
-0.87220734
-1.2215424
0.62284251
0.57896903
0.73545315
0.44118615
0.35470736
0.15373508
0.065121973
1.7140389
1.1805759
1.083193
0.10323552
0.55709837
-0.81396134
1.9305419
-1.0664056
1.4438019
-0.45686839
0.63660552
1.4547608
-1.638807
-1.4106772
-0.5372417
0.66459999
0.45123143
1.7249333
0.097811269
-1.0051636
-0.68167052
0.50707682
0.92885375
0.1751769
0.098132341
-0.25230836
0.0062490295
-0.35180226
0.88027078
-0.86850747
0.11863971
0.012955438
1.0800179
-0.37989696
0.61250222
0.69815729
-0.18417009
-0.70520204
1.8177325
2.1227534
-1.6375424
1.2401317
0.30866062
-0.067851147
-0.2005424
2.1206855
0.073865555
-1.2129769
1.2272708
1.7801181
1.2901553
1.6004988
-1.1023186
0.66811751
1.6809004
-0.93791509
-1.5403014
-0.13715688
-0.083574257
-0.86350211
-0.4380983
-1.2760347
-0.95540062
1.171472
-1.4371598
-0.9430923
-0.91559547
-0.30866663
1.4766412
2.3842536
-0.641845
-0.022164633
-0.0090929154
0.72529339
0.028638419
-1.2386265
-0.65386372
-0.071963734
0.60408122
-0.16694321
-0.96834767
0.28910909
0.33774132
-1.3747257
-0.13712574
1.5365938
0.34160193
0.86752944
-0.25529008
0.1326921
-0.0040408334
-0.11070415
1.7052749
-1.6287199
-0.8238425
0.73818271
-1.5294305
-0.84720454
0.73995904
1.0455734
0.15193299
-1.4887739
-0.3544359
0.17766551
-1.0494952
-1.032666
1.4907496
0.27586689
-1.5584432
-1.306836
-1.1558015
0.029371826
0.69049883
0.676479
0.4282384
-0.063031006
-1.2377364
-1.265667
-1.4866606
-1.078178
-1.5363297
-0.4044615
-0.5887865
-1.5609627
1.9206621
-0.75173456
-1.4390655
0.64536094
-0.90204287
-1.2529032
-0.52478651
-1.6715484
-0.28164681
-1.1240905
-0.0033777056
0.0982841
0.43407269
-0.071549829
-0.66731019
0.66927136
0.2787432
-0.18548841
-0.19243855
-1.2240508
1.3034741
0.57322428
-0.089902989
0.68587786
0.29728233
0.56567232
-0.60989331
1.1288229
-0.30615275
0.51746578
-0.5532892
-0.95426679
-1.1955194
0.56697356
3.3687254
2.1214449
-0.35338588
-1.7597002
-0.84582521
-0.25219399
-0.6995026
-0.15378123
1.4567331
-0.96131786
2.2402945
-1.1330345
-0.24620706
0.23613952
-0.82402493
0.025328659
-0.40467845
-0.56959953
1.0524648
0.46137246
-0.29842439
-0.67824473
-1.0423339
-0.28183281
0.59789365
1.2526986
-0.53414985
-0.0072424128
-1.325961
0.30977827
2.3890429
-0.039683765
-1.5945217
0.48455929
-0.95720948
0.87974624
0.15966418
-1.3573954
-1.0694084
1.4523149
0.052922481
0.25438078
-0.90698102
-0.0082119099
-0.12353162
1.7894722
0.52935352
-0.69240276
-1.4727266
-0.10801966
-0.17117099
-0.70757073
-0.76470068
-0.87261933
1.038648
-0.2690341
-1.5655607
0.46192845
-0.48022013
0.41341013
1.1012946
-0.16361936
-0.38488606
1.5316323
-0.48641847
0.76950755
-0.06733574
0.084484998
-0.1500187
-0.53717474
1.8112992
0.33851154
0.044475678
-1.348109
0.72735196
-0.8319006
-0.98955623
-1.2244694
-1.2864246
-0.010544219
-1.4013982
1.4435895
-1.2632873
1.6296132
-1.2113064
-0.75513617
-1.233438
1.7742457
-1.3834237
-0.053021506
-1.0748701
-1.3042991
0.25574601
-1.1540264
0.86924668
0.068442461
-1.0779235
0.38717185
1.4933608
1.5119499
-1.5736627
1.7523723
1.1759136
-1.3043825
-0.20549637
0.63787586
-0.87863631
-0.98450486
0.42619462
-0.98941524
-0.9212289
1.5744111
-0.061094478
-1.6119459
1.1563777
-1.4495453
-0.31932773
-0.27641239
1.5810573
-1.3956202
-0.78540897
-1.1644182
-0.32670229
-1.4443438
-0.25014082
-1.6135626
-0.26145652
0.37460164
2.2347787
1.5348142
-0.61845436
0.035758862
0.22001126
-0.28387079
-1.0301419
-1.6116771
-0.57350113
0.1956118
-1.5711913
0.26267881
-0.025621953
1.3778348
-0.4152498
-1.376932
-0.65832289
0.82468603
-1.2984718
2.1416807
-0.62584951
-0.32219703
-0.38442375
0.30681645
-0.31461105
0.53879916
-1.4783406
1.2053936
0.37030047
-0.065631746
-0.4901019
-0.96198496
-0.023847433
-0.71554776
-0.17450393
0.68873809
2.5531276
-0.69187375
-0.83054046
3.1468967
-0.038435349
0.10623657
-1.2094686
0.94292784
1.7270567
0.16959214
-1.1580614
-0.76072783
-0.9372649
-0.479065
-0.6528245
-0.66270661
2.5783046
-1.330969
0.57997698
-0.60005256
-0.45092884
-1.4702076
1.3001117
-1.5688872
0.83257841
-0.53408294
-1.047933
-1.1465868
-0.63783987
0.90927325
-1.4836597
0.68616101
0.060869224
0.80998956
-1.4533048
-1.459125
0.20000443
-0.75186037
-0.59760599
-0.22660296
0.19971871
-0.55007327
0.50839878
-0.40788161
-0.70956374
0.21471839
-1.3739491
1.0044212
-0.7292659
0.15808165
0.016990812
-0.7009381
-1.5160623
-0.35044571
0.82845526
-0.18524864
-0.29379744
-0.13135122
-1.2391936
-0.24387566
-0.50456707
1.5646387
-0.97797753
2.012171
-1.4160945
-0.27266969
0.38608322
0.32831013
1.0205713
1.4935096
-0.69666726
-1.4770451
-0.1072242
-1.3662514
-0.41418386
1.1181653
-0.75935178
1.678975
0.67675669
-0.55559646
0.25349127
0.13257394
0.13212964
0.5616848
0.57853573
-0.91696006
-0.60371984
-1.5101534
-0.032332757
-0.817806
-0.77417487
-0.74870519
-1.6189584
-0.16278608
1.0538681
-1.5931323
-1.3925288
-0.97583123
0.60254005
0.083903019
-0.45961723
-0.66836953
-0.94724603
0.83329273
-0.75050298
-0.33154374
0.93615339
-0.64414988
-0.078580323
-0.6077383
1.5828934
-1.1649537
-1.290491
-0.10917573
-0.56448735
-0.39501034
1.9455128
-0.83709773
0.45378859
0.20272246
-1.6279137
-0.6816459
-1.0984686
-0.97960948
0.90967314
1.1221287
-0.37164117
-1.0201559
1.8407499
0.45826599
1.1704228
0.87263022
0.46632449
-0.56273483
-1.3334472
1.0605192
1.0651826
-0.086430085
1.0119947
-0.41927704
0.74791938
-0.72798609
-0.55563408
-1.198818
-0.50346045
0.23295946
-1.3398493
-0.52273497
0.7503027
-1.202668
-1.1007096
0.75015452
-1.4502268
-1.0763876
-0.28577248
-0.49351073
0.69248164
-0.55305381
1.2618295
0.46833239
-1.2928513
-0.033618054
-1.0002702
-1.5804346
-1.1372724
0.92331611
-0.76951315
0.52578446
-0.90127837
-0.55735307
0.53020408
-0.30975401
-1.2693401
1.955739
-0.72671129
-0.69044512
-1.8622382
-1.4279739
0.093338339
-0.53653002
-1.2880361
-0.82598008
-1.504687
-0.31558381
-0.5933109
-1.5564684
1.952064
0.13018675
-0.81793113
-1.5267789
1.2526442
0.87701344
-0.82255868
0.3963457
0.50130304
-0.20448054
-1.3346964
-1.2374068
0.46636967
-0.13054285
-0.48593843
1.04518
2.6766643
-0.71592346
-0.89902947
-1.0639161
0.67712328
-1.1756104
-0.0067485654
-1.0029045
-0.7454184
-1.0952221
-0.77112097
1.5546388
-1.7584912
-1.1009809
-1.4170925
-0.31325126
-0.18794906
1.0828288
-0.93014929
-1.112364
-0.1238947
-0.47348457
-0.16519479
0.059973161
0.091428499
-1.063184
-1.2825606
0.45851217
-0.50149541
1.7550617
-0.14817224
-0.41859882
-1.1487726
0.27410454
-1.587458
-0.50026315
0.046214544
-0.50873326
0.029873869
-0.059086373
1.4378519
-0.042223604
-0.36948074
-0.98066386
-0.3504711
1.7871622
1.9776143
-1.2420825
0.75260371
0.73240831
-1.4075746
-0.45572821
-0.54905352
0.10638184
1.5821416
-0.52202809
0.55543431
0.73909726
0.7200457
0.28291128
-0.073173833
0.22362952
-0.85855633
-0.14354425
-0.12998981
0.30115456
0.97304019
1.0643935
-0.33576843
-1.5178047
0.86215328
-0.50143758
0.96100514
1.2399121
-0.50343147
-0.026523645
-0.73597058
1.1364696
-0.95717689
-1.1383765
1.9453316
-0.097680491
0.87895792
0.85584148
-0.60435262
-0.32287646
-1.273574
-0.27680905
-1.821893
-0.46187369
-0.52555111
-0.28236619
-0.34599488
-0.41503014
-0.23723903
-1.4472231
-0.82515707
0.098738909
-1.3055913
0.15088472
0.15863288
-1.0282174
1.1761612
1.8667677
0.61434741
1.6054252
-0.66314397
-0.84257401
1.6312128
-1.1348719
1.8856702
-1.557989
2.8753257
2.0602473
-1.2644549
-1.1093446
-0.89108595
-0.028801297
-0.56233811
-0.39691196
-0.73645503
0.30346345
-0.34459
0.73614734
-0.94362864
-0.54433606
-0.73806805
0.762667
1.9143957
0.92751685
2.3595307
0.69309292
-1.4767247
-0.81017366
-0.79515062
0.90738998
0.84183187
1.4553916
0.32759357
0.97031723
-1.2633359
0.91958555
-0.95608204
0.7745601
-0.2592108
0.18979628
-0.6702111
-1.8372221
-0.51047745
1.576669
1.0650855
1.9124297
0.84762123
1.1157697
0.21929459
0.64414658
-0.98462637
1.5670469
0.16569353
2.9410948
-1.2124468
-0.10752658
0.40403941
-1.182367
-0.11080594
-0.77408745
-1.1380918
1.1922888
-0.65719953
2.6287156
0.8078994
-1.2710353
-0.39344836
0.86001184
-0.014329688
-0.18177364
0.54530163
0.74726148
-1.170877
0.89657043
0.92070731
-1.7069846
-1.6038989
0.80183257
-0.36806584
0.98303903
-0.25559005
-1.212818
-1.0491475
1.1764789
0.43001477
-0.57401038
-0.52704177
0.44921568
0.54680303
0.88918021
-1.5750293
-0.75255793
2.0952433
-0.22052314
-0.62092731
-0.046458273
-0.62049616
1.2020266
0.80997326
0.82716271
-0.310837
-0.29462152
-0.1738805
-0.69254148
1.7472186
-0.7177518
2.9875651
1.1747756
-0.43257721
1.7615247
0.46392769
-0.42897305
-0.14395302
-0.62399599
0.40119175
-0.86183988
-1.4073849
0.55022942
0.39445378
-0.33495747
0.10814
-0.87488367
-0.89588902
-1.1102203
0.82169164
-0.83528886
-0.78619892
-1.0477013
-0.81453811
0.53795265
0.45562557
-0.51072173
-0.96448218
-0.79039597
-1.0270574
1.0692509
-1.4221934
-0.96816062
-0.9943918
1.0738782
-0.11318962
-0.14168709
-1.0269756
-1.3976356
0.27054246
0.98346048
0.53259959
-0.62029855
-1.1189355
2.1927872
-0.79085409
-1.4238188
-0.26505962
-1.3492431
-0.34035158
-0.93031079
-1.1945555
-0.86224531
0.64092742
-1.5907289
1.0292653
-0.088782106
0.69793692
0.51507741
-0.6128965
1.7419358
-0.22217304
1.7725251
0.90900091
-0.068560614
0.023072408
0.91131363
-1.6010203
0.54435095
-1.2538971
-0.61760534
-1.1542913
1.8549704
-1.3333557
-1.4873316
-1.8319085
-0.41878501
-0.046384179
0.59296655
-0.56942005
-0.7654892
-0.40873114
-1.437653
-0.15659009
1.0518466
-1.0598014
0.099942018
-1.2584745
1.2488005
0.52409033
-1.2480027
0.59203001
0.70691128
-0.84606736
-0.6229015
-1.1419757
0.39678197
0.81803459
-0.78873401
1.0630685
-1.7782739
-0.88415016
-1.1464888
0.060760814
0.54750452
-1.0269009
0.3299264
1.3438749
-1.3442631
-1.1914692
-1.1829756
-0.69388277
-0.55886429
-1.4183484
1.2328279
1.8577234
-1.2736264
-0.35551016
1.7582812
-0.93310452
-0.78531135
1.5138381
-0.51160086
0.5413594
1.0175749
-0.52929753
-1.0515225
0.57716022
0.96391928
-1.2753765
1.8540528
-0.14499773
-1.1764254
-1.1404049
0.3368056
0.014280366
-1.7616199
1.2588556
-0.3382979
-0.18684009
-0.90637145
0.16068056
-0.36882482
-0.45571816
0.34910787
-0.90065402
0.51094622
-0.17117399
-1.3908922
2.0886683
0.53670244
-0.17210011
-1.5184254
1.2779475
-0.25462965
0.46987322
0.48909163
-1.1503003
-0.44865246
1.2751986
2.6657529
-0.70899452
1.7555116
0.66616499
0.78356751
1.7331409
-0.8732367
0.088864486
0.061178879
0.64720756
0.28221043
0.11308804
0.11971923
-0.82730854
-1.5268709
-0.83956713
-1.3048818
-0.89618074
1.2784261
-1.35483
1.6755362
0.12728884
-0.48352335
-1.1755261
-0.57474621
-1.2190857
2.2996208
-1.7119551
-0.00037188542
-0.95478346
-0.8193681
-0.63966519
0.036742436
-0.32827495
-0.91714828
-1.1820565
-0.55495056
0.59279157
-0.74529052
-1.7100297
0.41835281
-1.2749927
-0.52634999
-1.2470439
-0.38502184
-0.11787948
-1.233444
1.0754162
-1.1223646
0.86678948
-0.31722565
-1.2625641
-0.75307617
-0.0089735855
-1.5320031
-0.41641939
1.1665279
-1.1411841
-0.11218438
-0.90851855
-0.8948647
-1.2175197
-0.67069851
-0.32400261
-0.055895071
0.43651141
-0.20430421
0.53097612
-0.97435948
0.92354419
-1.0185055
0.11457742
-0.013255083
-0.97100542
-1.0776796
-0.022614918
-1.2515662
-1.463795
-1.0616065
-0.23715759
0.57192459
-1.5410731
-1.0037851
-0.37933834
0.68053246
-0.078343745
-0.47758883
-1.5399357
-0.38786927
-1.1742709
0.13151354
1.4478859
-0.37878342
-0.0022258618
0.022745258
-0.4609282
1.1685523
0.80110461
1.0031256
0.47246191
0.090415346
-0.6991302
-0.1238416
0.0060236566
1.568332
-0.98453085
2.5282474
-0.46162592
0.56079657
-0.41273292
-1.6216965
0.016185635
0.79540897
0.58837363
-1.4685128
-0.13692862
1.0800976
-0.18374586
-0.37205204
-1.6636851
0.35966581
-0.70726214
0.24154579
2.1712293
-0.35357226
-1.1164168
-0.26690557
-0.98526403
-0.43181054
1.2210854
-0.9426277
-1.0926508
0.50806946
-0.8478942
0.27621166
1.7497328
0.5449952
-0.85239503
-0.13637086
-0.032416328
-0.47690144
1.0502831
-1.3332841
-0.84710478
0.47570605
-0.80939003
0.25960494
-0.68448391
0.24912264
0.12716018
-0.5695363
-1.5541901
-1.0022689
0.4449672
-0.1732954
-0.63541062
-1.2363466
2.117548
-0.4161269
-1.0223592
1.5924759
-1.1184145
1.9175201
0.43689942
0.61775675
-1.0275485
1.5462474
-0.51420938
0.22147699
-0.61820499
0.35555518
-0.52926927
-0.61876925
-0.70331232
0.11350344
-0.9804829
-1.0702229
-0.069249286
-0.42842172
-1.054527
1.4490632
1.4274765
-0.60502748
-0.039475931
0.54517012
-0.84964607
0.63876444
1.8840695
-0.21107427
0.56270095
-0.31099053
-1.0809169
-1.2676138
-0.26553085
0.67185353
0.39783182
0.17806218
1.2788752
0.33375344
-0.57824801
-0.34010333
-0.89136722
0.60353735
-1.5142134
-1.6501812
-0.4483572
-1.4899676
-0.7205612
0.21080324
-0.29925866
-0.68289548
2.3863752
-0.081973962
0.22763661
0.045750548
-0.010596035
-0.58943322
-1.1147077
-1.4966431
0.70746968
-0.36415432
-1.0638055
-0.051095167
0.32586458
-0.68241664
0.017176009
-1.0230855
-1.4859601
0.19573644
0.59316484
-0.8382019
-1.5195413
0.089102139
0.19600479
1.355575
0.67652821
-0.82673692
-1.2853195
0.85767397
-0.49721897
0.60364679
-0.68743258
-1.3663114
-0.96918382
-0.75243744
0.58110715
1.1390785
-0.65450965
0.038274521
0.39544115
3.4539109
0.11626572
1.1019891
0.94102906
-0.028572278
0.18993104
-1.1459749
-0.10798454
-0.87198851
-0.80075681
-1.6683308
-1.4250237
-1.5609827
-0.77131784
-0.85994083
-0.41739699
0.031422674
-1.4794801
0.058407451
0.059930849
-0.83315395
-0.84372013
0.13210831
2.1320147
-1.6290812
-0.25356704
-0.061926803
-1.0316212
1.4801087
1.0849412
1.2676232
-0.55160163
0.51355729
-0.91464318
0.2786434
-1.1443717
1.1487382
-0.89592149
0.02622237
0.057997605
1.1505108
1.2383029
-1.2658471
0.31086222
-0.91279216
-0.92646774
-0.81404594
0.50016192
1.2375162
-0.24178051
0.24091099
0.29037879
-0.23425378
0.78890992
-1.3617251
-1.0022053
-0.96417583
-1.1778621
0.026871478
1.3633023
1.328419
0.94149083
-0.43870075
-0.93863886
-0.13121542
-0.80780001
-1.3857206
0.378306
-1.5904063
-0.82205045
0.050068672
-0.60495564
3.0025341
-0.41413763
0.88254942
-0.45340283
-0.51806349
-0.37302439
-0.68382629
-0.37932733
-0.42235148
0.22229139
-0.50948935
-1.3617721
-0.5870719
1.5285772
-0.64243583
-0.57501564
-0.76169056
0.84300492
-1.4417523
1.0845676
0.98068162
-1.1335854
-0.25576508
-0.87884116
0.08113585
-0.8064844
1.9052403
-0.30324387
-1.1752183
-0.58213379
-1.4522172
1.6467109
0.95498061
-1.2072521
0.31825798
-0.72462887
1.0445031
1.9603609
-1.0051227
1.5902984
-1.0444926
-0.24495749
1.5939567
0.37004766
-0.22584226
-0.73599513
-1.6214214
-1.4254624
0.93253469
-0.89453216
-0.31879543
-0.21060133
0.30247586
0.70047418
-1.0972556
-1.7056527
-0.63235596
2.0974971
0.60081373
0.23534175
-1.286467
-1.2054041
-1.4546006
-0.90047635
-0.37729727
0.37702636
-1.5759265
0.044306739
-1.4366354
-1.1895411
-1.8214001
0.98455267
-0.67428811
-0.70657872
0.51777654
-0.91767532
-0.037001535
1.6124502
-0.41120083
-0.3690176
-0.60968758
-1.2437246
2.1014744
1.1733477
0.88535194
0.50162665
0.1754651
-1.745954
1.1078373
-0.80417218
1.1390943
-0.56140987
-0.08243634
-0.091028442
-1.3466908
-0.32493658
0.32533699
0.46297442
-1.164719
0.20567244
1.1261595
0.21503355
-0.35575481
-0.23308446
-0.062231318
-1.1890163
0.6504219
-0.091474006
1.4537623
0.46428812
-0.9490426
-0.71226025
-0.13737162
0.88120856
-0.40042886
0.42580626
-1.0052028
-0.97555727
-0.15064153
-0.96777437
1.2020821
-1.4165693
-0.46166432
-1.2036794
-1.087248
1.2684783
-1.1892921
0.67932927
-0.70878451
0.2834807
0.024502178
0.94770357
1.3223495
-0.33642255
-0.64830419
1.3635017
0.26961226
0.10791913
-0.73216749
-0.36946447
-0.96097613
0.34571848
0.022735382
0.73780728
-1.0670044
-0.066830049
0.21932673
-0.16876712
-0.50601256
-0.49490664
-1.2629157
-1.5543716
0.081645098
-0.45491521
1.336493
0.70191423
-0.58790188
-0.083975014
-0.64847102
-0.025264322
0.49253113
-0.96871107
-0.22453378
0.18373702
0.625926
-0.63518934
-1.4656199
-0.6454668
-1.3420532
-0.99394357
-1.2014823
-1.0209583
0.018859236
-0.61701862
-0.15938698
-0.44848879
-1.2790937
-0.083647603
-0.72559765
-0.7138885
-0.83066112
-0.91919068
1.3086659
-0.70375562
0.81683786
0.37910107
-0.25234356
0.010082432
-0.78682497
0.55271867
0.22019365
0.59708367
0.057894236
-0.59386673
1.3824014
-0.64063219
-1.0770552
-0.98201376
-0.7923478
-0.40870562
-0.72348738
0.28882524
1.28351
-1.3888146
-0.12652571
-1.2812855
0.033458909
-0.7867009
1.619294
0.47866369
-0.82530675
1.825566
-0.35656256
-0.74367222
0.14112702
0.047951347
-1.5849007
0.13890144
0.92324754
0.045014375
-1.0239087
-0.58553645
-0.29759767
-0.94945188
0.52058808
0.027729836
-1.6703417
-0.4172423
-0.65534939
-0.019998599
1.5573503
1.0290181
-0.24530053
0.45528472
-1.4141005
1.2345502
-0.67340498
-0.18713854
0.17810304
1.3860605
2.291733
-1.6958787
-1.2662406
-1.3864934
-0.69188524
0.39249828
0.26071565
-0.35341167
0.32773598
1.2750763
-0.12820393
-0.39283739
-0.29831593
-1.1758133
0.99947019
1.2199205
-0.2718158
-0.96583995
0.3063439
-0.90392863
-0.35839666
-1.2633995
-1.5955689
-0.98370712
3.6921067
0.78725332
-1.6772505
0.45455445
-0.74580722
0.55210757
0.28890859
-0.38081561
-0.95274144
-0.23243851
-0.4884456
0.97740477
1.4640162
-0.67601888
-0.60930863
-0.82465119
-0.17267463
-0.53269073
-1.0008501
-0.72590584
0.77367379
1.5752059
0.49175311
-1.4939143
-1.0958835
-0.18524697
-0.14046422
0.66763996
-0.72958768
0.20202718
-0.32628966
-0.93264116
-1.3624493
0.058391891
-1.2769636
0.084137059
-1.65885
-1.1979743
-1.1352197
-1.4044493
-0.35243843
0.17687189
-0.051495166
2.2169543
-0.53260746
-0.83486003
0.096687597
0.7793813
-0.32465391
0.64254938
1.736589
-1.4729058
0.89497015
-1.6342562
-1.584763
-1.4080815
0.21395477
-0.86511263
-0.17640635
0.0066461209
-1.1242523
1.1064998
0.76717967
-0.19050895
-1.6035794
-1.5342016
0.64080862
0.12542372
-0.22538594
-0.18874394
-1.2208269
1.2887005
0.23104148
1.0664415
-0.33339987
-0.47492479
-0.81090364
0.024184037
-1.4788645
0.63388865
0.46321373
1.5524257
-1.10143
-0.61197196
0.34119418
-1.1713023
-0.016965781
1.4475911
0.18925035
-1.2354253
-1.5969189
0.85204454
-0.17130381
-1.1924483
-1.0999525
-0.45457537
-1.1333467
-0.22477925
1.8131873
-0.104819
-0.57990568
-0.69998117
0.84528766
0.5401534
0.65220454
-0.61864082
-0.11547632
0.73875059
-0.87199752
-0.023967449
0.22529209
-0.84573928
-0.21304111
0.34917133
-0.31681124
-0.6911392
0.10967602
-1.6511021
-1.39784
0.29170325
-0.38633494
1.1490908
-0.34226279
-1.1020608
2.0274047
-1.1258538
-1.5710441
0.80404033
0.15513268
-1.0369709
-1.1141078
-0.65901119
-1.4645457
-1.265899
-0.22835549
1.4652222
0.37503527
0.10462022
1.9628047
0.27823568
1.0759314
-0.50568505
-1.0110976
-0.88203957
1.6217389
-1.6155945
0.93295179
-0.40257086
-0.081938413
-0.83683624
1.2762893
-1.137932
-0.61448278
-1.1894816
-0.82820775
-1.2634166
0.92295766
-0.67446082
-0.89964889
-0.65330709
-0.81865216
-0.28410018
-1.6159142
0.66867724
-0.17709753
0.33180557
-0.65303075
0.28582512
-0.9953305
0.7823313
1.8651192
-0.36146673
-1.0423923
-1.0705625
-1.1012987
0.36686805
0.32791503
0.7466031
0.29163077
0.36594
-1.0949847
-0.7745935
-0.47390545
0.38081784
-1.4008449
-1.1921583
-1.2144891
-0.91444307
-0.73807638
-0.51850537
-0.79540956
0.36295912
-0.2374077
-0.50209926
-0.060006523
0.20757309
0.37701394
0.12996905
-0.19632473
1.2543235
-1.3366859
-0.19241077
-0.72946038
1.6507498
0.24185087
-1.2289922
-0.83109874
-0.82971178
-0.18746799
-1.3662997
0.015843895
-0.66411672
0.69100332
-1.4779659
-1.1964037
1.2642683
-0.49160222
0.13921544
0.70891608
-1.5961996
0.0034826718
-0.46978035
0.64206611
-0.053801409
-1.4316388
0.3439319
1.34624
-0.83227178
0.42584104
-0.28880016
-0.6115672
-0.59457592
-0.1589161
1.509178
-0.42128015
0.070913318
1.0810472
0.93885212
-0.39821557
-1.6193945
0.32011909
-0.03741753
-1.2459658
-0.58022069
-0.4069669
3.1476694
-1.7280423
-0.53594571
0.049540683
0.5299582
-0.75256585
0.10795018
1.0463122
-1.694728
0.49280061
0.53755495
-0.24331589
-0.3237398
0.11882711
0.79893716
-0.94440937
-0.66778223
-1.586675
1.313232
0.84796295
2.1972468
-1.0147189
0.0085574377
-0.971471
0.36434859
0.81079948
1.3844807
0.019101308
0.12072456
-0.36704961
-0.60868099
-1.0538197
1.36204
0.78539721
0.88532223
-0.31444473
0.034593848
-1.2204011
0.49799382
-0.50619577
0.51783403
-1.1228673
-1.2970709
-0.48214866
-0.98092351
-1.1350385
-0.25602368
0.1570285
-1.3927557
-0.36314851
1.9607392
-0.48395451
-0.54199899
1.9414868
-1.010635
-0.10784957
-0.24010781
1.8680545
0.18256321
-0.98933593
-1.4341713
-0.18985003
-0.47583808
-0.69706969
-0.52880638
-0.0081786215
-1.0432558
0.88035403
0.021600794
1.8835862
-0.44433997
2.2843842
-0.36376868
-1.2138565
-0.47564421
0.020462804
-0.98858059
-0.1525881
-0.78915203
1.0148132
0.90569564
0.63335609
-0.78760059
0.19383818
-1.1311124
-0.73176983
0.35607549
1.1726075
-0.021248118
1.0220863
-1.1690438
0.35531214
-0.83171562
-1.112936
3.9170056
2.8042043
-1.0045596
1.8468781
0.56812795
0.18733783
-0.45248489
-0.17011515
0.13126672
2.7582146
-0.89400421
1.0184574
-1.3829546
-0.34386636
0.68060667
0.82859034
0.40112227
-0.070216304
-1.408883
-1.048684
0.13414011
2.5758757
-0.47749765
-0.21781985
-0.13183242
-0.22436482
-0.96204416
0.77273471
-1.4318663
-1.2189956
1.228344
0.18101907
1.7407182
0.14398922
-1.4245558
-0.82284226
-0.25715637
0.93606613
1.5013819
0.29926208
0.52296338
0.71864252
-0.32768899
-1.5968028
-0.091719527
0.33604061
0.41669304
-1.2165082
-1.0660233
0.19938843
0.24235494
-0.19932523
-1.5422839
-0.11236391
-0.99120481
-0.0057469851
-0.55437409
-0.55584403
-0.22739726
-1.6379388
-0.18707573
0.37260847
-0.86471677
-0.078547785
-1.4070496
-0.069797831
-0.94711587
0.38136729
-0.41979965
-0.056714942
-0.70978821
-0.95036598
-1.0438289
1.8639592
-1.0560246
1.3025923
1.0584013
1.3853631
-1.3204511
0.96506211
0.6060883
1.7337071
0.52331653
-0.33126679
-0.25103472
0.52573672
-0.15110859
-0.41784668
0.88435428
1.0923468
2.3203455
-1.4821393
0.67933763
-0.76765498
-0.51891217
0.74217593
-1.4942787
-0.86069752
-1.4883349
-0.1476971
1.1980495
-1.0463725
-0.42592255
-0.57080823
-0.92754352
-0.35961232
-1.4897402
-0.92679883
0.35783074
0.61663158
1.805107
-1.1489565
-0.72172905
-0.2828499
-0.20060128
-0.36853082
0.18137242
-0.25444739
-1.1332828
-1.1206031
1.0069569
1.0213991
0.53872431
0.23327072
-0.12287524
1.2071085
0.44757879
0.7012496
-0.71289669
0.5584429
-0.0023728837
1.0093342
-0.24815721
0.9062641
-0.04957791
1.2985987
0.58488514
1.2835918
1.1590767
0.79716277
-0.57712061
-0.91372249
-1.2305771
-1.2276059
-0.67454156
-0.13024038
0.96143902
-0.28732938
-0.075828344
1.0352756
0.20119982
-1.7045773
-0.59505918
0.00064019417
-0.34809439
-0.15303271
0.42460031
-0.34669092
0.68428499
1.4049787
-0.38122753
0.79912122
-1.1596138
1.1595469
0.61789049
-1.8293699
-0.44576906
-0.81871318
0.28744957
-0.68667695
0.71640971
-0.17692797
-0.44714772
-0.075998123
-1.270996
1.4311393
0.22633058
-0.24441322
-0.02323285
0.17276438
-0.021466158
0.57535025
-0.63889314
-1.2906234
-0.33062188
-1.532841
-0.35734548
-0.13249288
-0.75618144
-1.31146
-0.38163371
1.0429937
-1.1282833
-0.76956778
-0.2266228
0.92537798
-0.10440406
-0.71898692
-0.18184086
-0.71818766
-0.76162604
-0.16880842
-0.32719526
0.45397691
1.5000914
-1.3959058
-0.0020954231
1.0729664
-1.453073
-0.50861795
-0.69783083
-1.4022878
1.4048728
-0.7807074
-0.61672529
1.0385894
-0.48362884
-0.027585861
-0.37666499
-1.4738049
-0.20174061
-0.63254259
1.0862627
-0.95687783
-1.1153568
-1.3143414
-0.45129255
-0.59616955
-1.1749819
-1.471223
-1.4546986
-0.96170921
-0.16100378
-1.5955531
-0.90957143
2.4079032
-0.7111383
-1.4711582
-1.5613102
-0.54855873
0.51569338
-1.2131644
-0.22138434
2.7526632
-0.41879951
-0.11007254
-1.8578451
0.47633777
0.91881877
-0.53891928
1.4891873
-0.66407533
-0.56828441
-1.2199403
-0.90466139
-1.1563255
-0.91861898
-0.71082948
0.75354666
-1.398609
-1.0441101
2.3908873
-0.10971362
-1.0713723
-0.79792426
0.34457952
-0.40074003
-0.096264302
0.22024499
0.22521675
-0.066971103
0.27699655
0.44183935
-1.2783246
-1.5036485
0.46594257
1.7111028
-0.69658293
1.3000287
1.058587
-0.2931643
0.86029874
-0.18905226
-0.63928126
1.3549928
1.651611
-0.45486359
0.72197661
0.12642472
0.9335637
2.0262005
-0.023964628
-0.98432284
-0.067082884
-0.67595279
-0.58258768
-0.81622233
-0.8869727
0.39761906
-0.46946585
-0.76163122
-0.88820058
-1.6207217
-0.86509765
0.24399924
-0.99027713
1.8290949
-0.49003727
-1.4238809
-0.21500391
-0.56467513
-0.99130282
0.26565564
-0.76306965
0.54809889
1.5021727
-0.5355063
0.098069323
0.93028159
-0.029275987
1.0006287
1.1779173
0.26370826
-0.3575271
-0.031104151
0.23909455
-0.96030241
0.53503267
-0.37656628
1.6529877
-0.61222822
-1.1377326
-0.42223151
-0.92267685
0.17240869
-0.62527294
0.358948
-0.85247614
1.5904389
-1.3789035
3.2615745
-0.92200405
-0.48403253
-1.4544535
0.1874021
0.096768219
0.32748561
0.041613312
0.50513376
0.76911428
0.23644824
1.241002
-0.88674355
0.14861736
0.20353024
2.8361284
-1.2666582
0.076652741
-0.62660671
-0.15268265
0.15371356
-0.39952189
-0.18285407
-0.75794959
-0.21213224
-0.99484668
-0.40926987
-1.2401145
0.57407019
1.1218559
-1.4246659
-1.1636982
-0.4882731
-1.3968537
-0.54914134
1.3925938
0.99333293
-0.74915114
0.85013035
-0.35794272
-0.78867819
-1.0385719
-0.81598172
-0.496901
0.5758695
-1.2825115
-1.451297
-0.9406991
-0.78166545
-1.0065831
-0.72119965
-0.38991138
1.5797411
-0.88636198
-0.27961386
-0.57971683
-0.98114951
-1.609587
0.45048188
0.21919297
0.033691952
-0.96939242
-0.22135284
-0.17956123
-0.21797141
0.89355227
-1.0776085
-0.95012087
0.80290971
-0.11066414
-0.24684248
-0.27368249
0.494541
-0.65507507
3.1470827
-0.68222799
-0.92589025
2.0824656
1.6826508
-0.11651016
-0.68626371
0.21377286
-0.47175662
1.2561311
0.83532801
-0.66517766
-1.043732
0.61715186
-1.207065
-0.16025313
0.24784741
-0.51398125
-1.2389579
0.25139092
0.37395013
-0.97700201
-0.90397047
-1.6664477
-1.2148887
-0.62080729
-0.38942011
-0.85059274
-0.20317301
4.0275561
0.10972186
0.27412012
-0.9746468
-0.48392471
0.068273428
1.1536184
-0.46019607
0.7237248
-1.0535922
0.079201908
0.5083564
0.63139816
-0.22465218
1.1077164
-0.96801469
-1.6971181
-0.93683608
0.14922641
1.1949271
-1.5601594
-1.0177407
0.51851776
-0.3970009
0.70964553
1.2465065
-0.90799082
-1.2604446
0.87310073
1.2883625
-0.31879748
-0.6799764
1.3583264
0.52281648
-1.4183809
2.900094
-0.9632833
1.3439722
0.34907656
-1.0834108
0.76586902
-0.77702638
0.10357469
-1.2488664
-0.98586303
-0.58504475
-0.46103815
-0.10976044
-0.60208596
-1.0005455
-0.077643567
-0.81815041
-0.18468846
0.16422723
2.4313289
-1.5571927
-0.1029938
-0.78082813
0.84193024
0.29551486
0.16969793
2.722962
0.94823119
-1.1629453
0.34772824
-0.3299336
0.42383848
-1.4960966
0.18752254
-1.2510696
-1.0788562
0.53368052
-0.45851031
-0.65976087
-0.24858429
-1.372543
-0.70504499
-0.91051586
1.0446531
-0.50124208
0.82349426
-0.73395605
-1.1464168
-0.35634226
2.4788525
-1.5723101
-0.51981076
-0.28021392
0.40455886
-0.31466697
-1.1897568
-0.89263525
0.91722875
-1.1137712
-0.41780943
-1.6622049
-0.87699852
-0.10433625
1.1481198
1.1379123
-0.53033921
-1.291196
-0.85436383
1.6607603
0.071124198
-0.34060835
-0.63806711
-0.20617062
-0.87183774
0.18809987
0.8156676
-0.99683691
-0.74875928
-1.6811833
0.9498029
-1.4736933
1.0599953
-1.0837831
-0.2961111
-1.7108608
-0.31825046
-1.3823208
1.414959
-1.1607353
-1.4652139
-0.29216249
1.0640647
-0.0024389492
-0.86289305
0.091104598
-0.40445297
0.5847368
-1.183395
0.7028574
-1.0622319
0.032886607
0.1329774
0.0040981794
1.9027373
-0.79432548
0.25246287
-1.149984
-0.84759415
0.38346604
-0.002949298
-1.5568367
-1.1370518
0.22071173
0.54135801
-0.15083613
-0.094892367
-0.59713849
-0.89349048
-0.19909195
-0.6715501
-0.10521131
1.5371353
-0.49360637
-0.5705714
0.50683421
1.2269655
0.12036343
0.84690965
1.0792808
-0.78149531
0.97674734
1.5858392
1.1210297
-0.60561593
0.5486316
0.20821407
1.5669254
-1.3670072
-0.63630648
-0.19018201
-1.0044475
-0.98967908
-1.0242794
-0.23622974
-0.10738204
1.4504139
0.59567176
0.91921307
-0.47946798
-1.2343161
-0.30650432
0.52603236
-1.2384521
0.50478882
1.0652832
-1.0887192
-0.99465487
-0.40031002
1.4958728
-1.0738399
1.8453837
-0.85039429
-0.82188171
0.20228553
0.9152943
-0.41017549
0.45844003
-0.44278943
-0.26194812
0.27758978
2.7090598
0.025816275
-0.63667135
1.357626
1.0223129
-0.099816282
-0.69735666
-1.2580658
-1.3423083
-0.76596491
-0.13694618
0.40665664
-1.3122997
-0.16275662
0.47923666
-1.036716
1.519026
-0.28428906
-0.10534776
2.1341632
1.0836936
1.9430446
-0.047444492
0.30414637
0.59308326
-0.10241681
-0.45544438
0.49918263
0.61074013
2.4757237
-1.2758711
0.14506091
0.34490722
-0.49635733
1.3575843
0.29227619
0.5618622
-0.55401525
-1.4576863
1.8113692
0.0093122216
0.67293949
-1.2147698
-0.1222824
-0.047199933
1.1590242
-0.25803652
-1.1237595
-1.3419267
-1.1789026
0.13060314
0.35539975
1.3589216
-0.68398927
-1.6148364
0.51743885
-1.1854835
-0.35191453
-1.7584143
-1.2140975
-0.46410072
2.4710018
-1.544403
-0.789962
-0.71774911
-1.6080438
1.4155724
-1.5989647
-1.040516
-0.24185543
-0.57151625
-0.71283584
1.221707
-0.569813
-0.11411051
-1.0074728
2.6998658
0.661878
-0.3427172
-1.4980892
-0.28152178
2.6942801
-0.77288774
-1.1518937
0.62613601
0.45903277
1.145831
-0.057571079
1.3081112
0.75109689
-0.62608174
-0.46044317
-0.33662406
0.63402685
-1.2343034
-1.7061179
0.085593102
0.41888612
0.40530687
-0.11192638
1.9130577
-0.78101656
-1.3877607
-0.76700927
-0.62399796
0.45613248
0.033117197
0.16426799
-1.3829489
-1.0718929
-0.17739467
-1.1155497
0.15054927
0.89069379
-0.22410471
0.104176
0.49632549
-0.23234966
-0.13604796
0.64943811
0.35378347
-0.037092568
-0.060829926
-0.27076545
-0.038667401
-1.3912888
0.39997157
-1.4401435
-0.29252219
-0.91903707
-0.88190878
-1.2680963
0.53029383
-1.0487617
-0.88470744
0.63388805
-0.53931969
-1.7449744
-0.74174686
-0.36061436
-1.497467
-0.49214988
0.42920689
-0.22790993
-0.3585903
0.071899637
-1.292684
1.0445757
1.0738475
0.54011683
-0.64436504
1.2293448
0.4801936
0.28321488
1.7747517
0.43034183
0.4105377
-0.83817533
1.2742788
-0.7865735
-0.46198037
-1.5791027
-0.47155646
0.1395276
0.69831194
1.330944
-1.3922247
0.13009789
0.2803976
-1.3648997
0.0026576909
0.11126688
-0.081332613
1.6239983
-1.0258554
0.40516713
0.23589381
-1.3375035
-0.30249842
0.88049287
-0.81519292
-0.61244308
0.9264826
0.36344933
-1.1178914
0.50747426
0.34381494
0.70146408
2.3482251
-0.32872022
-0.91437329
-1.4999538
-0.80236727
-0.38124555
-0.86051388
-1.023787
-0.92293001
-1.5171947
-0.91186269
-1.2667328
0.044125413
-0.81483357
-1.0369013
1.4589501
-0.9949466
-0.93384015
0.4275929
2.8436161
-1.510048
-0.13376591
-1.099033
-0.20113836
0.4751108
-0.42355283
-0.053140847
-1.1982311
-1.0611704
0.78852811
0.63412719
2.1341701
1.8904643
0.034437068
-0.85158201
-1.4397441
-0.33451752
-1.5451174
0.087947712
0.25310987
-0.012134574
-0.85081
0.96507461
1.165136
1.1342237
-0.31152103
-1.5679262
1.6822638
1.8276958
-1.2221381
-0.73685184
2.4998125
0.31547751
-1.6856089
0.34306307
-0.97113843
1.6885131
-0.13390195
-1.1619908
-0.58138569
0.13304244
-0.66085202
1.5582621
-0.49934353
1.7605419
0.43153119
-0.22281578
1.9149557
1.1570413
-0.63976906
1.4939941
-0.81201195
-0.33233333
-0.90128573
0.63802782
-1.1296851
-1.5462177
-1.1241355
1.1113677
2.1296164
0.68637741
-0.58021099
0.21905117
1.8498695
-0.5853274
-1.0204231
0.10555788
-0.35655718
0.38199894
1.2216825
1.1816519
-0.24058192
0.068315957
-0.87290232
-0.79233638
0.24220929
0.75793992
-1.0799301
0.72211216
-0.078398588
-0.10061038
-0.37079275
0.57286792
-0.20939113
0.52167296
1.6354699
0.085217926
1.4416353
0.4037879
-1.0276444
0.50957185
-1.0490242
0.049736015
0.68944275
-0.3761926
-0.8624684
-1.1062193
0.56523982
0.97555531
-0.97717994
1.1190716
0.54221727
0.23171403
-1.3160911
-1.1175777
-0.59161264
-1.5136422
-0.99389224
0.65900653
1.8122506
-1.2005568
-0.9391527
0.41175243
-0.610966
-0.38700422
1.2356494
0.37269896
-0.49793824
-0.78988744
-0.25769442
0.37452116
0.20140737
0.98525537
-0.64821937
0.74604351
-0.5204376
-0.27221853
-0.34897714
-0.95582599
0.39516451
0.21265641
2.3158473
-0.15934917
-1.2239388
-0.0048713156
0.046076426
-0.18514744
0.028248807
0.40950488
1.0375967
-0.97554734
0.037120855
1.2325791
1.1714773
-0.82496335
-1.0797371
2.0078906
-0.14124653
-0.86796729
-1.8058378
-0.45277118
-0.76385365
1.4823069
1.1401271
0.26194304
-1.5052012
0.85352531
0.14046064
-1.1466751
0.50862139
-0.44169099
0.8624502
0.9870183
1.7781084
0.19918708
0.089691181
-0.44700305
0.50975505
-1.0053027
1.9924863
-0.69089834
0.97521041
0.49623182
0.55519999
0.97854103
1.2084745
0.32893829
-1.3418837
1.1809957
-0.27705533
-0.13163331
0.61649137
0.6071029
1.274436
-1.0075852
-0.23203764
-1.2987261
0.94663891
-0.47723976
-0.75788936
-1.3626584
-0.89246499
-0.25428607
-0.94861124
0.48107091
-1.1161041
-0.78333715
1.0777453
-0.92570077
-1.4650776
-0.80730525
-0.32462232
-0.84898551
2.3108477
-0.12384085
-0.73115206
0.35017712
-0.46761949
-0.69129492
0.044817345
2.1252472
-1.2772791
-1.4351977
-0.62836653
0.17536898
-1.4526357
2.0250513
-0.074694167
-1.0022412
1.0755515
0.49691834
-0.82523231
0.11771102
-0.94414521
-0.79084438
0.51008507
2.3064925
0.29186715
1.1863942
1.3714597
0.36937836
1.2632494
-0.41948557
0.2669551
-0.73997563
-1.0989157
0.023379091
-1.0152935
-0.72946299
-0.87131572
1.4442668
2.4861705
-0.21871016
-1.7282772
1.5545092
1.1040434
-0.44654085
2.0011588
-0.58600143
0.69005066
1.5737807
-0.72445514
-1.0731555
1.5131503
-0.38445921
-0.14323825
1.5655808
-0.81466886
-1.6355523
-0.66830146
-1.3886138
1.3479972
0.39846884
-1.158553
0.86010286
-0.73567395
-0.32704478
-0.35007443
-1.4378936
1.0989684
-0.09421525
1.5615748
-1.1056763
-0.87840353
-1.3228407
-1.2424951
-1.6567879
0.39028096
1.1729426
-0.81405673
-1.4844544
1.8595498
0.044627113
-0.020149873
0.59745737
0.076101639
1.968566
0.97109629
1.9970218
0.19698666
-0.49442127
0.16767084
0.45474942
0.40916401
-1.1814399
0.1888586
-1.0873598
-0.39253767
0.11949876
-0.085567005
-0.2982553
-0.21458746
-0.93298486
-0.043733638
0.72595343
-0.64562722
0.28753315
0.32122932
1.2579035
-1.1102487
0.59148177
0.36197107
-0.78588362
-1.6147246
-0.84217311
-0.13788488
-0.089429695
-0.094453065
-0.62456088
0.94422012
-0.38619593
-0.21690539
-0.59396623
1.2291688
-0.68668655
-0.28280867
-1.5719106
-1.4151014
0.69107861
-0.55072891
1.1287287
-0.6533729
0.62046663
-0.78983583
-0.61511891
-1.4649733
0.93179119
-1.3222061
-0.34381724
1.9927277
1.188364
-0.80200159
-0.5265689
0.95662026
0.49561689
-0.72866452
-0.13715189
-0.99057879
-0.67514082
0.68354963
-0.59828327
-0.11942813
-0.13562717
0.10093348
0.33273262
-0.90704385
0.95217302
1.2184089
0.075080034
2.8990803
0.5641822
-0.2316942
-0.3520807
0.15928344
-0.83659236
0.26007241
-0.2507962
-0.54634134
-0.055352277
-0.066501364
-0.12163634
-1.5059084
0.6362929
-1.3509894
-1.66645
-1.6057092
-1.2635841
-1.6088323
-0.3796106
1.5109727
-0.043103962
-0.42143756
-1.2474734
0.68574808
-0.5252241
-1.129201
-0.55780267
-0.17860854
-0.79124831
-1.5147429
-1.124159
-0.80183994
-1.3923323
-1.3427905
-0.058180845
-1.4400924
-0.59771771
0.86280305
0.39750256
-1.3447269
-0.9434911
-0.72050041
0.59747761
1.4191347
-0.67685484
0.6583861
0.55797381
-0.52042791
-0.36583644
1.2066053
0.85716027
-0.13844144
-0.058224642
-1.1348617
-1.0292161
-0.21741026
-1.0489978
0.66850368
-0.70421216
0.50715824
-1.0245024
0.19215686
1.0599309
-1.0892973
0.018315859
-1.0873562
0.93850805
-1.3835255
-1.5912835
0.48970366
0.1370536
0.46316132
0.76695899
0.45262513
0.92499742
-1.0023964
1.305441
-1.2708008
0.1697782
-0.40470101
-0.85263528
-1.175605
0.35217793
-1.3059867
-0.56387139
0.96913729
0.58475818
-0.24070872
-0.43194893
1.6801571
-0.21753785
-1.3344724
2.5044753
-1.0903356
2.5691069
-0.14497822
0.54577164
-0.23704634
0.27204275
-0.48645141
-1.6820402
0.55211156
-0.92317817
0.73051554
0.62239699
-1.2288474
0.11783706
-0.051460259
0.18286565
1.7116189
1.1308923
-0.85632888
-0.60661529
0.21678112
0.35238139
1.1483837
-1.5498136
-0.36975919
-0.60020229
-1.02408
-0.1271756
-1.5105008
-0.086008321
0.48174346
-0.49943116
-0.50545234
-1.5071403
-0.33736285
0.0076815295
-0.93384049
0.9385835
-1.7266955
-0.81219062
-1.3021519
2.8219964
-0.95741072
-0.27565666
0.55557071
-0.84566672
1.2771647
0.95025598
-0.21971805
-0.69860655
0.10497599
-1.1456325
-0.34381286
-0.1137255
-1.4790997
-0.71240562
0.40725374
1.3235374
1.9388229
-0.27157476
-1.1658522
-0.13864691
1.3720684
1.2781134
-1.5284675
0.7657489
1.0414783
-0.76802257
1.117739
-1.5348108
0.32607284
-0.002266425
-0.46642663
-0.13129859
-0.16130877
0.21345577
-1.5461925
1.2629795
0.17177486
-1.3167212
-0.88331408
0.56192832
-0.67658043
-0.53005624
-1.2213466
0.92177368
0.5731692
-1.251405
-1.4547173
-0.96751525
-1.5852384
-1.2133921
0.0069662444
-1.1380287
-0.77916847
-0.8785102
-0.28065785
-0.65324723
-0.96224681
-0.32798817
0.99731373
1.7523794
0.27783459
0.34322128
-0.22686282
-0.16515917
-0.63267445
0.23857317
-0.30087185
-0.21771704
-0.31412421
-0.67632636
2.0575858
-0.41013945
-1.6676072
-0.73004105
0.62347022
-0.86732239
-0.20612699
0.42768652
-0.85719056
-1.5565136
-0.91910823
-0.5051824
-0.33122881
0.23635431
-0.47760488
2.5688245
-0.88636938
-0.24923461
-0.89759011
-1.2468067
1.1584345
1.0715188
-1.5390404
3.15934
1.6787597
-1.4897671
-0.29215096
-0.085338967
-0.2531959
1.9047386
-1.004164
-0.67392393
-1.0002705
0.85488853
-1.1799842
-1.4520447
1.3606891
0.65904774
-0.45621998
-0.44577238
2.888653
-0.24063793
-0.90914507
-1.0613778
0.054432463
2.7676743
-0.37749035
0.62838518
0.81071838
1.5476001
0.061400927
1.3917273
1.2125748
0.74450476
0.20503023
1.0262239
-0.91787352
0.53485966
-0.46041421
-0.058660765
-0.24683776
-1.3684668
-1.2152778
-0.38762681
-0.85852552
-1.1151969
-0.40808054
-0.61675882
-0.21001331
-0.066524916
0.89159962
-1.1277593
-0.75898281
0.014101561
-0.44035242
-1.6092608
-1.1171684
1.6475034
-0.93205905
-0.50827209
0.21268473
0.48291293
-1.2513692
0.38030766
-0.89870521
1.1924671
0.32074502
-1.4343274
1.126581
0.56546446
-1.4323131
-0.099313841
-1.4535025
1.8215763
-0.76391273
-1.6225416
-1.1389193
-0.2124812
1.3356689
-1.2246266
-0.35760156
0.19030264
1.202543
-1.3086427
-0.40798655
0.028396327
0.033457568
2.1415792
2.5675203
1.2343139
-0.38066935
-0.25163868
0.29631492
-0.071647499
-0.60794703
-0.25002296
-1.2369975
-0.58614994
0.613759
-0.20258775
-1.3791681
0.99791702
-1.2049011
2.4182192
1.062218
0.55586181
-0.91923563
-0.17542343
0.027056773
-0.75241451
0.28439851
1.873106
0.015907549
0.28750837
0.48549621
2.4427082
1.2059971
-0.63737783
0.31641905
0.84364229
-0.13584795
-0.466906
-0.73168284
0.93722859
0.79510434
0.27239254
0.039202299
-1.1448019
-1.246254
0.078910968
0.10542979
0.33313438
-1.1156518
-1.0010703
-1.6020671
-0.76723839
-0.99546394
-0.12720995
-0.22272295
-0.4732615
-0.20927376
0.23655018
-1.2107253
2.2077193
-1.4540902
0.27575568
-0.83459592
-0.43984827
-0.83920899
-1.7187868
-0.44354383
-0.83801632
-1.030058
-1.1286103
-1.2325504
0.70793836
-1.1215555
1.0075049
-0.68763424
0.29389234
0.77623272
0.76151482
-1.6231837
-0.9536894
-1.3567516
-1.1869697
-1.3847922
0.88899231
0.27636465
0.51539588
0.69910417
-0.15150408
2.0718342
-1.1333055
-1.1734153
0.34513395
-0.85393487
-0.22473535
-1.1737979
-0.2604102
-0.70131212
1.1703576
1.1334805
-1.2012477
-1.5971676
-0.90525543
0.46473052
-0.38302487
-1.0631422
-0.30969145
-0.65238103
0.15894908
-0.60567423
-0.36129586
-0.34283351
0.47181822
1.4611144
-0.36117648
0.43085921
1.6238088
-1.3759095
1.613916
-1.1643887
-0.25130927
-1.0719082
0.38139978
0.65067175
1.09122
0.62399501
0.056339536
-0.92705649
0.12067566
-0.24514971
0.56598049
0.14011606
-0.68481367
-0.45110165
-1.1753289
0.42587349
-0.34313384
1.7295706
-0.20544124
-1.0147905
0.68190308
0.30622125
0.82513297
-0.37416659
0.17013469
1.2120504
-1.5780154
-0.36411401
1.459658
-0.81793506
-0.54670449
1.2385601
-1.3133346
0.45770065
-1.2376173
0.15093661
-1.3509822
-1.3316351
-1.4433145
-0.016821184
0.72550094
0.99874439
0.41635959
0.87242392
-1.273712
0.015140445
-0.60436375
-0.01623861
1.1588709
0.71846815
-0.45643602
0.63287037
0.14598891
-0.16076718
-1.6484066
-0.15124507
-0.8522888
-1.1838713
0.32852099
0.10640078
-0.98165039
0.39966994
1.3691989
-0.11581563
2.4917667
-0.98725337
-0.31164003
0.83004489
-0.55704966
-0.32885056
0.12119151
0.13201329
-1.0478459
-0.12360983
-1.5055176
0.20204235
1.102682
-0.91157525
-0.34818387
-0.20496067
-0.76247132
1.4361782
0.96873044
0.68742939
1.5492685
-0.71513652
0.12053965
-0.72871571
0.35156228
0.5167769
-0.48941631
-0.69571644
0.23579429
-1.0521856
0.35385558
-0.36448312
0.56015727
1.5658338
-1.0068674
-0.99791315
-0.92779723
-0.73587147
-0.44332386
-0.92024482
1.2464825
-1.4122962
-0.36150273
0.028540101
0.19661808
-0.65434096
-1.5082673
2.0451388
0.8901992
1.349637
-0.21260305
2.1541241
0.35787422
-1.1746335
-0.28072828
-0.81439469
-0.65830641
-0.66556618
-0.13545221
-1.0454298
0.48247879
-0.72733372
-0.84584861
-1.3235008
-0.40435084
1.6018429
-1.1283248
-0.20130162
-0.22535178
0.19029348
-1.40098
0.29930318
-1.5873949
-0.59773974
-1.5584691
-0.11263998
-0.64714161
-0.85539626
-0.12143208
-0.24610665
-1.6497548
-0.32641674
-0.21592679
0.66854065
-1.1473768
0.36421718
-1.0149318
-0.49243973
1.3976146
-1.3495351
-0.50728148
0.66673773
-0.38271504
0.10394578
0.48125737
-0.19285919
0.36243269
0.78973788
-1.579917
0.70635519
-1.1081245
1.0240947
0.28295942
0.74527517
-0.22716703
-1.0382071
2.4023651
-1.0379871
0.98125192
0.087501537
0.39967319
-1.0949411
-0.3796274
0.50150433
-0.77587852
-0.81067548
-1.5270244
0.66041009
0.69954591
-0.3404329
0.14961726
-0.24907002
-1.1469051
-0.35890366
0.49522892
0.3029895
-0.3871742
-0.21394465
-0.072872926
-0.87073233
-0.95406786
0.030242639
1.7310801
-1.5988567
-0.73760354
-0.31093308
-0.43752083
-1.8545655
0.93738297
-0.83713743
1.4926255
-0.6303989
-0.44754123
-0.49298968
0.66824592
-0.52246862
-0.58634659
1.5973979
0.81238098
0.21642524
-0.84819498
-1.0458013
0.95396197
-1.0122673
-0.26631699
-0.19515822
-1.0912798
-0.061633851
1.5941447
-0.27684844
-0.55122488
0.19659738
-0.70910313
-0.55663358
-1.5208473
-0.96142809
0.64208132
0.60693148
-0.35402755
0.25572406
-1.7032135
1.2665195
-0.19765168
-1.2202843
0.89365506
-0.6097008
1.3219502
-0.39433353
0.71002818
0.30883516
-1.4596631
0.29386884
-0.64103171
0.36005217
0.12711636
-1.4886387
-0.94670997
2.5416437
-0.91285493
1.6586937
0.34693874
-0.4378312
0.5362468
0.54932139
0.31608312
-0.53138944
-0.44010793
0.75272534
0.9174242
0.56476938
0.19612351
1.1706818
-1.0520595
-0.23343402
-0.38551183
-0.21580859
-0.53118238
0.78753274
-0.43065134
0.53785069
-0.90270795
-1.2106439
-0.36618571
0.40365964
-0.22009961
-0.76855734
-1.108589
1.1642846
0.19188004
-1.3181703
-1.6426837
-1.452464
-0.93607704
1.1041571
0.57102291
-0.81150978
-0.56885898
0.031243365
1.0963929
-0.8443539
-1.3794413
-1.0767425
2.0252148
-1.6847499
-0.63314889
1.325901
0.33504237
-0.46570327
0.047617751
-1.2847225
0.33690133
0.76737161
-0.69386069
0.00067261397
-0.50352702
-1.7207447
-0.51386516
1.4200747
2.281819
0.98184923
-0.66421087
-0.74542669
1.2284931
0.36729234
0.21296133
-0.34678423
0.69563818
-0.71743706
0.16636026
-0.72904776
1.5470738
-0.33613489
-0.31244296
-0.93225331
-0.77534164
2.0525731
1.171564
1.4308172
-0.03326104
-0.61061471
-0.59657678
1.0439331
-1.7213766
1.1937209
-0.62466435
-0.71046022
0.95769731
-0.11138522
1.0385222
1.1798321
-0.3833203
-1.0442718
-1.1760357
-1.1695276
-0.40757093
-1.0640652
-0.46817288
-1.2807609
-0.27560789
-0.45178839
0.94311483
-1.1597113
0.25264544
-0.1505378
-0.18691349
0.42516299
-0.29938993
-0.2650652
1.9185649
1.5166686
0.57082075
-0.87490879
0.43814214
2.1964435
0.57331526
0.13018778
0.25469604
-1.4982979
-0.81748167
-1.8268869
-0.49434585
-1.803993
-0.29039887
-0.92859449
0.41918968
-0.69072741
-0.47257672
-0.53452027
0.34631648
-1.3236321
0.46410113
1.7618962
2.1200807
-0.21354501
0.22392888
-1.6366248
1.0014925
0.05869115
0.029548309
1.4352405
0.059898308
0.26039706
-0.61320735
-0.72664184
-0.8385054
-0.33268298
1.898034
-0.82538322
-0.5946377
0.90261008
-0.36605919
1.406222
0.25683269
-0.072572653
1.2499808
-1.3036216
-1.433408
0.96031433
0.8022945
-0.28733921
0.36360396
0.39091411
-0.84280752
2.1755568
-0.37852885
-0.055098503
1.7563164
-0.42032284
-0.80887371
-0.69346985
1.7020727
-0.36002427
-1.5612003
-0.42720987
-0.59866522
0.6431759
-0.94287365
0.4660717
-1.252673
-1.3511994
-0.25777343
0.63236022
0.5900442
0.68127545
2.1254801
-0.50959604
1.9531064
-1.4646927
2.9971324
-0.74247775
-0.76814938
-0.55248507
-1.1761165
0.3053811
1.9991355
-0.21693651
-1.5172365
0.70825773
-0.71617494
-0.61809602
0.65468211
-1.7913641
0.23170851
-0.42220139
-0.42949706
-0.12039435
-0.29806442
0.21432962
0.76790256
-0.58770773
1.2044559
1.1490009
-0.85141484
0.24679379
1.9783138
0.0016073232
0.066784039
-0.30186532
-1.5610518
0.86828944
-0.46646573
2.0979143
1.3085135
-0.78848096
-0.4908455
0.064361698
-0.21224761
-1.6338762
-0.98306208
0.74296196
0.77481034
-1.484027
0.65785937
2.6707827
0.28505152
-0.88833415
-0.50649523
1.12387
-1.1428636
-1.4347752
-0.53981028
2.7893985
-1.0227559
0.56027937
-0.69884273
-0.32261595
0.70783421
0.65610969
-1.0864184
0.92585688
-0.68247345
0.90784091
1.0352413
-0.10288692
-0.76253456
-0.13624319
1.1857172
-1.1141656
1.1774057
0.8050565
-0.16579856
-1.3997309
-1.0241278
-1.0684749
-0.16709114
-1.5220646
-0.88651761
-0.81952577
-0.75313617
-0.69294156
-0.62271472
-0.82865363
-0.036181869
1.1148927
1.115938
0.014401256
-0.082635511
-1.0373501
0.88975805
-1.2945682
-0.54804737
-0.16120521
2.2603349
2.2336858
-0.39209948
-0.16372447
1.9928486
-0.092523717
0.97290153
1.481278
-1.4016302
-0.21691972
-0.60820633
0.62565912
-0.62755354
-1.1684671
1.5015554
1.6807471
-0.11046089
-0.73283488
-0.22393997
-1.3419024
1.757462
-0.16402418
-0.039393733
-1.01597
-0.68290518
-0.13254391
-0.41717268
0.44390811
1.8281557
-1.3847489
2.9444116
-1.4514561
-1.0583369
2.2965435
0.8167769
-0.79618243
-0.39741716
-0.16803635
-0.84644992
0.70906412
0.32504122
-0.45096229
0.77792211
0.31417846
1.1155463
0.20802483
0.84317398
0.12996706
-1.5278463
-0.83424176
-1.2934776
0.38513352
1.2605185
-0.7463786
-0.64927508
-1.1721856
2.26303
0.17547491
-1.4942599
-1.3433608
0.22970601
-0.326051
-0.54771234
2.8942395
-0.17908461
-0.22081066
0.73246324
-1.101156
0.450478
-0.28582768
-1.1783327
0.13544561
-0.91430028
1.6275539
0.54787835
-0.97047051
1.1233928
2.1662478
0.18512582
0.080713821
-0.15823791
-0.42599405
-0.9512555
0.20942307
-0.95845036
-0.13759147
-0.5521356
-0.60449067
-0.75218805
-1.3235951
-0.39624532
-0.346046
-1.2387726
0.49197598
-0.17813687
-0.044313617
0.41936844
0.52229827
-1.4940786
0.50404048
0.21743009
0.47337594
1.3517761
-0.39825433
1.8980315
-1.7989885
0.049443558
-0.34175393
-0.042941166
-0.6938472
0.70705892
-1.1204905
1.5330028
-0.035659437
2.3068271
0.46553336
-1.439702
-0.69126961
1.971019
0.899045
-0.30352424
0.45232641
-1.4527614
0.6175422
-0.47692344
-0.57030702
-0.48665135
0.91393563
-0.22419345
-1.1229532
1.5566968
-1.537897
-0.4370825
2.4763233
0.68834732
3.305079
-0.51401352
0.45863922
0.098594506
0.31527153
0.10128208
-1.4885715
-0.57547248
-1.0356319
0.53256162
-0.89887071
-0.31694257
-0.43264559
0.90957288
-1.5678187
-0.602384
-0.17993731
-0.038892406
-0.10606198
-1.1873519
0.1732106
-1.8114641
0.68955306
-1.7434914
-0.55250077
-0.93348232
-0.1882031
2.2066818
2.6789639
-1.0274767
-0.45330511
0.54066172
-1.3025806
-0.97969275
-0.12254911
-0.73573321
-1.3815968
0.077389043
0.98482652
-1.5822613
-0.90374222
-1.1742178
0.41465107
0.81006036
-0.6088181
-0.30631138
-1.2781783
-1.5990796
-1.6201266
-1.5227588
0.94104682
-0.61498617
2.4704778
0.78010772
-0.11786752
0.67336155
1.4704319
-1.138334
0.80960561
0.69365764
-0.11870353
-1.0216563
-0.77595662
0.24153495
0.0042189546
-0.48458796
2.8005331
0.62089818
1.5271428
-1.3044229
2.8915406
3.0192159
-0.89863001
-0.29074739
-0.99662758
-0.86306
0.59437927
-1.0289003
1.776181
0.64612503
0.46545891
-0.65627123
-0.47895681
0.40375581
0.61132656
-0.83076055
0.45380958
-0.97799506
-1.3560886
-0.79669459
1.1650055
-0.6650472
-0.19648213
0.18133276
-0.20039036
0.31782373
0.43399985
-0.16463536
1.8140196
1.5592524
1.4498197
0.74993669
-0.69581992
-0.16590995
1.1761668
-1.458254
0.63961515
1.2684637
1.1755541
-0.41069406
0.42187193
1.4600886
-0.53497036
0.64833603
-1.2890476
-0.93701209
-1.2160397
0.88966022
1.1999234
0.80822227
0.37608264
-0.54548909
-1.5681027
-0.52029108
1.3373005
-0.064599073
-0.50239304
0.57918376
-1.1502892
0.80123225
0.9562122
2.2103143
1.2977323
-1.7338019
0.3266556
1.0407084
0.70971986
-0.67112854
-0.63324893
0.17069309
-0.27066133
-0.11749553
0.48403811
-0.19742141
0.09927958
2.052959
-0.45115693
1.4111908
-0.21526937
1.2179195
-0.10203091
-1.1325352
0.55407587
-0.18127384
-1.2289483
-1.2395858
-0.21205746
1.1235599
-0.1991977
0.32667016
-0.15574648
1.1018469
0.84471184
0.42880711
-0.68110198
-0.62576361
2.0145281
-0.1645847
0.457549
-0.80002255
-0.98306974
-1.1755054
-0.72751796
1.8226172
-0.37608359
-0.49066096
-1.4680413
1.7604538
1.1789501
-0.11021418
-0.088685256
-1.0999028
-0.50716825
0.50972873
0.029313131
-0.060429525
1.6312247
-1.4806365
2.3958163
0.046827218
1.3984743
-0.33640464
-0.0097159385
-1.3764921
0.7506394
-1.1497652
0.29343983
-0.94371531
1.1738816
1.7337229
-0.51883108
-0.54787992
-0.11241815
0.57209584
-0.92737592
-1.2373254
2.8329507
-1.317516
0.68844939
0.94605276
0.8151681
-0.058893871
0.18952766
0.4978254
0.61034189
-0.57145187
-0.8465901
2.1127798
-1.4998717
-0.80551384
0.78296656
-0.57476999
0.21635215
-0.61701567
-1.243921
-0.77036891
-0.5230461
-0.56012804
1.7068645
-0.87744682
1.6574365
-0.71771909
1.2651936
-0.92174573
-1.251681
-0.55197788
-0.88254293
-0.15283035
-0.53070617
-0.75875299
-0.70680266
-0.83501752
-1.2993622
0.37094506
1.4040393
-0.15804711
-0.44805955
0.095154369
-0.64762803
-0.77242332
0.37346457
0.98454634
1.2825697
1.0287678
-0.21612378
-0.19823229
-0.96574334
0.62702205
-1.2550031
-0.68869988
0.14036553
-0.28698248
1.1494319
0.21563967
-0.22988259
-0.65531348
-0.81525357
-1.184307
0.86801321
-0.96507068
0.99219166
0.096762558
-1.4480063
-0.58051959
0.48357095
2.2347512
-0.40704272
-1.3940292
0.36415602
-0.19575029
-0.21794478
0.41033876
0.45978269
-1.2635074
-0.41203038
-0.30050276
0.2078746
-1.4961738
-0.85556439
0.96986409
1.2303788
-1.7306023
-0.70715268
-1.4997899
-0.58112069
-1.6746893
0.77664945
0.60008349
-0.91611385
1.7220452
-1.3539503
-0.25343029
-0.83226994
0.66912221
1.1425452
1.7633106
-0.28091014
-1.0952231
-1.0366255
1.5453385
0.41993499
-0.50870147
-0.88275304
-0.45090924
-1.4182137
0.60423218
-0.032537973
-0.39395276
0.36056501
0.63590852
-0.17915204
-0.0037036685
0.017953093
0.1494539
-0.42996152
0.89007155
1.5551025
-1.5018173
-0.76608881
-0.028289771
-0.63262489
-0.66647006
-0.80671914
-0.83492959
0.61642103
0.62296493
0.024426997
0.19186667
1.3480572
-1.3594413
-0.68133406
0.73190677
-0.41369959
0.071014553
-0.71511947
1.4396166
0.87391428
-1.4355139
0.25078884
0.72767447
0.1917199
0.46940765
0.42090988
0.36404064
-0.2322323
-0.21530543
-0.13883571
-1.2002111
-0.86194785
-0.27097055
1.3600954
-0.98337192
-0.66077669
0.27959723
-1.6284754
0.16077921
0.43070329
1.7708931
-0.16968675
0.21847801
0.61854009
-0.77173758
-0.39169303
0.76588872
-0.47472354
-0.057988855
1.3750614
0.023688766
1.2759883
-0.41378723
-0.10070384
-1.2146229
-0.93088785
-0.66326427
-0.72098945
-1.2168427
0.46273122
-1.5418082
-0.2792865
-0.20897834
-0.01116553
-0.27625175
-1.6017915
-0.48580285
-0.90504587
1.0629881
0.62619185
1.4754211
-0.733138
-1.2625084
-0.42142511
0.1791767
1.4678933
2.1821016
2.2472369
0.34668677
-0.43633799
1.3140816
-0.05700284
-1.7214472
1.7459988
0.71551667
-1.0564747
-0.71366921
-1.3475427
0.72707008
-1.1543822
0.32089768
1.0983161
-1.2329662
-1.2384144
-0.58737813
-0.64724479
1.9773236
-0.35874419
-0.33772285
3.5313757
1.029837
-0.008113034
0.172835
-1.6323719
-1.0897721
1.5440472
1.1113382
0.76673358
0.1584082
1.4817825
-1.0321154
0.32118371
-0.36643056
-1.3740045
-1.5660182
-0.46381027
1.0029798
-0.50365915
0.49917109
0.70912717
0.48910282
0.0296624
-1.1808125
0.075543488
-0.68583728
-0.56859598
1.5904825
-0.60581815
-1.357164
-1.4284761
0.58873471
1.0042611
0.63891868
1.449433
-0.70609502
-0.91826804
-0.067445961
-1.5874022
-1.6303055
0.14763307
-0.75395343
-0.32833631
-0.27106736
2.33326
0.60586801
-1.7045927
-0.47082313
0.40692656
-0.55710022
-1.0319831
0.2599566
0.18257565
-1.2241483
1.3497374
2.2434506
1.3947469
0.87734959
-1.3529465
-1.1139131
-1.1464134
-0.47800954
1.7684424
-0.95395093
-0.37355146
2.3748057
-0.69594063
0.31891536
-0.98812602
-0.88355522
-1.0162405
1.2546846
0.72446573
0.24570212
0.3361385
2.5011879
-1.6968928
-0.26993342
-1.3375444
-0.73358908
0.50259457
1.3601333
2.7643156
-1.2845284
-0.86794583
0.9455745
-1.0363758
0.16270951
1.2683763
0.72807577
-0.44870872
-0.87475831
-1.2822964
0.91838196
-1.0212316
-0.34162921
0.17645337
3.3745972
1.2388375
-0.71558576
0.50825364
-0.17725436
-0.26611395
1.2904661
-1.0546394
-1.1113959
-0.80489875
0.17758583
-0.11953208
0.63359122
-1.1036087
0.693236
-0.035434055
-0.39001979
0.064547442
0.28852234
-0.84563048
-1.7503985
0.79835427
1.7309174
-1.4812392
-0.89636439
-1.01218
-1.05705
0.55171797
-0.38701104
3.8749326
2.0721519
-1.3847844
-1.653719
0.021547241
0.53603206
-0.41313583
-0.065001743
0.10258796
0.15648147
0.42360907
1.0579949
0.76056712
0.226191
0.32179392
-0.95536035
-0.92307659
-1.3308273
1.0245962
0.79525276
-0.61434541
-0.5724963
0.53429486
-0.51108334
-0.16214755
-0.39112502
2.1347891
0.55178849
-0.13241922
-1.1479367
-1.3451998
0.35698695
-1.0957059
-0.34402812
-0.085419464
0.2696552
0.18137138
0.055854448
0.24385941
-0.039471697
0.46304682
0.25882145
-0.28357168
2.367959
-0.37171696
-0.76368844
0.23508148
0.5662821
-1.3100625
-1.5224884
0.074998501
-1.2584162
0.013850526
0.91947806
-0.25450732
-0.74501381
-0.48324386
-0.63414219
0.61117887
-0.5082756
0.48284686
-0.36142545
-0.42177797
-0.34887806
0.11075031
0.87942957
1.5875047
-0.2893773
2.501987
-1.0336673
-0.65504707
-0.37494556
0.59252015
-0.6012517
-0.9218753
0.35740171
-1.016206
0.91288678
-1.186674
0.59866905
-0.31244151
1.0807271
2.2104626
-0.45216993
1.2006969
0.24532752
0.42146539
-0.67278404
0.95669646
-0.42229338
-0.15309508
-1.0196309
-1.2956686
-0.33490332
1.3854388
0.71329689
0.224643
-1.6337229
0.19631422
-0.12176065
-0.37542499
-1.0885162
0.66299285
0.17983859
-0.48890792
0.17007531
-1.7662364
-0.71824633
2.0519161
-0.6307073
-0.82834293
0.070175346
0.23361774
-0.69267855
-0.50137763
1.3218646
0.0027887609
-0.22968407
0.67851537
-0.63953717
0.19850194
-0.6617336
-0.79956106
1.0659372
1.8178747
-0.20719425
-1.2822437
0.27973097
-0.028118346
-0.28474616
-0.073331678
1.9061872
-0.53120214
-1.6044536
-0.31712303
-1.4964707
0.092361839
0.91091934
0.10650761
0.11690956
1.5542769
-0.61572841
-0.31579588
-1.5569154
1.2004487
0.75912423
1.2303984
1.1394525
0.20961142
1.6723999
-1.0985903
-1.2550999
-0.69061836
-1.0304371
0.46108515
-1.3720168
-0.48278828
-0.63234156
1.2449903
-0.19960107
1.941669
0.68400945
0.53916397
-0.4206586
0.2268078
0.10991584
-1.5981699
0.4278622
-0.039786905
1.2348824
-1.0535979
2.392972
0.13484566
-1.467764
0.47234608
2.6630312
0.27561981
0.21047346
0.43939956
0.36822484
-0.0009238125
0.10585117
0.49254321
0.23362858
0.21241617
0.17897323
-1.6278302
0.35878273
-1.2990243
-0.13796746
0.7917919
0.98619394
0.048558746
-0.10300745
0.10219493
0.76981935
-1.3060118
0.11277225
0.14024806
1.1914993
0.53468245
0.50991951
-0.55026214
-0.98651931
-0.83152321
-0.50807644
1.4392859
-0.066658238
0.20051298
0.50725709
2.6438146
-0.20617006
-0.011457656
-1.1585218
0.27147789
-0.80469585
0.2797333
-0.11221532
0.030634635
0.37613614
-1.2695444
-1.0317815
-0.64815249
-0.28587758
0.75636886
-1.1056265
-0.25162701
-0.62856201
-1.8630084
-0.96359573
-1.4705028
-0.98982722
1.2997095
-0.84631724
-0.79650312
-0.92829516
0.83789285
1.1836899
-0.74695251
1.9594631
-0.22175147
-1.5013361
0.15964098
0.97245944
-0.48291548
0.78917992
-1.6234827
0.015984362
3.0861934
-0.81011559
-0.85476622
0.45644756
-0.2536741
-1.7422269
-0.11844377
-0.23680289
-0.37368147
0.67680082
-0.10893655
-0.43200438
-0.84316151
-0.12680183
1.6147636
0.34594338
-1.0577812
0.12907358
0.24120875
-0.27349539
-0.67227651
-1.1951489
-0.1905483
-0.50475749
1.3275663
-1.6943824
0.55856252
-0.7407296
2.1166625
-1.1981091
0.48212511
0.0014685877
2.2033953
-0.45903602
-0.15144443
-0.76693721
0.84768409
-0.33079344
-0.54536034
-0.58750304
1.036818
0.69024184
-1.3437919
-0.45454876
-0.31243952
-0.41839626
-0.491624
0.58299873
-0.44219954
1.4387622
