14.85
7.56
15.56
3.7
0.7
5
7.5
2.15
0
2.36
2.2
3.84
6
11.32
9.4
0.1
4.84
26.3
0
1.21
0.3
11
13.8
3
5.3
2.54
2
9.3
3.3
0.36
0.96
0
10
1.68
4.5
2.18
2.75
14.58
2.3
2.49
4.3
0
8.13
0.06
3.37
7.2
8.22
0
0.6
7.91
0
8.64
0.7
5.88
3.87
0.63
3
0
7.5
10.33
4.1
1.7
3.07
4.5
1.2
15.4
0
2.3
4.29
0
7.24
2.69
42.5
0.96
9.96
4.08
1.83
1.6
0.7
2.08
1
2.18
8.3
12.95
6.14
2.3
14.2
34.56
2.4
4.6
11.62
0.84
1.28
14.2
15.1
0.06
30.24
0
1.36
0.1
0
16.56
8.84
0
2.06
0.3
9.8
10.35
1.8
3.7
3.24
15.36
0.84
10.98
0.1
1.6
8
-0.01
3.9
8.5
2.28
0
2.84
5.07
19.32
9.02
5.9
0
7.8
0.51
3.37
0
2.05
20.63
0.84
0
12.42
5
6.59
0
0
14.47
0.26
9.1
0
6.84
1.46
7.87
18.56
0.2
20.01
3.12
0
2.4
6.4
2.43
1.31
7.3
1.6
2.85
0
14
10.9
5.3
3.01
3.99
0
10.3
4.44
0
11.37
3.1
7.08
1.36
3.4
2.18
3.4
3.4
1.43
2.7
9.46
1.66
19.8
1.6
0
14.78
5.64
0.1
7.36
0
1.8
3.73
0
0
5.13
1.47
0
1.8
3.17
16.68
3.5
1.36
1.57
0
2.8
0
1.4
2.65
14.6
0
2.08
0
14.89
9.1
0
5.4
0
-0.12
2.3
0
6.57
24.24
0.84
0.24
3.77
0
1.2
8.55
6.59
2.28
0
4.46
0
10.5
0.8
28.46
3.36
1.7
21.41
2.78
0
6.3
17.52
0
17.21
10.48
1.24
20.1
0.1
13.79
13.44
1.9
1.5
0
6.16
9.7
3.12
0.65
2.4
0.6
6.8
1.22
0.4
15.18
5.1
0
1.85
12.8
4.8
11.04
1.56
20.52
6.59
2.78
0
0
0
-0.58
0.2
5.76
7.96
5
0.79
1.8
0
22.9
25.68
8.3
6.36
7.9
0.03
0
0
19.02
0
0
0
3.5
13.49
5.64
2.64
0
6.48
0
8.88
8.34
0
16.08
1.3
5.51
1.56
0.2
1.9
5.76
1.56
0
3.49
10.68
0.6
0
8.81
3
12.6
0
0.4
1.07
0
6.9
0
0
2.21
4.4
16.68
8.63
3.6
1.2
1.91
0
7.2
3.82
6.65
0.8
1.48
0
4.46
5.2
3.69
4.8
34.1
4.4
16.5
2.19
0
9.72
3.75
0.55
0.2
0
4.68
2.8
6.15
1.8
16.91
30.6
9
5.76
11.16
5.8
7.5
19.36
4.03
0.1
8
1
5.04
0
6.8
7.2
2.82
0
0
0.7
0
0
4.8
1
0
0.66
5.4
3
5.4
1.6
5.4
7.9
0.1
5.32
3.51
5
0
15.95
7.6
1.3
4.08
0
7.74
13.26
4.5
7.67
4.8
0
1.5
16.2
5.8
0
12
0
0.48
3.82
2
10.45
0
1.14
0.5
20
1.5
0
6.72
13.76
1.92
1.89
9.7
1.65
20.76
-0.24
0
1.8
0
3.2
17
0
0
-0.48
39.53
1.84
0.58
0.3
0
4.57
0
10.3
11.81
1.8
2.17
0
16.33
0
5
1.2
12.75
3.36
5.4
0
19.32
5.05
10.4
0
9.22
0.8
2.72
4.8
0
0
0
6.84
0
5.8
3.28
6.71
0.8
7.5
1.43
15.17
7.26
3.95
5.01
0.9
0.72
3.6
8.28
4.6
0
19.08
3.4
5.32
0
0.24
0
1.8
0.79
5.16
0
1
7.34
0.3
1.5
0
2.88
4.2
6.76
0
11.65
1.59
2.8
3.36
10.3
19.4
4.8
20.27
0
4.7
17.04
0
15.64
1.3
6.6
1.2
0.1
12.7
0
2.34
3.3
1.1
20.52
11.75
9.12
11.65
3.3
3.96
3.96
0.66
1.4
6.76
0.51
4
0.5
12.5
16.89
1.1
0.3
0
0
5.4
18.44
0.06
2.28
2.4
23
5.28
1.2
5.28
6.8
0
0
2.31
1.08
10.44
6.52
3.26
4.46
0
1.87
4.7
2.54
6
1.3
11.5
0
1.7
9.84
6.8
1.32
7.2
13.92
8.2
0
2.76
13.31
6.6
2.4
11.2
2.74
1
0.06
9.2
8.6
8.2
4.9
0.72
13.2
6.28
1.2
9.5
0.6
2.8
6.8
0
0.24
5.2
11.3
3
5.52
9.53
8.65
8.3
15.29
2.3
3.48
19.75
5.1
9.12
1.65
0
0
1.33
5.49
0
0.5
3.05
6.78
0
6.28
1.5
0
15.1
10.9
14.3
2.87
0
23.5
17.92
5.88
26.18
14.88
6.72
4.46
10.22
2.4
7.2
3.7
0
0.1
0.87
4.46
4
5.88
0
-0.06
3.23
2.7
1.9
15.63
1.44
20.4
1.84
6.3
6.28
0.36
5.4
5.3
3.9
9
0
13.1
3
0
3.41
9.2
0.5
0
13.49
0
5.2
0
2.75
0
0
1.9
0
0
15.8
6.2
-0.3
0
0
7.08
6.1
0
2.01
1.7
7.23
4.22
0
14.83
0
0
6.18
2.58
10.9
3.5
0.02
3.12
33.9
3.2
6.4
1.62
0.06
13
1.4
25.1
4.36
0.6
9.3
0
0
0
1.14
7.6
0
2.4
-0.22
10.8
8.3
1.8
3.1
0
0
0.24
0.5
1
7.08
1.8
0.9
10.2
0.3
4.64
6.36
1.2
8.7
13.4
15
0
0.9
1.4
1.4
35.2
12.01
5
0
13.68
1.8
0
0
1.6
4.59
1.32
26.76
2.7
0.2
6.33
0
2.18
7.2
0
0
0
3.36
0.82
6.84
9.67
0
0.73
1.2
2.64
0.81
9.4
24.3
22.6
6.07
6.72
0
4
0
4.9
0.17
4.99
4.2
13.09
0
2.86
1.3
0
0
1.69
4.4
6.95
10.24
6.05
8.9
3.37
0.06
1.67
6.25
0.6
1.9
1.21
0.48
9.9
7.2
5.2
0.3
13.26
2.76
10.3
5.96
5.63
15.12
9.4
1.1
0
27.96
2.79
0
2.2
10.32
0.36
5.49
0.96
0
3.83
0.03
3
9.5
0
0
2.03
8.6
0
15.71
8.82
1.3
2.3
6.6
11.2
12.13
5.64
3.14
3.73
0
2.3
8.88
7.64
9.01
10
7.7
1.29
5.79
7.85
0.06
0
12.2
0
2.27
17.61
2.3
14.87
-0.16
-0.58
9.6
7.96
13.83
5.76
13.69
17.73
-0.15
7.07
0.2
2.47
4.9
14.75
0.6
0.2
2.4
0.36
0.46
0
0
5.4
18.04
0.1
3
0
9.06
2.16
7.6
9.04
2.55
8.8
6.36
0.2
14.8
44.3
-0.24
0.18
6.47
3.75
5.1
11.53
-0.02
27.6
12.5
13.44
10.42
0.9
6.72
0
3.93
2.28
3.8
0
23.16
0
7.5
4.16
8.8
15.36
4.3
0
22.78
1.8
19.07
5.51
0
0
27.6
4.2
29.04
5.16
0
2.2
14.6
1.1
0.96
1.84
0
8.52
10.59
0
11.4
4
7.5
9.1
0
2.2
2.64
0.4
2.9
14.1
0.9
1.5
16.2
8.66
2
5.4
9.3
20.22
4.6
1.2
7.92
0
17.2
0
0.12
0.42
13
0
9.8
2.51
0
2.9
0
15.04
5.68
5.4
1.67
0.8
9.25
0
29.9
3.7
0
2.01
0.72
0
10.82
1.32
0
9.1
7.19
7.89
0.3
0.52
13.88
24.1
1
7.11
8.9
1.2
8.1
17.65
6.3
17.5
0
19.9
2.2
0.6
0
10.6
-0.48
0
30.84
4.9
0.71
2.1
2
9.13
14.42
3.21
1.8
8.4
0
0
2.28
0.15
0.78
0
1.39
6.4
3.3
6.35
0.26
6.2
20.2
12.93
17.61
0
0.3
14.58
3
15.48
0
1.2
1.6
24.49
1.12
16.46
0
0.45
4.65
5.5
12.59
6.12
1.96
9.4
1.91
1.32
4.32
0.69
8.21
8.5
2.64
2.52
4.8
0
4.8
8.7
33.6
2.4
2.3
2.4
16.41
6.2
1.78
0
17.28
3.3
7.3
0.86
25.5
11.68
0
3.36
10.94
33.96
8.34
7.73
7.29
-0.3
21.6
1.5
0
11.03
27.08
9.26
1.57
3.06
0
6.64
10.28
15.96
1.57
1.2
0
4.85
17.1
14.9
19.1
0.15
1.4
2.88
0
1
1.1
1.4
6.47
0.7
12.27
17.02
5.08
0.1
1.84
11.87
2.5
0
1.38
4.2
15.3
4.57
10.1
0.5
4.32
0.12
0
6.8
0.78
7.93
1.2
1.52
5.39
9.15
11.9
3.41
0
4.53
0.4
1.8
3.37
2.3
4.56
17.99
3.36
6.84
13
6.5
13.5
0
3.54
3.8
19.81
0.94
9
4.44
0
7.6
4.1
4.3
17.41
2.75
0.5
2.87
0.6
1.2
0
2.66
2.86
5.69
4.6
13.67
0
2.64
2.03
23.04
11.99
2.21
14.28
0
0
5.99
0.63
0
1.4
13.2
-5.54
0.1
6.12
3
7.2
2.6
11.19
7.29
3.23
6.69
20.5
9.3
3
0
8.88
15.28
0
1.68
11.06
3
9.3
0
1.51
0.6
10.92
14.8
2.1
14.16
24.8
0
2.76
5.79
2.88
8.09
3.9
14.45
0
5.64
0
-0.36
5.04
3.15
1.91
2.59
0.7
2.43
0
2.6
12.42
1.19
1.18
24.5
-0.58
9.2
12.48
2.7
0.3
0
0.44
0.8
9.24
0
15.16
0
-0.02
2.88
6.12
0
3.25
0
35
0.7
0
0
13.1
0.5
1.6
2.3
7.62
1.2
0
0.48
2.29
6.12
4.92
0.57
7.8
6.37
5.7
0
0.59
11.03
1.9
1.48
41.23
9.08
0
5.64
1.5
1.2
13.44
10.3
1.4
9.01
5.8
14.07
0
0.4
18.96
0
8.8
5.88
0.3
12.36
0.6
27.24
2.16
5.3
12
0
5
0.74
0.3
1.6
5.6
2.66
0
8.8
4.68
5.2
1.68
6.17
3.85
6.65
0
1.2
8.41
2.31
2.76
0.4
10.44
4.7
2.25
0.96
0
1.6
6.1
2.5
0
2.76
2.13
10.13
2.06
6.17
11.9
4.2
5.49
7.08
13
10.98
1.79
0.6
6.48
27.9
1.45
6
1.44
1.25
0.3
0
0
4.98
15.96
3.3
8.48
6
0
4.88
1.55
4.3
0
7.32
14.4
0
13.08
12.5
0.76
3.52
0
12.13
0
13.5
2
4.69
1.1
2.64
4.61
2.02
2.24
10.8
1.4
0.9
0
19.23
4.4
1.89
1.07
17.77
10.76
20.28
14.87
4.92
5.86
3.93
0
10.5
4.3
-0.27
0.6
11.64
16.62
1
8.2
2.2
0.4
9.16
2.5
9.4
0.38
7.17
6.5
0.6
17.2
1.1
1.6
0
2.16
13.34
0
4.46
12.27
10.2
11.4
30.1
0.6
0.16
0.45
35.89
3
1.77
0
7
3.96
7.6
4.53
0
0
24.4
1.33
1.2
21.9
0.8
0.03
3.1
8.6
0
1.83
10.24
4.78
1.4
2.15
0.82
7.59
1.62
0
2.17
6.48
2.77
0
2.1
0
1.3
13.26
7.1
7.29
2
7.5
5.49
1.05
5.25
3.7
15.96
15.42
0.72
1
4.7
1.5
3.94
1.3
2.88
9.04
8.99
3.88
0.37
17.49
2.64
2.1
40.33
0
9.28
0
4.53
12.3
2.33
0
9.12
8.99
8.89
8.7
3.96
5.2
12.4
8.2
3.47
1.5
7.2
0
15.42
4.6
0
2.04
0.3
2.64
4.91
1
22.8
1.14
11.32
3.96
1.56
0
0
0
0
2.13
0
17
5.6
0.1
0
1.8
1.8
1.24
12.1
3.1
0
4.9
8.25
3.24
5.4
9.93
0.5
1.2
6.2
0
22.55
1.32
1.61
9.04
7.6
10.9
0
5.5
3.46
1.5
14.1
1.66
7.06
0
1.8
1.8
0
0
1.08
3.93
0
3.37
2.75
5.44
7.5
0
2.3
11.4
6.48
14
31.2
12.28
5
1.7
1.07
10.72
0
1.8
2.15
1.42
24.78
0
0
2.04
12.12
3.84
0.84
0
1.44
4.97
0
0.72
0
5.4
4.7
19
7.8
6.1
9.9
2.1
18.84
2.4
1.32
0
0
4.56
1.1
3.26
13.8
5.32
1.73
0.7
6.49
15.34
4.3
6.7
0.88
9.34
6.77
1.5
15.6
0.9
1.56
2.88
0.46
26.88
1.8
0.72
0
0
0.66
1.1
9.12
1
0.4
7.86
17.21
0.5
-0.48
0.5
8.25
5.6
0.4
2.5
1.1
3.36
0.2
0
2.16
0.13
0
4.44
1.48
0.3
2
28
23.31
14.82
0.13
5.52
0
0.4
0.2
5.8
0
0
0.16
4.5
11.76
22.95
11.3
1.48
0
0
6.07
6.6
1
2.89
6.85
6.11
10.6
5.4
0
10.3
19.79
1.44
1.7
0
2.4
14.5
9.2
7.72
3.96
12.4
1.12
1.36
1.3
2.15
6.72
6.2
13.02
0.12
4.9
28.44
7.31
0.76
4.66
1.81
3.8
6.5
31.3
0
0
0.96
4.26
0
16.68
0
10.93
12.91
4.7
40.5
12.7
0.66
1.64
3.13
4.3
0.27
19.12
15.96
19.74
0
13.1
5.04
8.79
9.96
0.18
7.32
3.96
1.08
3.7
15.06
1.75
3.12
3.07
7.6
2.08
0.24
20.01
1.06
0
20.25
21.73
3.36
1.2
6.95
4.6
0.5
0
3.31
3.07
6.12
4.46
0
1.3
13.8
2.25
1.56
0.98
13.56
6.7
0
2.2
0
0
0.6
13.44
15.72
0.6
1.5
4.28
4.2
2.4
4.53
0.81
1.2
1.3
16.91
9.15
7.44
0
0
14.6
2.7
1.4
0
7
4.4
2.11
7.27
13.73
6.9
2.9
0.36
0
10.21
-0.12
-0.3
39.99
5.3
10
4.5
1.92
0
9
4.33
5.6
5.28
1.8
1.6
8.72
0
1.56
11.4
0
3.1
5.28
4.5
1.41
18.07
24.49
10.4
0
2.65
7.6
5.1
1.6
0
1.9
18.57
5.4
1
3.1
1.91
2.9
15.29
17.9
18.37
0
12.3
0.35
0
1.56
0.1
0
0.98
27.7
14.29
0
17.5
5.2
1.83
0
5.95
4.5
4.01
1.32
-0.04
0
3.92
1.7
6.84
2.3
2.6
4.96
1.9
2.01
4.56
7.24
0
8.76
4.98
3.49
20.5
16
0.39
2
12.8
1.7
2.4
6.28
2.1
14.91
16.3
0
10.92
12.2
0.7
1.8
4.36
0
12.67
14.03
0
0
6.72
18.7
4.36
0.9
1
25.08
10.75
7.36
28.8
4.1
1.44
0.7
0
26.82
6.24
5.15
0.1
4.2
13.2
0
0
6.45
1.57
0
11.25
7.2
0.3
11.6
7.6
9.5
3.1
20
2
1.4
29.5
21.25
0
0
0.39
2.55
1.6
8.3
14.1
0
1.5
5.6
11.3
1.8
1.92
2.45
9.4
9.6
17.49
1.4
0.2
2.4
7
25.94
2.3
14.6
0
0.36
0.6
0.25
0.5
0.1
0
1.5
15.26
11.39
0
1.1
0
0.4
1.4
15.12
7.5
0
5.35
0.9
3.04
0
0.2
12.75
0.72
0.5
3
1.4
4.44
3.1
2.68
16.79
18.73
1.2
-0.12
0.97
10.68
3.26
1
19.2
1.8
13.08
0
1.3
1.44
9.88
10.9
0
1.92
1.91
0.9
1.41
11.19
23.3
2.25
12.42
0.48
1.3
4.5
1.29
1.3
2.1
1.3
1.4
2.52
28.92
5.2
0
5.48
0.76
0
0
0
4.1
4.7
0
1.22
0.9
0
-0.01
8.77
1.6
0
5
0.2
12.38
1
11.33
7.74
7
0
7.3
0
0.6
8.5
0
2.28
0
2.55
0.44
0.72
0
3.2
1.36
9.59
0.28
0
3.8
7.6
3.5
9.5
12.84
-0.08
0
14.22
8.5
19.32
0.2
1.15
14.5
3
2.85
5
24.9
1.66
0
2.56
12.45
0
10.42
11.68
3.23
10.08
2.8
0.9
3.8
0
15.3
10.9
8.11
0.2
23.38
9.48
4.4
30.24
0
7.38
0
7.9
4.18
1.44
0
10.4
-0.2
2.34
5.6
9.49
15.78
0
0.12
6.88
9.36
0.24
0.4
1.2
1.71
1.85
0.5
26.88
0
1.5
25.8
2.32
0
15
2.28
5.2
0
3.13
4.51
3.42
0.6
0
7.67
3.96
9.2
0
1.54
3.9
0
19.24
30
0
1.9
6.1
0
4
11.09
2
2.93
9.48
1.25
2.25
1.2
0
22.1
26.4
0.7
2.65
0
6.69
1.75
18.6
29.51
12.92
0
1.29
0
0
3.94
10.1
6.24
0
12.63
15.4
0
1.2
1.4
1.26
2.43
0.09
12.54
1.79
4.01
1.4
5.32
1.32
7.1
0
17.1
0.96
0.9
4.4
1.98
29.4
1.85
3.48
-0.5
13.99
8.01
0.12
0
38.5
23.17
1.8
0.36
0
13.19
7.5
0
24.4
7
0.8
10.21
5.88
7.18
2.28
10.2
17.05
0
23.4
2.07
1.5
12.25
4.8
6.9
7.38
17.1
0.8
11.52
3.16
33.33
2.3
6.3
2.18
0.2
5.9
4.6
0
0
1.56
1.6
1.92
1.4
1.46
5.52
0
4.69
1.57
25.7
1.2
0.9
0
7.7
1.14
0.42
1.2
3.2
7.92
19.74
3.74
8.1
2.73
12
1.7
13.95
0
4.8
3.49
2.11
4.46
1.5
5.9
1.5
2.16
0
0
0
3.6
0.8
3.08
6.8
4.51
4.77
16.12
12.24
21.13
0.8
0
9.71
2.15
2
0
0
0
0
7.07
9.96
2.24
2.16
6.3
32.74
12.52
1.8
0.1
0
1.67
1.6
0.1
18.77
0
4.88
0
6.89
-0.1
0
1.27
11.34
2.76
4.2
7.84
21.13
0
0
6
17.5
0.1
8.76
0.2
9.36
11.29
6.4
1.44
0.3
4.78
0
3.85
2.8
2.36
0.79
2.76
0
0.87
0
1.7
25.56
0.6
2.98
6.87
4.84
0
0.79
0.6
5.35
6.36
11.5
6.9
4.4
5
0
1.3
1.07
1.8
13.14
22.68
10.17
0.1
5
5.91
7.6
7.98
17.16
14.14
0
12.6
2.85
0
0
1.88
15.83
0
0.6
10.41
0
2.9
23.41
34.92
0
0.72
22.8
4.7
1.23
0.8
15.24
10.5
2.9
5.7
1.68
1.71
3.68
0
15.91
0
2.26
0
1.1
4.6
1.6
1.1
30.6
0
5.69
0.45
0.3
1.3
9.1
1.3
2.03
0.48
5.28
0
0
13.9
4.89
16.2
0.2
23.05
2.1
7.7
0
4.44
9.59
2.52
40.66
2.27
34.45
6.04
0
2.4
5.4
13.7
4.6
0
12
0.76
17.66
8.29
10.05
0
0
17.33
7.55
1.4
15.3
4.68
1.84
0
7.9
7.5
5.4
0
6.49
0
0
6.78
0
23.16
1.38
3.57
1.44
1.8
0.45
3.36
0
2.73
0.55
17.6
10.12
2.8
6.47
0.5
2
6.36
6.68
3.9
17.38
0
21.71
1.3
15.24
2.86
0.6
23.6
0
6.72
1.46
2.7
2.4
6.96
20.8
0
4.54
9.2
29.05
3.36
0.6
14.94
0.35
1.2
0.12
4.46
10.9
27.7
0
2.72
26.4
5.28
0
0
0.24
2.3
1.22
4.32
26.65
1.3
0
-1.14
14.5
10.1
0.24
0.58
0.7
1.43
25
2.8
12.17
9.11
24.3
6.95
0.1
4.74
7.5
14.5
15
0
16.62
5.58
1.6
2.3
9.57
7.67
8.4
5.2
2.89
16.4
2.4
3.8
0
-0.03
5.7
0.2
0.48
0.9
3
4.1
0
0.8
6
1.32
7
3.72
9.84
4
0.84
0
6.9
1.34
7.72
0
0
0
0
0
1.33
0.24
2.34
8.9
0.4
3.58
1.3
13.2
18.4
0.6
14.39
1.79
0
13
3
12.6
0
1.44
16.9
0
1.4
17.2
1.54
0
2.3
13.21
3.3
0.1
13.82
3.4
18.57
4.3
1.59
13.2
8.87
1.92
0.96
2.28
1.68
5.28
2.2
1.5
0
5.4
7.39
7.8
10.1
0
5.52
0
0
2.68
1.14
4.2
2.19
25.06
4.2
0
1.22
1.8
1.08
1.85
0.26
0.1
1.5
13.2
1.8
6.84
0
1.68
7.7
6.24
1.8
0
2.2
-0.01
13.1
0.1
5.04
1.7
1.3
41.16
2.2
0
3.45
24.96
4.7
0
10.72
-7.24
5.38
4.8
1.68
6.96
1.13
0.7
16.36
6.9
9.3
4.5
2.76
4.44
5.57
2
7.52
2.99
2.28
1.91
0
7.3
2.4
7.1
12.69
2.2
1.36
2
0.6
10.32
1.26
1.51
0.97
3.48
3.9
0.7
0
0.42
7.2
0
4.53
1.07
0.96
0
11.4
0
6.24
13.3
2.56
0.42
21.86
2.76
11.01
6
11.65
1.44
0
3
36.61
2.77
21
8.15
8.34
4.1
7.44
30.32
3.95
30.86
0
1.1
9.4
2.9
0
15.8
4.44
9.12
0
20.1
4
0
12.85
0
6.9
1.19
1.3
0.72
5.45
3.45
1.35
0
12.95
0
3.3
0
0.4
0
0.1
3.36
12.24
8.87
0.8
4.45
4.25
0.6
1.8
6.24
7.8
8.7
10.5
14.66
14.7
0
0
6.36
0.35
19.76
2
0.72
0
13.2
1.3
6
3
22.2
3.8
10.79
0
26.5
0
9.76
3.92
4.58
5.96
0.11
3.57
0
0
1.7
4.3
26.9
0.1
4.57
2.52
11.6
26
5.64
4.1
2.28
7
0
3.72
-0.11
3
0
25.68
2.15
8.89
12
1.32
0.68
0
7.6
0.6
12.49
0
0.9
0.9
9.79
5
2.1
1.2
4.36
5.1
11.5
0.42
6.36
3.35
0.81
10.13
3.1
3.4
1.57
3.97
0.2
9.84
4
8.1
5.52
0.99
1.46
0.52
1
4.56
6.61
2
2.28
1.32
2.8
3.6
8.66
2.16
8.4
1.66
20.16
0
1.45
1
0
5.4
1.5
3.2
1.84
1.1
8.52
0
7.58
13.68
0.2
15.4
7.6
3.5
2.28
6.5
0.4
26.4
4.85
0
3.98
0
25.24
0
5.5
0
16.55
0.84
10.4
1.4
1.4
32.2
30.94
0.5
22.57
1.12
2.9
1.9
0
3.5
16.5
0
6
18.19
3.14
2.7
0
26.8
3.58
0.8
24.2
1.85
30.61
1
0
17.6
0
0.4
11.76
3.1
0
1.6
3
31.58
26.6
12.35
0
12.97
0
0
3.51
1.29
0
-1.08
1.76
2.6
0
1.6
8.88
12.4
0.6
0
3.58
7.36
10.71
15.61
3.37
0.36
8.84
0.3
1.19
0.76
15.24
1.08
4.47
6.48
3.6
16.79
1
1
0
4.02
9.48
7.6
4.5
2.85
14.32
6
2.52
0.6
4.68
12.88
6
0.04
17.4
1.76
1.8
5.4
-1.43
0
10.3
0
0.48
23.04
21
2.43
3.5
6.76
2.6
8.2
1.31
9
0
0
0.49
0.72
2.8
11.6
3.36
10.39
0
1.8
14.17
0
9
1.2
3.63
1.2
0.84
9.1
0
7.84
26.94
2.96
3.6
2.8
7.7
4
0.2
6.96
0
10.3
2.64
25.08
0
0
7.75
4.49
4.21
8.69
24.2
7.8
6.4
3.38
9.37
0.3
5.56
2.28
2.76
5.56
4.71
5.67
4.2
34.91
1.42
7
3.42
0
19.21
11.7
0.36
2.88
2.8
0
21.23
5.88
2.89
10.6
7.28
29.96
0
0
-0.07
5.96
1.65
11.9
2.09
6.72
5.2
7.08
4.56
3.07
7.8
0
0.3
0.6
29.28
8.2
18.64
0.45
0
0
26.22
6.48
8.3
3.1
3.12
9.24
0
0.84
4.2
6.16
5.9
0.36
0
10.3
24.5
11.05
10.21
0.1
0
7.56
6.47
32.1
3.16
0
0
-0.6
11.6
1.87
8.54
33
16.68
4.84
1.51
7.1
0.46
1.8
1.56
3.12
0
13.2
0.72
2.6
16.07
3.4
0
10.9
19.31
2
2.7
8.71
1.1
12.4
15.24
2.28
5.85
5.28
5.97
2.2
10.93
2.88
9.1
0.4
0
0.1
0
0
10.2
19
-0.17
1.2
3
0.57
1.3
3.24
1.32
2.6
3
0.14
15.6
1.68
1.36
9
6.36
0.16
-0.6
0
2.32
1.8
0.2
3.3
2
0.4
1.24
1.84
5.4
5.4
17.64
22.7
13.56
4.08
3.77
1.44
2.31
0.84
6.88
0
12.76
1.7
12.5
3.1
7.92
0
0
7.5
3.04
2.4
7.51
3.8
6
0
2.9
6.3
0
0.36
11.28
0
9.55
4.9
2.01
17.76
4.44
0
0
11
2
0
0
8.31
7.7
4.2
4.2
8.74
0.6
7.2
10.8
0.74
4.5
2.67
2.04
2.9
5.52
8.88
2.42
2.8
10.58
2.7
0
0.3
1.47
0
9.1
0
3.98
0.1
14.63
8.08
0.71
0.8
18.2
0
0.4
2.4
4.6
-0.98
17.58
10.32
15.32
6
5.75
0.2
5.35
0.31
24.72
13.32
0
4.8
0
14.1
0.34
-0.1
1.5
0
2.2
17
0.59
0.1
14.3
2.1
0.4
5.76
0.3
6.1
0
1.6
0
0
1.7
5.32
14.44
13.92
42.8
5.5
4.3
7.6
0
1.91
5.1
9.1
17.8
1.56
18.5
4.5
20.95
21.2
26.52
0
5.64
2
24.76
7.32
1.3
22.4
0
1.84
39.75
1
4.1
24.25
0
17.88
0
6.92
-0.02
14.7
13.12
12.84
5.1
1.1
2.28
0
1.91
1.6
3.18
0
8.05
2.28
1.3
17.87
9.12
2.5
2.6
15.52
0
5.7
0.1
13.9
5
0
0.88
0.85
9.14
4.68
3.8
1.54
2.77
1.2
7.1
0.8
0
0.7
11.9
9.5
0
3.6
3.52
-1.43
0.94
3.13
4.8
0.48
20.4
4.5
0.3
0
2.93
0.2
0
0
0.71
6.4
6.91
0.24
0
2.42
6.12
8.43
0.1
4.08
0
22.38
9.23
11.83
16.3
7.5
10
0
6.86
12.5
0
1.8
3.12
2.8
3
0
1.3
6.01
0.6
27.97
5.16
1.2
0
2.28
16.4
2.8
8.75
8.97
10.7
1.75
15.42
1.84
1.96
30.72
-0.29
8.01
11.9
1.36
22
1.8
27.84
0.6
0.37
9.9
12.67
17.9
10.1
0.74
0
0
27.3
1.65
20.73
6.9
2.13
0.61
2.6
5.4
7.18
0.6
0.21
29.4
0
4.81
2.6
15.33
6.48
1.6
2.3
1
10.3
0
14.1
5.88
5.25
0
46.75
24.21
0.58
5.4
4.34
3.74
13.2
0
7.4
3.49
2.66
2.16
8
1.59
1.6
2.73
14.28
4.7
3.07
0.9
18.38
1.6
1
2.52
1.17
0
6.9
3.96
1.09
9.6
3.2
0
9.2
26.88
0
0.12
0.5
0
8.9
5.5
1.56
0
5.22
5.02
0
7.8
0.7
3.13
0
6.5
16.22
9.5
13.26
1.5
15.11
-3.42
23.8
19.38
2.8
1.8
1.4
15.25
3.94
14.88
3.02
1.88
0
4.5
4.16
0.49
2
0.1
3
5.24
0
12.62
-0.1
1.2
15.12
9
2.15
15.18
13.9
2.28
10.77
2.8
2.13
1.5
3
21.7
5.86
2.6
29.52
17.81
1.58
5.6
0.04
1.8
6.88
0
3.56
0.2
7.43
0.18
14.8
16.56
26.07
1.7
16.44
16.24
15
8.64
0
10.59
8.4
1.28
1.44
1.58
1.26
0
7.13
3.37
24.64
1.44
5.6
12.18
3.54
7.72
0
2.34
0.36
0.7
0
1.31
1.84
0.3
3.74
6.64
7.06
28.69
0.72
10.08
0.9
1.08
0
10.69
12.36
11.52
8.45
10.4
3.8
3.25
2.7
4.51
5.3
3.4
0
3.1
12.14
0
13.2
0
6.98
9.4
0
1.44
6.97
6.32
1.6
6.71
11.08
2.3
25.32
-0.2
5.4
3.54
5.8
7
0
3.6
0
0
0
12.85
3.5
0.8
9.47
10.4
8.07
7.04
0
0.71
5.1
0
0
5.53
-0.6
0
0.87
3.4
3.54
14.04
6.72
6.6
0
11.46
0.6
1.8
0.95
14.4
15.87
33.44
18.4
3
2.28
0.8
4.44
0
7.48
2.43
13.38
0
3.36
2.22
1.3
3.88
8.4
10.1
12.96
20.66
0.5
1.71
0.49
0.5
9
27.9
0.84
2.06
2.03
1.5
11.4
0
17.68
0.9
13.35
10.38
4.51
6.1
7.9
0.7
8.9
4.9
2.8
12
0.2
6.83
15.9
3.8
16.44
1.6
0.26
21.35
0.6
3.34
4.1
0
2.03
1
0
8.61
0
2.81
15.52
2.9
1.5
0
19.19
8
1.4
5.04
0
7.2
3.26
-0.1
4.28
1.9
17.73
0.79
1.27
5.6
2.11
2.9
0.36
9.36
5.43
17.89
3.6
0
12.47
6.84
3.4
13.07
1.59
6.58
21.12
10.32
2.82
4.44
0
2.7
2.8
0
0
2.7
1.78
0
8.5
2.5
1.68
1.75
1.5
8.64
6.72
1.42
2.8
27
1.07
14.31
0.12
12.42
1.56
4.1
0
9.76
0.48
22.2
9.66
3.1
3.6
6.21
18.43
2.85
10.51
6
0
1.07
11.77
0
6.16
0
26.16
2
3.4
0.12
16.2
4.3
4.65
18.24
0
1.69
0
5.9
2.4
0
6.8
6.84
19.6
0.1
13.95
10.35
2.5
0
7.2
10.9
4.98
3.68
25.5
1.7
8.7
7.31
2.2
-0.43
1.8
0.3
11.27
2.88
36.84
14.1
0
11.03
0
3.2
0
12.85
1.27
10.91
0
7.7
1.56
1.69
18.36
2.04
2.9
8.88
18.3
3.5
8.7
7.17
1.2
6.6
0.36
3.72
3
9.4
8.76
13.2
2.18
0
16.19
0
7.84
2.64
0.38
5.64
13.35
3.9
2.7
8.16
9.84
14.48
17.6
1.8
8.5
2.5
8.9
0
5.6
1.48
12.36
0.9
31.1
3
9.8
0
2
0
0.06
1.5
0
2.3
0.66
8.63
0.09
4
6.61
0
1.07
9.25
1.8
1.9
4.68
3.37
5.3
0.66
0
6.34
1.68
28
1.06
0.7
9.2
0.6
7.81
0
2.4
0
9.12
0
0.3
3.1
5.44
3.87
0.38
1.68
5.12
0.12
13.3
0.12
28
0
0
0.02
0
0
0
0
0.67
11.77
8.3
0
17.17
0.1
2.4
3.1
5.1
0.98
0
10.69
0
1.92
16.76
0.3
0
5.64
6.9
10.5
5.8
8.1
11.89
0.96
26.7
1.35
0
1.3
4.36
-0.5
4.68
1.8
2
1.2
6.96
2.52
2.43
4.1
12.96
4.7
3.72
8.04
0.06
3.8
2.66
20.8
0.06
1.8
0
2.19
5.48
1
0
20.82
0.72
4.2
6.18
6.47
0
7.89
0
0.8
8.5
22.6
2.18
0.2
10.32
9.21
2.8
8.1
5.22
1.95
4.26
2.82
0
7.3
6.72
0.73
0
5.46
7.7
-0.24
25.23
0.5
0.3
0
0
13.24
6.21
0.5
5.05
6.83
8.04
2.28
4.96
6.8
8.6
0.06
4.08
5.37
16.81
2.39
3.12
3.5
17.52
1.1
8
16.75
20.88
0
12.39
5.05
10.32
0
0
6.59
0
1.52
13
3.38
3.84
1.4
14.85
5
19.14
0
0
0.8
4.5
26.18
3.45
0.5
7.17
18.2
0.52
10.02
2.36
2.9
1.81
0.32
0.96
5.9
24.68
0.1
1.16
3.75
2.88
14.1
26.9
2.09
1.4
35.4
1.5
0
4.6
2.2
2.3
2.1
5.7
23.17
5.25
1.31
6.72
0
4.36
10
18.55
5.28
-0.36
14.9
1.28
15.5
1.92
4.08
1.63
5.75
3.8
6.15
26.15
0.1
0.48
0.1
7.44
10.4
29.3
13.2
0.1
13.16
8.9
0.8
0.4
1
4.08
0.12
3.76
0
27.8
17.2
0
2.28
7.05
14.1
3.9
4.83
3.58
0
6.6
0
3.16
1.92
24.8
0
1.06
0
16.56
4.36
2.5
7
0.4
0
5.67
0.28
0.7
13.4
28.81
2.27
6.52
9.9
-0.46
0
1.97
2.08
0
14.41
27.48
0
8.8
0
6.42
0
1.3
-1.04
5.4
4.08
6
14.99
13.15
11.04
5
0
4.11
-0.8
4.6
3.24
3.6
2.28
5.16
18.42
3.1
3
0.12
1.17
5.41
1.94
8.5
0.5
2.06
1.44
2.1
0.48
8.87
1.6
5.9
21.1
0
2.98
7.8
0
1.3
8.2
15.94
3.7
0
1
7.5
16
0.1
4.85
1.84
2.88
0
1.84
1
0.1
7.29
5.4
1.61
10.2
1.5
0
12.26
0
4
8.4
4.97
0
13.39
46.03
1.77
0.72
5.49
2.9
4.2
25.55
3.9
2.3
3.16
26.88
2.37
8.64
7.6
16.17
1.84
0.5
1.1
1.1
4.17
4.8
0.23
0
1.56
0.2
0
1.5
4
10.3
1.92
13.26
0.54
0
0.37
4.7
0
16.16
24
0
8
-0.23
4.3
0
11.1
11.62
3
2.13
1.09
0
4.48
1.8
14.4
-4.49
0.49
5.3
0
8.45
17.44
0.8
-0.58
1.1
18.61
4.2
0.6
7.96
10.44
1.7
31.03
0
4.93
5.2
15.26
3.6
15.32
10.03
1
3
4.9
14.75
6.23
4.4
5.04
16.44
42.26
1.55
13.2
-0.12
1.99
30.65
9
4.08
0
0.84
6.53
17.9
4.68
1.6
9
0
5.46
10.8
0.12
10.86
14.75
0.24
6.4
0.97
1.9
2.25
2.35
0
3.48
6
7.22
13
2.6
4.7
15.55
1.8
1.8
1.44
4.6
3
3.84
9.72
13.39
4.51
4.2
11.4
12.42
29.3
-0.5
18.6
28.03
19.1
0
32.67
11.4
0.1
4.3
1.11
2.8
1.85
4.46
2.68
27.6
1.7
0.4
18.72
0
10.42
8.24
7.8
0
9.59
0.96
0
17.1
10.4
7.68
1.59
23.8
-0.3
42.46
1.3
0.7
0.2
0
10.1
2.64
16.68
5.8
4.7
16.68
4.85
4.45
5.28
1.1
0.87
-0.1
1.9
0
4.08
7.63
0.2
-0.48
3.41
2.15
1.3
0
7.84
6.57
7.29
0
10.2
0.24
0.96
0.72
5.04
2.35
1.2
0
5.1
1.26
8.32
0
3.02
13.9
15
5.46
0.88
4.8
9.6
8.8
0
3.56
11.43
9.65
32.15
0.98
1.32
10.68
0.3
6.75
0.82
8.65
1.32
9.17
28.6
6.6
13.8
3.96
4.6
0.74
0
0.77
0
0.8
7.8
1.7
1.4
1.34
27.48
3.6
15.03
1.7
0
0
20.92
-0.6
3
33.47
0.5
21.83
1.3
-0.3
0
0
7.1
1.44
0
4.53
4.2
0.76
18.35
0.77
3.3
6.12
3.7
5.4
2.27
0.3
0.9
8.16
1.8
1.85
16.92
0.1
3
0.3
3
8.89
6.94
0
0.69
1
0.5
2.04
1.4
1.5
12.01
5
0
4.09
0
4.2
32.61
5.7
11.6
0
1.2
4.7
14.09
17.3
0
10.68
9.8
8.85
7.68
4.7
2.1
16
10.7
12.3
15.37
0
0.48
0
5.19
6
2.4
0.48
2.32
8.28
12.4
4.32
0
1.44
3.98
13.06
10.21
30.08
0
1.07
6.18
5.76
0
1.44
0
0.64
0
3.5
0.6
8
0
6
0.7
3.6
0
0.3
3.7
0
3.12
3.18
10.2
4.87
4.45
0
-0.19
11.03
0.5
0
21.71
5.64
5.96
17.53
0
-0.01
5.2
13.8
0
17.98
3.19
1.8
0
0.8
0
0
7.2
11.78
-0.5
1.32
0.71
0.61
5.3
0
2.54
8
16.25
-0.36
1.31
1.4
1.05
12.02
4
9.58
0.1
17.4
1.63
0.8
0
2.32
0
0.14
0
1.8
0.84
1.8
9.29
2.08
0.5
0.4
9.6
9.29
0
6.48
23.16
2.57
8.94
0
3.1
22.2
5.28
10.68
7.14
1.68
3
1.21
2.7
0.54
7.5
3.96
3.2
24.48
5.6
19.1
0
16.2
17.73
7.01
2.3
0
1.68
4.6
5.6
3.09
8.5
1.3
5.7
10
7.8
22.8
11.39
0
0
17.79
3
29.12
28
1.8
7.66
0.48
3.3
20.03
5.2
25.4
7.5
4.4
0
0.3
3.8
16.74
9.27
5.4
7
9.11
3.1
-0.22
2.32
2.53
11.16
16.6
16.7
0.64
0.24
0
5.1
0.3
0
4.2
23.09
4.1
4.53
7.08
10.49
0
12.7
3.1
0
19.12
21.12
10.2
0
1
2.4
10.56
41.59
0.6
12.8
0.6
3.78
0.77
4
10
8.4
6.95
2.44
13.3
0.4
0
0
1.24
2.8
0
2.8
0.48
0
1.8
21.72
12.66
1.32
15.5
2.82
5.1
23
15.63
3.3
0.7
4.46
3.36
0
14.43
5.32
9.93
1.65
8.95
10.56
3.57
4.6
5.25
4.1
2.4
10.1
0.4
4.46
1.62
0.06
0
0
14.73
5
0
0.9
0
0.22
5.7
4.32
26.64
18.16
11.63
4.59
11.73
4.68
18.98
2.5
7.32
2.54
9.28
8.6
5.6
0
5.7
18.8
8.3
0.3
4.89
12.01
1.67
2.3
1.18
3.19
0
1.62
20.62
2.31
3.8
3.6
6.2
0
0.63
0.36
0
4.1
0.2
2.43
2
35.22
7.26
0.8
1
4.7
7.95
25.06
-0.3
-0.14
0
2.21
9.3
0.1
2.2
17.5
0.6
24.07
2.8
4
3
7.92
11
1.2
12.5
1.5
20.5
1
19.1
0.66
2.36
8.88
2.64
3.12
0
1.8
4.1
0.8
1.08
7.71
7.5
12.64
1.28
8.37
4.9
4.4
3
0.4
7.25
27.36
18
0
3.8
0
21.6
14.9
11.4
2.5
0
10.6
2.2
0
9.68
0.06
9.91
14.84
26.17
5.3
10.1
12.04
3.2
10.6
0
6.7
5
4.54
1.11
7.56
2.73
12.53
15.2
2.79
5.55
7.32
2.81
0
0
0
10.1
14.5
0
5.1
10.6
1.3
4.3
0.5
11.16
10.69
2.3
0.1
0
0
0
0.42
9.79
21.96
8.16
0
1.5
12.28
1.02
0
1.2
15.2
25.02
0
30.19
16.29
1
14.46
3.8
10.1
12.2
13.6
1.79
8.28
3.1
2.04
1.91
2.48
8.7
9.7
0
8.8
0
9.01
7.57
0
0
3.02
1.6
0.7
0.7
5.24
7.13
6.47
9.86
1.4
0.3
0
15.8
1.3
6.24
0
7.14
3.47
0
0
1.91
5.36
4.1
1.65
11.8
6.95
0.3
8.55
3
6.1
3.33
6.84
9.6
0
4.32
21.6
6.62
4.69
0.3
0
0
18.4
7.27
4.56
3.08
1.44
7.8
0.38
11
0
4.81
10.2
1.6
3.33
0.46
1.26
0
10.4
0.48
0
27.6
2.24
1
1.56
0.36
2.42
0.4
15.35
10.2
0.8
4.1
1.08
4.6
10.21
11.7
0.64
1.1
0.8
29.82
4.8
1.75
0
9.39
0
0
3.82
3.95
13.08
7.97
4.7
8.44
21.61
5.88
1.07
1.6
0
26.42
4.8
3
0.67
0.7
1.4
0
3.41
5.9
1.2
1.17
0
1.3
0
9.6
1.56
0
10.71
4.16
3.28
0
13.52
1.8
4.4
4.72
6.8
0.1
0.02
12.85
6.36
10.4
1.79
6.83
19.8
-0.8
6.72
0.66
6.83
2.25
3.7
2.64
7.96
0
1.32
0
1.3
2.3
0.23
0
2.2
14.9
8.88
1.4
4.5
3.95
1.1
13.41
3.9
0.42
8.52
0
1.8
1.77
0.55
10.68
1.28
0.98
6.4
26.2
3.5
3.36
0
3.09
4.64
2.19
5.1
0
7.2
2.52
7.9
-0.3
0
1.2
0.54
0.79
1.84
0.4
17.52
1.7
2.7
8.6
1.08
4
2.77
7.32
1.6
10.93
19.8
11.6
0.18
4.02
-0.2
0.29
10.68
27.6
11.23
0
8.5
4.3
15.46
2.64
1.1
4.1
0
-2
7.79
9.64
0
23.44
30.75
3.8
5.3
1.84
2.72
20.9
8.4
17.61
0
13.8
1.7
11.9
3.4
9
1.8
6.84
5.5
0.48
3.27
10.9
0
13.63
10.6
18.96
10.4
22.32
2.9
6.09
0
1.96
21.9
-0.1
0
0.1
16.18
11.34
0
0.48
0.88
1.5
2.5
1.52
15.04
3.6
4.6
7.94
7.32
0
24.88
9.2
0
34.08
0
-0.44
0.5
0
5.88
16.41
1.5
3.4
25.6
17.1
4.8
3.16
16.85
13.56
5.8
0
4.92
2.64
1.2
3.11
1.7
5.46
7.02
0.4
-0.12
2.32
2.4
5.4
4.32
0.18
1.4
12.48
0
2.28
5.21
0
6.8
8.2
21.2
6.5
-0.24
1.58
5.05
32.2
8.08
13.44
3.63
0.12
0
7.8
8.77
0
7.6
7.6
13.14
2.88
2.3
4.48
0
0
14.73
14.82
1.72
0.1
0
-0.36
15.2
11.7
4.92
2.28
1.4
0.96
18.7
11.5
2.67
2.88
4.1
21.5
0
0
0.06
12.52
13.9
0
0.79
0.8
2.9
0.94
0.4
1.1
9.34
0.5
0
0.83
0.1
20.7
0
0
0.1
11.45
0
4.37
19.68
4.46
23.24
2.4
1.5
4.2
9.8
0
0
13.72
2.39
1.8
0
1
2.74
0
0
0.47
23.76
2.4
0.24
0
4.1
8.7
3.26
0.6
15.63
0.36
0.94
0
0.23
7.93
4.24
-0.2
0
2.9
6.54
0.8
10.52
9.42
0.7
5.1
10.24
17.3
8.56
16.4
2.5
6.8
0.6
3.87
6.56
2.7
3.03
9.96
0
14.7
0.1
5.04
0
1.1
16.5
0
0
0
17.1
10.7
17
0.64
0
0
13.86
2.08
8.63
0
0
6.28
0
-1.2
3
5.3
8.6
0
10.7
12.04
0
19.7
0.78
6.01
15.42
10.93
0
2.5
0.7
1.48
4.59
3.52
5.93
2.4
5.58
1.48
2.58
1.44
0
10.25
6.4
1.67
16.07
10.81
0
8.35
25.68
1.1
10.69
0
0
12.84
7.92
15.94
1.8
2.17
1.2
4.05
2.8
0.02
0
2.01
0
4.21
18.6
0
0.43
1.2
0.6
19.99
9.6
0.72
3
25.4
24.9
0
5.79
0.3
14.95
8.01
1.3
0
1.2
13.27
18.72
5.8
1.7
4.39
13.15
0.42
7.32
5
2.64
1.8
1.27
5.7
40.93
1.77
1.5
4.5
1.8
0.8
6.3
7.2
3
0.25
8.6
0.7
2.15
9.64
19.2
27.24
1.04
4.8
7.6
9.84
2.3
1.08
1.4
0.95
5.4
18.71
0
6.8
0.54
2.13
20.28
0
0.29
5.76
0.49
0
3.52
1.2
1.4
3.6
5.96
2.32
2.15
4.8
2.4
6.3
0.1
5.04
0.84
0.48
0.54
0
4.2
1.7
0
4.83
0
7.97
0
1.6
0
4.05
16.16
4.47
0
1.19
7.3
8.19
4
17.2
12.3
14.1
9.4
6.96
0
3.59
0
17.03
10.93
0
5.1
11.04
0.54
0
3.12
0.7
1.2
2.53
4.4
3.16
3.6
24.78
1.3
21.2
2.15
7.6
12.36
6.36
5.6
26.31
3.12
0
0.3
-0.12
4.5
12.24
7.7
1.87
3
2.5
4.89
2.1
2.3
21.36
-1.2
24.2
16.46
11.53
1.85
0
0.36
-0.1
2.2
3.8
5.6
1.79
0.99
17.4
0
1.42
0.04
2.2
7.04
2.25
4
0
6.9
8.44
14.8
2.9
5.4
3.7
1.68
8.3
1.99
0.63
0
1
1.01
2.28
1.17
7.77
-0.1
5.5
0
3.8
0
0
11.3
0
5
6.58
8.08
-0.24
8.3
1.73
5.28
16.93
-0.58
5.22
1
6.3
-0.19
5
4.13
35.04
0.05
4.3
17.2
8.8
12.2
6.42
4.68
11.6
4.5
29.04
1.32
14.87
-0.24
1.6
2.65
2.56
3.35
5.7
3.72
0
0.12
3.25
3.42
1.3
4.22
11.04
2.9
0
2.04
6.72
1.3
1.5
3.62
0
-8.61
3.1
5.4
7.3
5.68
0
11.88
28
1.8
15.7
0
15.98
2.4
1.6
16.44
13.82
5.64
6.13
2.64
0
2.4
9.78
0
0.1
0
3.96
13.19
2.28
5.04
0
9.77
4.5
29.9
0.36
9.8
23.04
0
0.6
2.63
8.56
6.33
43.65
10.69
2.5
1.92
17
1.69
5.04
6.87
22.8
5.8
9.1
14.6
1.8
5.1
15.26
2.6
2.4
11.25
26.64
0.8
7.68
0.3
21.6
4.2
9.25
6.36
1.02
0.76
4.84
1.92
1.6
2.1
2
0.97
13.63
1.32
0
6.07
2.6
0
0.8
0
0
4.96
0.57
5.5
4.3
1.7
13.75
7.33
2.4
3.1
6.36
7.2
3.96
9.72
0
0
5.06
0.6
4.6
12.42
3.03
0
1.53
4.92
0
11.88
0
1.84
6
3.39
4.2
13.98
7.6
4.6
1.2
-1.12
12.96
0.61
0
3.8
10.3
6.35
4.47
4.43
1.92
1.31
6.7
0
1.9
0
16.1
12.2
10.1
11.65
4.92
0
9.24
0
5.76
1.2
8.1
0
4.7
0
15.2
0.29
0
4.3
12.1
0
0
1.68
0
4.11
0
2.7
1.35
9.6
6
1.7
1.55
0.5
6.9
9.6
0
8.64
0
1.66
3.1
0
0
5
40
3.21
9.5
4.28
5.6
7.6
10.75
7.9
0
-0.08
5.01
0.48
1.6
1.8
1.89
0.77
25.33
3.9
4.15
3.61
5.6
23.76
-0.15
0
0
6.6
7.3
0
3.36
0
1.72
1.92
0
13.94
0.9
8.28
1.2
4
6.12
11.67
2.83
4.44
0
5.88
1.3
18.2
0
1.25
31.79
1.57
0
0
1.48
9.2
0.1
1.23
1.1
0.81
1.49
2.76
0
3
3.1
0.66
9.06
33.8
0.2
4.39
0.8
30.94
0
5.52
0
0.1
15.6
2.6
1.2
1.6
3.1
4.2
13.8
3.55
0
2
0
1
3.6
1.79
0
24.92
5.5
2.6
1.3
0.48
1.6
22.5
12.7
9.24
11.56
0
5.04
0
5.4
3.7
0
7.7
11.04
2.22
7
3.1
4.2
0
0
0.66
1.2
0
0
9.17
7.6
7.2
4.1
0
0
0.6
0
39.5
3.7
1.22
12.6
0
1.79
4.4
21.12
1.3
6.5
1.2
0
0.6
2.04
0.24
3.9
3.1
3.27
0
8.6
0.95
0
9.2
31.4
5.61
-0.1
15.99
0.99
0
0
2.99
1.3
-0.1
8.52
0.84
9.7
9
1.08
2.52
0.3
2.84
4.56
4.7
10.4
14.16
16.35
7.07
8.2
2.3
0
22.7
16.64
0.06
12.12
2.16
6.44
29.76
4.95
5.31
0
4.8
4.08
0
0
7.81
0.42
10.9
2.04
26.04
0.7
2.62
14.03
2.37
1.2
17.88
30.5
1.92
0.45
4.6
7.85
3.3
5.04
7.29
1.85
2.8
2.31
0.84
3.84
-0.44
3.3
9.2
1.44
3
0.8
0
3.1
0
9.6
13.35
0.1
5.52
4.7
2.7
4.3
7.2
8.52
16.19
0.36
2.76
7.2
9.59
1.74
0
2.31
0.57
7
1.96
5.7
3.1
1.2
4
0
10.98
15.6
0
11.76
3.13
12.12
15.44
4.1
4.26
0
8.05
11
16.68
20.16
6
0
8.1
4.9
0
0
48.01
1.8
0.4
5.99
0
-0.6
2.28
9.12
1.19
0
12.96
1.93
0
1.36
12
0.1
9.6
6.33
10.56
4.9
2.82
0.7
2.9
0
7.5
0
-0.58
3.35
3.12
9.9
8.88
31.57
0.72
3.48
17.3
12.17
0
25.98
6
8.17
1.4
5.1
2.44
19.44
0
0.8
8.44
6.35
8.57
0
4.3
4.46
7.42
14.73
3.48
8.49
30.95
6.11
3.6
6.64
0
10.36
34.85
7.66
3.73
1.22
4.2
5.52
0
0
0
0
1.2
22.44
3.8
0.12
3.62
29.88
2.1
16.7
6.8
0.62
0.66
0
0.89
1.7
18.3
0.42
2.88
11.41
5.07
0
9.34
5.11
9.24
0.6
3.96
1.2
0.8
0.03
22.5
12.6
6.15
0.52
12.51
8.52
7.08
5.04
11.6
3.26
11.88
5.05
5.11
8.9
7.92
1.1
4.1
0
5.28
2.2
6.6
4.46
8.4
0
10.48
0.7
7.13
4.44
0
6.78
1.85
7.98
20.9
1.7
0
16.06
0
0
0.96
5.49
3.4
4.8
0.5
3.29
0
6
13.08
0.38
4.1
0.1
4.1
-0.4
2
31.94
2.2
0
1.2
0
28.05
3.73
6.44
6
1.32
12.24
7.56
3.53
3.51
0.72
0.7
0.11
18.96
-0.1
-1.56
32.21
0
15.54
0
0.76
3.89
4.06
4.46
12.24
0
6.84
0
3.4
0.1
1.02
1.2
7.62
2.52
2.2
10.21
4.71
0
3.9
9.6
0.87
0.99
3.62
9.24
0.72
0
0
0
0.6
4.1
0
0.59
0
0
2
8.69
1.45
9.7
0
1.1
0
1.8
3.22
0.6
3.3
8.76
10.74
1.92
6.72
5
0
14
0
1.9
1.2
9.81
6.3
1
0.86
0.36
0
19
2.32
6.35
3.45
4.69
3.6
0
0
6.2
3.88
0.5
0.96
9.52
12.64
4.89
17.2
0.2
1.08
4.46
3.28
9.25
1.02
1.8
8.64
16.3
11.6
0
8.28
24.76
4.5
17.87
6.1
0
9
23.28
4.04
5.04
1.12
6.24
2.88
7.69
8.9
7.2
2.78
0
10.28
5.16
7.49
6.66
0
3.61
0
0
0
12.3
7.72
-0.1
0
6.12
0.8
19.08
2.4
8.34
4.8
2.76
0.42
0
0.84
2.99
0
0.99
2.04
21.47
0.3
1.32
19.19
4.7
2.1
2.4
1.1
6.8
22.8
17.58
3.57
6.2
14.7
-0.1
18.47
1.8
0
6.4
14.7
23.18
20.01
1.6
3.96
4.04
12
0.5
0
9.6
2.76
0
0
7.3
0.74
1.59
3.69
0
8.34
10.21
3.24
0.02
4.4
9.2
1.78
12.84
3.96
8.67
3.16
11.89
0
0
4.74
2.22
2.48
10.58
8.88
0.1
1.56
1.2
16.14
28.5
2.4
0.37
21.09
1.7
0.2
0.37
1
1.4
-0.46
0
4.53
5.38
3.1
5.04
0
7.56
1.2
16.8
0
3.91
0
0.5
3.1
6.24
7.2
21.11
0
4
2.19
2.7
0.42
8.93
0
6.76
0.5
1.87
0
0.2
2.16
5.34
28.91
0
2.32
3.72
11.04
2.77
2.8
6.59
2.86
7.92
0
0
8.86
7.18
9.52
0
22.56
1.68
11.4
0.1
0
2.4
0.14
1.7
8.42
5.92
2.68
1.57
0.57
2.4
18.1
1
0.4
0
25.6
0
2.32
4.8
2.2
18
1.34
6.79
1.5
0.15
6.47
8.58
0
0
3.8
6.43
7.17
0.24
-0.6
8.32
0
2.3
3
3.27
1.9
22.25
22.5
2.1
2.2
14
1.19
3.75
0.82
19.43
1.92
0.6
0.44
0
5.22
1.2
6.61
4.35
1.65
8.8
1.29
16.6
24.5
7.1
3.02
1.2
0.5
11.64
0.7
7.92
5
0
5.06
10.21
0
0
10.02
6.54
1.3
10.4
5.61
4.1
10
1.68
9.12
1.92
14.59
20.5
9.59
1.5
10.83
7.7
20.85
2.4
0
0.6
1.32
11.76
9.3
0
0.3
0
4.5
22.3
1.3
4.52
16.7
8.4
4.1
3.78
7.3
2.28
2.04
4.56
1.24
0
3.12
7.53
1.92
0
9.81
5.1
0
4.54
-0.28
1.2
10.56
9.06
1.44
4.3
0
12.1
6.9
11.77
0.44
26.28
27.23
7.38
0
0.8
8.3
0
1.77
0.38
0
0
4.3
0.48
14.64
0.6
1
-0.24
0
1.2
0.48
5.79
19.9
0
0.42
5.31
2.28
9.51
5.4
1.19
11.9
2.88
1.6
-0.77
0
8.76
10
0
0
2.13
0
2
3
0.2
0
0
7.6
0
10.1
1.28
0.3
0.9
6.24
1.5
3.47
8.28
1.91
3.85
9.2
5.3
0
26.04
1.91
4.33
12.5
8
0
8.41
4.3
4
1.07
4.93
0
3.12
3.5
0
4.2
7.15
12.88
4.5
0
1.71
17.3
6.55
0.2
13.87
1.7
22.69
0
2.82
5.76
1.6
8.65
5.3
9.6
16.7
1.32
1.55
3.84
3.26
3.5
0.48
0.93
3.15
0.1
7.3
0.66
11.19
3.63
7.29
0.32
5.1
1.3
9.8
0
3.86
1.92
4.98
2.28
0.1
10.43
0
5.7
1.47
0
1.05
13.28
2.27
17.4
1.8
2.15
6.16
6.5
16.57
2.1
3
0
5.1
1.84
0.7
0
0
4.65
8.87
0
10.92
5.34
0
0
4.46
3.12
8.4
0
2.1
9.85
0
0
3.45
5
8.45
4
4.32
1.74
1.96
1.3
20.04
3.96
5.8
0
6.48
1.37
6.73
17.61
1.2
15.8
27
1.81
2.52
6.84
0.2
9.74
0
10.19
2.2
3.12
0.3
11.04
5.35
1.3
1.07
16.98
1.06
6.36
1.14
0
0
2.5
1.12
0
3.5
4.1
1.27
1.8
5.2
2.6
14.95
7.6
10.93
4.33
6.12
1.48
0
0
1.32
6
1.9
4.28
0
4.22
11.8
2.88
2.4
0.34
0.6
3.24
0
0
14.87
6.64
1.9
18.2
7.8
5.9
15.1
11.2
23.4
35.44
16.6
7.72
0
3
1.36
5.34
0.5
0
1.8
3.8
9.29
1.6
5.49
6.42
8.2
21
1.3
24.68
18.48
1.45
-0.02
0.84
7.38
2.91
0
6.72
4.6
6.24
6.96
0
8.43
0
1.6
1.69
1.56
0
2.68
12
0.76
0.12
1.09
7.5
1.91
7.9
7.1
5.07
4.27
5.5
1.8
10.79
36.67
2.81
3.6
0
2.89
0.4
5
15.87
12.45
0
3.13
1.2
3.9
10
1.68
5.3
5.87
1.44
9.3
1.72
2.7
1
33.9
22.32
3.19
0.84
25.68
8.87
0
11.8
2
6.93
0
7.36
3
0
4.8
2.22
1.91
1.3
4.6
16.43
9.97
13.37
1.7
1.8
0.9
3.96
11.76
16.54
0
2
1.6
0.43
11.81
0
0
1.65
2.4
6.13
16.01
5.76
3.61
1.4
0.02
11.63
6.72
5.52
0
2.04
37.39
1.48
11.4
0.8
0.12
5.2
11.01
26.5
1.78
3.9
12.86
4.8
0
1.89
0
4.71
2.3
1.3
10.4
1.68
19.36
6.72
-1.92
-0.46
14.4
1.06
4.34
10.3
5.8
8.1
0.6
1
6.12
11.8
11.24
0
0
3.96
6.25
7.92
18.26
0.92
0.8
7.84
16.6
0.06
7.86
19.44
23.2
2.28
37.79
0
5.56
11.9
1.3
4.8
28.4
3.7
2.4
0
6.29
4.92
13.92
1.9
0
13.96
0
0.6
9.11
0.8
0.9
3
0
1
0.2
5.35
10.1
0.2
0.8
0
0
0
0
6.5
0
3.98
15.59
1.88
1.56
3.01
9.2
6.99
0
10.6
12.61
10.9
0
30.72
7.8
7.6
0
4.9
1.8
4.33
3
4.6
1.28
7.4
5.4
9.51
3.1
3.39
0.75
5.04
25.4
5.4
13.32
1.96
7
6.67
13.62
4.2
5.7
0
12.68
22.01
9.84
0
3.92
4.7
2.99
7.37
15.04
0.42
0.3
2.27
0.48
12.86
1.32
10.2
0
17.3
5.1
0
2.13
5.76
25.38
0
9.31
0.3
6.21
0
0
13.6
11.88
5.4
8.3
8.65
16.86
14.2
0.1
0
15.06
0
2.54
13.56
0.9
10.92
3.36
4.04
2.81
5.2
1.6
6.4
4.45
2.25
11.2
13.44
20.42
0
5.9
0
6.5
8.22
0
27.1
0.58
2.64
5.01
0.4
2.76
1.2
10.1
10.14
1.9
0.6
0
1.68
1.06
1.2
0
5.32
0
4.2
1.69
1.51
4
12.1
15.2
10
20.8
1.3
4.4
5.13
5.52
4.2
2.6
2.28
3.8
1.34
0
7.3
0.66
13.2
5.64
1.53
0
0
1.32
4.6
2.4
8.88
10.34
5.37
1.2
1.6
1.73
0
0
7.63
15.74
0
2.28
0.7
0
18.27
1.44
0
12.85
1.57
2.52
14.5
4.56
2.54
0
2.78
30.1
2.39
1.25
1.2
3.18
5.4
2.76
4.2
4.36
1.83
0.6
0
6.24
8.3
1.68
0.2
4.7
17.64
9.27
6.47
4.22
0.42
2.8
10.26
4.69
6.6
0.04
9.13
0.14
1.8
0.4
4
2.6
3.51
2.4
29.52
3.73
3.14
12.96
17.58
6.76
0
21.06
0
13.98
3.7
7.3
3
2
2.04
2.28
23.5
0.94
15.1
8.2
0
2.3
0
9.04
3.3
4.57
3.2
0
1.7
8.99
41.04
3
13.9
6
17.43
11.28
5.58
1.92
6.72
8.43
0
14.02
6.88
7.7
13.9
9.59
1.8
16.4
0
4.1
0
5.4
0
9
0.13
0.8
21.09
0
1.68
0.5
7.43
8.2
1.94
2.28
27.18
1.7
6.29
6.29
2.37
1.4
14.6
4.2
0
6.12
0
0
28.6
1.12
0
0
28.44
11.56
0
4.19
1
17.79
0
1.92
26.04
3.7
0.9
0.72
0
3.37
0
3.58
1.9
1.9
4.62
19.91
2.3
9.72
0
2.82
0
4.83
0.8
0
15.18
11.4
4.08
16.54
0
1.8
0
0
10.91
11
1.54
11.07
6.36
7
1.8
9.24
1
1.18
1.3
0
10.12
12.28
5.2
3.72
8
8.15
4.9
0.84
0.8
5.5
1.8
4.32
6.23
3.36
0
2
0.8
7.8
17.54
5.2
19.17
1.92
3.48
0
4.7
3.1
1.3
0
2.03
1.48
7.2
28.46
0
0
1.39
3.06
2.7
8.4
0
3.3
2.1
3.47
29.19
2.6
21
0.7
1.92
4.08
1.66
10.9
14.94
8.7
4
16.08
0.53
1.8
13.86
3.5
5.54
23.3
0
1.8
4.2
0
25.02
7.44
3.8
0
7
2.28
5.3
3.73
4.2
8.5
6.12
11.64
0.96
-0.96
2.03
9.07
3.75
8.05
0
0
19.44
3
6.64
14.22
8.25
10.07
2.53
4.68
9.5
0.18
6.6
0
36.93
0
4.8
24.51
1.68
7
6.84
4.68
7.2
1.05
1.9
5.28
17.5
2.8
19.8
20.1
1.9
12.02
24.84
7.55
20.1
1.96
1.24
0
7.7
3.81
6.6
3.97
1.29
6.24
10.14
5.48
4.32
2.15
30.02
3
12.2
1.4
0
10.8
10.21
2
0
20.08
0.8
2.88
1
6.6
22.88
0.25
0
1
6.7
4.98
4.92
10.6
6.72
0
0.48
0.11
2.13
0.06
1.8
8.9
5.64
2.23
1.48
0.1
4.7
0
2.4
1.4
6.79
1.2
9.21
0
0
1.81
2.55
2.55
10.1
2.3
2.43
4.61
4.6
0
0
3.88
0.6
0.3
35.76
6.59
7.09
2.28
2.78
1.2
0.9
10.9
28.3
2.76
2.3
8.97
5.22
0.43
0.12
14.44
0
0.22
8
1.6
8.4
23.4
0.24
1.01
40.35
2.27
3.82
16.6
4.6
8.3
3.8
6.96
13.9
3
14.5
0.7
0.64
0.84
5.92
1.65
1.87
0
13.56
0.84
12.35
6.62
8.5
10.5
1.24
16.5
0.3
10.95
0
11.88
3.11
6.33
9.29
4.52
7
20.92
0
0
-0.1
1.8
2
0
1.8
7.1
15.1
7.6
0
0.77
0
12.03
8.64
5.21
0
-0.11
5.04
-0.22
25.34
3.13
6.89
0
4.31
2.04
0.6
0
10.56
1.92
0.62
10.21
3.99
-0.62
6.66
0.43
3.37
10.55
10.2
8.2
0
14.7
29.4
18.35
0
2.4
2.1
4.1
7.1
3.36
4.52
16.51
21.16
2.52
7.3
2.06
3.36
15.66
0.48
1
3.7
1.24
4.1
2.49
2.4
3.07
9.3
1.72
16.44
19.77
16.56
0.5
3
1.6
0
9.2
2.7
4.33
1.53
19.32
3.3
3.6
3.4
-1.2
7.8
3.35
5.18
6.4
0
1.3
5.99
17.88
0.2
0.43
5.15
21.2
0
0.47
6.8
0.42
9.25
1.49
0
4.9
2.1
2.64
0
19.7
21.78
1.5
3.41
9.18
0
4.52
9.21
0.2
26.24
4.7
3.53
1.6
2.2
4.58
12.06
11.4
10.4
0
8.15
2.28
2.89
0
3.37
12.12
6.72
6.6
20.03
6.6
0
4.08
0
1.92
0.9
2.5
0.5
2.7
1.9
0
5.1
18.78
3.4
0
11.3
5.05
1.56
0.46
2.66
2.52
3.23
8.1
1.47
8.9
4.2
15.82
3.36
0.9
16.7
2.16
9.84
4.3
5.25
0
0.4
11.75
7.67
1.2
1.51
4.9
0
8.4
0
1.8
1.78
6.92
7.48
5
4.2
0.12
3.73
14.48
2.32
0
14.55
4.32
11.99
23.52
2.28
17.46
-0.1
10.75
2.9
5.1
-0.1
0.03
1.29
5.13
2.4
3.68
4.44
2.6
0.23
5.92
5.88
8.6
0.8
2.8
30
1.4
0
1.42
30.92
2.15
9.9
0.6
4.48
10.3
8.85
1.92
1.68
0.1
22.08
0
22.8
9.97
1.2
1.78
2.5
2.3
16.96
13.1
7.31
38.76
1.8
-0.96
19.6
3.12
2.2
0.42
1.34
0
0
0
0
19.48
4.6
0
4.3
0.9
10.2
37.11
0
22.57
1.8
-0.1
1.44
7.04
7.96
2.42
5.08
21.86
0
0
4.9
0
0.27
7.68
6.12
1.77
5.48
0
0.42
0
2.8
0.6
5.2
0
19.33
0.72
0.79
7.7
2.42
0
2.15
13.8
0
31.14
5.4
0.6
13.8
0
0.2
4.1
3.72
2.5
0.8
7.33
0.1
0
0
21.12
4.8
1
0
11
4.08
11.38
6.73
4.2
2.93
0.18
26.3
5.9
16.8
1.8
1.79
0
0.12
1.8
0
5.35
8.32
5.16
0
18.24
3.8
9.6
4.44
0
5.64
3.22
0
16.31
5.08
7
20.56
2.4
3.29
1.32
10.3
0
8.2
4.5
0
7.64
4.4
0.96
6.36
1.8
1.2
0
21.16
3
0.2
0
11.9
2.3
0.1
11.5
6.96
3.12
0
11
1.9
28.55
0
7.5
30.88
20.4
8.25
2.53
0
4.2
0.8
0
20.4
16.34
3.37
0.84
0.1
10.26
1.48
0.19
15.3
3.05
17.4
5.5
1.23
1.44
2.28
1.2
8.3
0
12.34
12.87
1.48
4.1
0.12
8.04
2.92
1.3
6.4
10.9
-0.48
0
0.48
21.8
0.55
35.49
0
0.6
7.54
0
1.91
4
2.52
5.28
1.54
5.04
0
0
1
4.1
13.4
0.64
0
8.4
12
1.5
10.02
12.3
1.85
14.1
0.4
1.1
2.05
0
20.42
6.2
0
4.3
3.6
1.36
5.6
6.07
0
3.6
5.31
5.65
9.9
10.56
0
5
0.24
11.05
1.8
7.92
10
11.8
1.6
3.6
0
3.1
12.34
6.84
2.95
3.84
0.7
1.75
11.2
6.52
7.6
0
14.87
0
0
1.49
6.54
2.04
0.3
1.2
0.3
-0.13
1.4
9
17.3
5.43
0
1.2
20.16
15
9.4
0
5.32
0
1.72
-0.57
5.4
0
0.45
9.6
0.1
0
18.3
0
5.26
4.95
2.1
33.39
1.65
0
1.36
0
5.1
3.5
0
4.36
15.65
-0.4
9.25
3.95
3.98
9.2
0
0
10.73
13.14
9.67
3.28
11.76
6
3.1
0
11.4
1.25
5.31
3.28
17.28
1.79
26.82
17.8
0.57
0.1
16.55
0.54
2.08
12.6
9.76
10.6
3.3
3.45
6.96
0
10.3
0.9
0
4.07
1.7
0.96
4.5
1.75
28.7
0
1.8
1.4
0.3
0.5
0.5
1.82
0.96
2.43
1.68
0.55
13.56
11
2.19
11.19
1.4
2.8
15.2
7.15
7.6
16.43
1.79
0.4
0
0.3
4.45
10.1
14.1
1.73
7.5
4.9
4.45
7.28
0
1.92
6.36
29.7
14.4
16.33
7.92
2.92
19.7
7.55
3.1
2.28
5.6
2.5
19.6
23.16
5.01
13.26
7.7
0.6
11.76
1.34
0.9
0
9.36
2.4
12.13
12.73
2.04
21.4
1.66
4.44
4.8
6.42
2.52
4.5
2.1
5.1
5.58
9.3
14.7
1.8
19.5
0
6.83
15.15
32.57
0
6.5
0
23.4
22.8
7.6
14.4
1.12
3.98
9.39
4.5
1.36
0.5
8.35
28
1.96
0
4.08
5
1.8
1.1
3.84
6.91
5.6
1.7
0
0
7.67
0
2.4
1.1
2.51
21.37
0
1.6
11.9
3.1
6.5
2.55
0
0
0
0
1.7
41.74
5.26
1.31
16.32
-0.24
5.17
12.26
0.83
2.79
3.35
0
3.24
5
2.28
0.1
0.83
0
6.84
0
13.43
0.72
1.59
0
0.2
4.39
4.32
1.8
4.7
2.76
9.49
12.8
2.01
0.04
0.02
5.07
21.7
0
2.22
6.24
16.92
2.89
10.6
6.24
0
2.32
0.26
1.8
9.82
0
12.84
1.6
5.1
9
6.8
26
8.5
3.4
6.47
0
4.08
1.25
0
1.1
1.77
18.18
0
1.36
6.24
5.83
0
17.3
0.7
1.49
0
1.21
4.4
25.32
6.8
4.39
8.5
14
5.2
0
0
3.56
7.2
0.71
10.98
16.2
3.6
1.24
0
3
1.89
17.3
11
7.6
0
29.28
5
8.9
2.5
27.79
2.55
5.84
6.15
8.39
18.81
1.21
1.29
9.36
5.44
20.68
2.55
3.02
0
13.26
0
0.24
0.4
0
10.6
6.98
6.63
14.88
2.5
0
4.6
13.33
6.18
2.07
12.22
0
3.8
4.12
1.12
3.48
0
13.31
7.7
11.8
0
2.76
0.2
0.5
3.5
9.3
2.3
0
10.32
5.6
0
1.5
2.88
0.1
2.28
34.92
0
5.6
0
0
2.46
17.6
0.06
9.6
0.24
10.02
0.6
3.97
6.22
0
17.02
1
5.15
0
0
16.45
-0.72
0
33.02
19.12
-0.97
2.2
13.1
6.12
21.6
10.2
2.88
0.83
12.06
1.4
4.27
10.9
7.1
4.36
9.6
0
19.07
9.6
2.7
1.3
2.77
0
29.8
1.3
0.1
0
3.57
5.19
8.8
5.5
13.53
7.8
0.2
7.6
10
23.8
10.75
0.12
2
0.91
-0.44
6.9
1.9
25.23
7.32
-0.48
0
0.1
1.91
9.36
0.5
0
0
26.32
2.7
0.88
5.49
20.04
5.3
16.8
28.94
0.91
5.59
3.1
0.3
0
0
8.3
13
4.8
1.2
17.2
7.45
9.12
0.48
1.44
0
0
0
11.97
0
1.2
2.9
28.39
4.69
1.19
16.92
3.2
14.46
0.8
14.8
2.21
1.3
0
3
8.22
0.1
6.6
0
27.8
13.4
4.44
3.6
6.16
5.73
21.48
0
1.32
0
0.5
0
14
5.3
0
0.7
1.4
-0.48
8.47
0
7.2
1.4
8.87
7.8
3.1
15
10.61
26.6
1.97
7.42
2.25
11.92
5.87
3.78
4.39
0
0
2.18
4.46
1.3
3.11
0
0.72
3.6
10.2
8.69
10.8
3
0
7.36
0
0.18
10.48
3.5
3.4
1.2
2.7
12.4
2.18
7.2
1.4
4.4
0
10.55
10.2
11.32
21.85
5.8
2.7
-1.46
0
9.12
11.32
12.85
9
0
12.57
7.5
0.9
5
1
1.8
0.5
6.47
12.1
1.77
7
4.08
15.3
4.56
0
8.16
0
-0.3
1.3
13.08
27.7
1.2
14.1
0.8
2.08
27.97
1.44
20.41
2.8
1.14
9.1
1.8
0
12.5
0
0.4
5.79
7.08
2.6
1.2
10.73
-0.24
4.1
10.1
1.63
15.2
2.2
27.72
12.14
16.06
1
0
17.1
10.1
0.2
17.3
8.46
6.72
0
6.35
0.24
8.62
3.8
4.32
2.2
1.91
2.89
11
0.8
0
0
4.44
18.24
16.3
9.28
2.22
2.28
6.5
9.61
0.8
17.03
1.93
3.8
3
2.27
10.8
2.2
5.16
21.61
1.1
18.27
2.44
0.42
0
5.35
4.56
0
7.12
8.3
26.52
3.76
4.2
5.88
2
0.7
0
2.25
1.8
1.36
0.9
0
1.25
10.1
7.5
1.8
0
0.7
0.66
6.1
1.18
6.35
12.6
0.7
13.6
2.82
2.3
4.7
6.42
1.8
2.89
2.41
14.28
0.3
6.24
6.31
9.78
0
9.4
0
4.86
2.5
8.51
5.16
0
10.75
0
0.6
13.11
28.6
8.44
1.7
35.29
12.37
-0.37
4.41
0
2.12
15.21
11.8
0
3.94
13
12.75
4.1
1.3
4.92
10.1
0.18
11.34
1.92
2.54
0
4.46
9.85
21.97
2.89
2.64
-0.24
0
5.99
1.2
0.1
12.01
2.9
3.6
17.28
10
1.7
1.5
0
3
0
1.8
4.49
5.72
24.4
14.34
35.38
0.6
11.09
25.11
10.93
15
1.84
2.28
12.91
9.51
10.1
0
6.3
0
0.5
12.13
0.72
4.37
0
0
0.97
8.9
6.31
1.96
0
0
0.48
5.16
1
5.28
8.97
0
16.3
8.7
9.5
9.24
0
10.1
1.42
25.2
0
14.56
0.76
1.87
1.19
3.3
0
4.7
0
18.4
4.47
4.21
8.9
0.2
0.42
4.81
7.2
2.28
3.5
6.83
15.54
4.86
14.2
12
1.43
1.94
0.37
0.7
1.9
13.63
2.45
0
1.7
11.33
10.8
0
1.7
0
0
36.48
4.2
0
1.32
1.3
19.09
0.7
12.63
0
10.47
5.48
6.9
3.85
2.5
6.42
2.76
0
2.64
9.36
0
0
0.24
3.96
7.3
5.76
0.6
0
0
3.67
0.9
2.7
1.8
9.5
2.64
0.47
7.6
5.4
0
7.5
21.25
2.01
18
0
3.5
0
1.3
7.79
10.8
0
2.4
0
13.2
3.96
0
0.3
10.19
6.42
5.4
1.52
8.41
2.88
0.5
0
3.6
0.93
3.36
0.97
1
1.81
15.24
0
0
0.11
16.44
10.92
-0.1
22.74
21.3
16.12
9.6
1.5
6.59
2.02
10.1
9.7
25.88
2.5
30.73
20
2.87
1.81
1.67
16.9
0.72
0
0
26.52
11.2
1.5
1.4
1.03
0
1.64
-0.3
3.1
0
1.84
4.6
0
2.2
0.76
17.22
30.24
0.8
0.8
3.68
3.8
1.96
4.2
5.25
5.49
17.99
5.04
0
1.8
0.84
0
1.92
6.3
0
3.11
5.2
0
0.1
0
0
1.4
0
0
0.77
2.03
6.09
2.4
4.57
28.37
4.03
4.6
26.5
1.4
6.72
32.2
0
1.83
0
0
11.28
-0.12
0
2.24
8.75
3.7
0
20.3
1
5.07
3.13
6.92
0.5
7.7
1.65
0.46
5.7
0
8.4
0
6
5.28
29.3
14.58
6.4
3.96
4.09
2.5
1.1
1.6
-0.24
20.75
4.68
3.02
3.8
2.7
1.46
15.57
3.1
5.07
1.92
1.84
10
9.07
11.93
0.24
0.6
0
2.77
0
10.44
1.92
17.7
15.95
0.6
3.49
6.3
0
10.05
18.88
0
1.8
6.36
0.12
9.48
16.41
3.12
2.32
-0.3
1.7
0
19.31
0
0
0.12
25.44
0
0.12
1.36
-0.12
3.64
9.1
0
21
0
7.91
2.8
2.8
0.6
-0.24
3.36
0
0
0.91
7.7
12.24
12.4
2.28
2.97
0
6.3
0
2
1.07
9.36
0.12
6.76
1.3
0.25
2.1
1.5
7.29
0.1
0
0.82
1.1
7.5
13.2
5.06
17.3
4.8
4.71
0
22.9
0
1.08
10.4
1.44
0
4
0
6.47
9.42
5.76
1.07
10.8
0.6
2.04
-0.24
7.6
0
1
6.8
17.56
1.4
3.64
2.16
8.7
1
7.8
1.2
5.64
4.1
0
10.84
2.54
0.48
1
0
16.82
2.8
0.45
3.33
0.7
10.34
1.5
23.3
1.45
6.96
0
10.2
3.54
3
1.8
1.91
6.88
4
4.8
3.25
5.1
6.35
-0.37
1
8.9
3.8
0
5.8
2.52
0.3
3.14
0.16
7.6
9.3
2.5
1.9
-0.04
0
18.84
5.3
2.2
8.13
16.4
0.6
1.67
9
2.63
32.3
7.7
4.32
13.59
11.5
1.68
15.04
9.2
11.2
12.7
1.32
1.67
13.1
3.4
0
12.52
0.5
0
5.4
0
13.84
1.2
2.9
0.3
10.29
0
0
3.74
0
14.4
1.53
4.83
0.1
3.6
0
0
-0.51
9.58
4.04
0.5
9.1
2
4.7
19.31
21.1
0.16
8.9
13
10.8
0.5
5.52
9.21
2.03
0.34
4.32
3.1
1
7.04
0.6
14.34
5.14
0
1.32
5.6
0
0.59
2.64
24.74
6.68
7.27
4.1
5.3
7.86
9.48
1.1
-0.48
1.4
15
11.64
2.14
-4.76
13.73
0.96
18.84
32.49
-1.4
0.72
10.2
4.2
6.76
0.54
5.4
1.77
5.64
0
3.37
10.05
19.55
0
1.09
0
15.4
1.71
23.8
6.13
0
5.72
1.84
21.5
6.3
8.3
5.02
4.22
8.8
0.42
1.16
11.52
0.7
0
1.38
0
22.6
0
0
0
20.52
0.3
9.84
5
0
1.55
1.68
12.37
8.7
1
6.88
1.68
0.12
0
1
10.55
11.64
7.56
1.8
6.47
3.6
5.87
8.1
0
11.1
0.14
0.06
20.3
2.3
6.6
7.2
0.08
0.1
8.68
10.2
12.8
1.6
4.9
2.32
0
23.89
1.94
2.4
12.24
5.4
1.82
1.33
0
32.9
9.3
9.37
15.6
0.4
1.8
0.93
2.18
0
0
24.94
0
2.6
17.8
3.37
0.42
0
0
0
4.7
31.54
1.72
1.85
-0.12
4.46
1.91
5.32
4.5
12.85
8.29
8.89
0
6.9
23.1
7.44
1.45
15.3
3.1
3.4
1.32
5.39
6.2
4.8
2.3
0
0
19.74
21.1
0
0
34.4
2.77
1.47
7.43
5.52
1.86
0
0.72
4.68
0.08
1.78
0.42
2.31
0
0.36
25.46
3.08
3.7
2.7
5.1
11.77
0.5
2.43
2.8
3.6
8.1
5.04
0.1
5.3
0.89
12.08
17.08
4.21
2.97
7.46
3.2
1.8
8.78
2.4
0
22.49
1.2
7.5
3.6
0
5.52
13.38
8.64
0
8.87
6.74
7.36
3.1
1
23.7
7
21.4
1.32
11.4
14.6
0.98
40.56
4
3.57
5
10.09
13.7
2.89
1.72
-0.24
8.53
2.79
21.01
0
0.27
7.2
0.67
9.6
6.3
4.25
1.98
1.44
4.1
0
0
20.52
8.84
1.7
4.08
4.33
1.9
13.9
0.84
4.9
1.6
0
3.96
2.3
15.7
0
0
4.09
0
4.1
16.13
1.2
9.8
10.1
1.22
10.32
15.02
11.16
0
5.7
9.6
21.9
32.9
11.1
2.9
5.3
13.8
8.16
4.7
24.37
7.26
2.79
0
0
0.54
0.72
0
12.3
2.1
8.76
0.25
0
2.25
5.51
26.46
0
16
13.2
16.63
0.5
19.19
5.4
0.24
6.8
0.12
15.64
13.2
3.5
4.3
1.7
2.9
-0.1
2.12
1.92
15.9
4.2
7.3
0.74
1.7
5.2
2
3.13
10
0
6.6
4.5
0
21.8
0.9
5.7
0
0
10.5
0.2
8.74
5
3.28
2.5
10
1.88
5.61
5.1
5.28
4.92
0
1.9
0
3.12
2.07
12.59
11.81
2.28
0
4.85
39.25
13.9
0.3
3.23
10.21
2.4
10.46
2.64
0
8.01
0
1.2
0.9
15.98
4.47
0
10.1
20.04
9.5
6.7
0
3.9
1.3
1.13
11.77
0
3.37
20.76
12.96
1.53
7.03
4.8
24.6
0.4
1.26
18.48
0
0.6
0.72
2.8
16.5
0.4
1.44
7.5
0
1
3.08
0
12.95
2.65
11
4.56
5.2
9.09
0.76
4.1
8.8
19.68
6.12
0
1.31
0.1
2.7
5.23
25.3
0
1.3
7.5
10
4.09
0
0
11.4
0.84
3
10.02
5.3
5.34
1.1
3.8
3
0.6
0.52
5.52
1.08
12.85
0.24
0
0.9
0
0
14.63
24.72
0
9.37
6.2
6.52
5.9
1.07
0.1
19.8
4.99
7.24
6
30.72
5.9
5.29
1.56
3.9
2.64
0.6
1.9
-1.1
9.36
1.38
0
1.59
8.04
8.6
3.81
11.9
0.01
1.72
-0.22
0.48
5.6
9.5
9.72
4.1
5.09
2
2.1
3.5
5.76
14.3
19.43
1.8
3
0.48
0
4.09
11.8
5.8
1
0.16
5.4
0.5
17.5
0.8
0
6.28
5.52
0
14.48
24.9
3.14
3.98
8.5
12.13
3.13
0.9
1.28
1.32
0.98
0
3
1.56
12.71
7.5
7.36
2.2
1.32
1.98
4.2
0
0
1.3
9.61
15.1
3.72
12.15
4.2
1.91
0
3.78
7.3
0.86
10.8
9.24
4.46
0.72
0
4.8
-0.2
12.01
2.15
1.08
5.8
1.56
2.36
18.8
10.08
0.6
-0.08
2.4
12.9
0
0.48
6.83
8.72
12.75
5.38
-0.02
0.7
1.36
5.64
20.77
4.57
6.2
16.08
1.8
0
1.3
1.8
0
9.71
0.3
0.42
9.48
1.1
0
2.29
0.72
1.64
2.28
3
15.69
8.88
0
0.97
0
2.55
8.3
14.26
2.65
0.96
1.68
0
3.01
1.1
0.06
4.6
7.11
2.12
2.42
10.2
3
6.9
2.76
0.83
2.3
0
9.4
0
0
8.8
3.2
25.68
2.5
3.96
0.56
7.57
16.49
0
0.35
1.2
3.62
4.39
13.2
0
4.2
-0.04
10.44
4.57
1.7
8.25
0
1.2
14.22
0.6
3.9
0
0
24.3
0.36
1.3
11.5
7.9
0
0
0.35
6.59
8.25
2.9
1.56
4.7
7.7
3.73
0
0.45
6.6
0
10.3
0
1.69
0
0
4.2
0.99
5.5
5.9
1.6
19.56
18.18
9
0
1.4
4.2
3.1
1.32
3.5
1.2
2.23
1.8
0
4.81
7.25
1.39
23.82
21.6
0.86
1.92
5
1.8
8.63
10.3
0
13.41
0
9.61
10.93
7.67
4.32
0
5
3.3
1.83
14.94
0
0
5.5
3
15.48
6.6
7.96
0
0.5
15.1
1.2
-0.36
14.63
3.72
2.4
6.4
0.94
2.4
8.64
4.1
6.06
33.2
5.4
1.7
5
3.21
1.8
0.55
0
1.36
8.61
-0.44
7
7.04
13.48
0
-0.22
0
2.4
16.56
10.9
1.9
8.22
1.4
9.39
3
14.63
0.16
0
7.24
2.16
0.7
8.79
1.36
19.36
41.83
16.26
1.6
2.91
6.78
1.2
8.31
6.84
0
0
5.4
7.24
0.6
0
0
1.5
1.8
0
9.8
3.24
5.16
5.67
9.19
6.49
14.5
7.24
0.1
0
0.8
2.1
4.6
1.7
9.55
19.08
0
0
1.24
0
2.37
6.5
10.6
37.01
2.28
0.1
5.37
9.24
9.7
11.4
0
6.3
0
0
0.1
5.6
0
0.54
1.44
0
4.46
0
0.1
0
0.52
3.4
0
-1.56
8.99
5.08
1.8
10.8
2.86
0
2.22
1.8
5.4
0
3.48
11.4
0
1.6
0.6
21.52
4.4
0
14.34
3.84
11.2
11.88
0
16.3
3.02
4.1
0.7
0
7.29
0.3
19.3
1
5.76
0.9
8.1
6.91
0
3.4
2.88
13.29
1.6
14.97
0
0
12.47
0
0.7
4.74
1.2
9.89
0.8
7.31
0.7
4.82
34
0
0
2.15
2.64
3.57
5.17
2.6
1.45
5.6
7.68
2.8
12.15
3.56
-0.12
3.46
10.32
11.04
6.9
1.72
1.6
4
0.99
38.72
0
0
7.3
1.55
11.4
6.24
3.48
9.85
0.9
1
2.08
0.59
0.2
5.84
3.15
7.8
1.81
4.09
1.33
0
24.33
6.4
4.32
1.07
5.1
1.44
2.27
1.47
1.63
0
1.36
2.5
3.18
0.2
6.28
0.6
3.96
10.89
0
5
32.54
6.36
7.56
18.48
7.36
5.8
4.44
45.56
2.64
2
18.88
0
1.6
1.8
6.36
0
13.83
0.5
2.34
0
2.88
8.4
7.96
1.37
1.5
9.18
4.7
15.27
0.3
2.68
2.43
14.51
0
13.2
0
1
0.4
7.8
15.6
1.3
11.76
24.39
1.2
11.16
0
1.8
10.9
7.68
9.96
21.73
0
16.8
12.36
0
2.2
5.9
1.3
7.57
2
1.56
10.21
0.76
3.5
16.5
7.49
48.04
3.3
-1.27
2.28
0
0
1.02
3
0
13.56
0
1.96
4.74
12.44
10.17
-0.22
8.5
38.76
4.58
0.8
2.1
-0.68
10
3.64
1.44
4.9
5.96
20.3
5.9
17.54
3.8
2.3
18.32
6.9
0
1.2
4.7
12.82
1.8
6.8
14.53
22.2
1.7
0.4
2.6
0
6.9
0.12
15.48
4.41
10.51
5.64
3.1
1.2
2.58
1.2
9.8
14.03
5.4
1
0.4
9.1
1.83
4.2
10.4
0
0
13.02
0
0
3
5.95
6.47
2
30.12
32.05
0
13.56
4.15
3.53
1.2
18.1
6.17
11.51
14.17
11.64
2.2
0
3.83
3
9.47
26.4
3.9
23.53
-4.28
1.73
26.4
1.92
0
7.5
-0.3
1.96
1.94
1.71
1.97
2.3
0
1.08
0.39
0
8.64
2.84
3.93
0.2
0.96
-0.3
4.8
1.29
0
10.3
0.6
11.3
3.2
0.9
8.2
30.4
0
9.5
2.01
0
0.72
0.4
1.62
0
23.53
0.06
16.56
1.93
10
0.84
1.2
4.1
5.26
3.62
-0.96
41.75
3.2
0
20.9
20.44
3.12
2.54
0
1.72
2.77
1.91
8.3
0.25
9.51
3.71
0.4
0.3
1.8
5.32
0
3.32
4.5
8.46
10.6
18.2
19.56
0.5
22.8
10.28
0.72
8.95
0
16.14
2.08
23.28
2.9
7.3
5.9
14.13
4.1
2.1
24.96
10.5
18.72
3.12
4.25
3.8
12.43
42.05
1.8
4.32
1.08
6.04
0.6
12.76
16.17
12.4
5.25
1.6
19.55
0
11.7
16.4
5.97
14.04
1.35
7.2
0
28.83
0
17.46
4.6
19.19
0
18.37
0
13.32
5.5
2.76
1.9
0
-0.3
0
8.88
2.3
18.6
2.27
8.11
5.4
4.12
4.9
0
0
1.7
1.6
9.72
15.7
3
12.7
5.84
2.2
4.55
0.7
0
27.3
5.79
10.21
20.5
1.79
4.4
0.8
6.8
0
0
4.3
7.8
14.16
2.83
14.55
10.48
0.39
10.68
2.3
25.19
7.2
0
2
12.48
3.5
0
2.9
1.8
5.69
6.35
14.8
0.2
2.9
-0.02
0
0.3
0
0.24
0
3.81
11.6
0.66
1.48
10.6
4.6
0.36
23.65
13.02
12
1.9
0.42
0
16.1
0
0
1.8
0
2.6
1.3
0
25.9
3
9.52
9.1
4.3
14.3
1.4
8.2
1
9.24
0
1.92
0
0
2.88
8.6
0
9.23
0
2.14
14.76
5
10.1
3.1
1.32
0
0.43
0.75
0
0
0
11.6
7.08
0
0
0.26
12.9
0
7.3
17.3
3.69
0
11.4
-0.06
3.36
0
14.6
0.96
4.51
1.2
0.5
1.79
6.12
13.08
0.22
3.84
5.2
1.6
18
5.4
0
2.8
6.96
1.65
6.12
8.7
7.8
2.04
10.2
14.1
1.4
0
10.3
0.24
7.3
1.46
0
8.76
2.25
2.3
11.4
7.49
10.04
0
0
1.05
0
1
5.4
7.2
1.69
6.6
5.07
26.64
1.14
9.7
10.6
0.8
0.28
4.8
0
0
1.43
0
0
-0.24
9.98
3.62
0
0
0
6.15
7.25
21.73
1.95
6.24
0
0.12
0.5
1.31
3.2
0
0.72
8.88
2.37
0.6
0.1
4.1
0
7.26
1.7
22.2
4.3
5.4
2.89
9.3
5.28
2.5
3.2
1.68
1.57
10.9
10.4
8.03
1.26
1.48
33.3
0
21.9
12.8
10.36
17.03
0
0.89
3.16
7.19
10
4.38
7.92
2.75
2.9
11.46
2.7
4.46
4.56
0
0
11.04
13.9
1.25
0
5.9
17.92
5.58
2.3
6.16
0
3.75
1.2
19.4
6.69
0
9.49
9
1.4
7.6
2.5
16.4
7.2
0
0
2.17
43.23
0
16.7
4.08
1.7
0
8.6
34.56
10.7
1.68
0.72
1.68
0
17.39
1.44
17.49
3.89
0.95
5.48
0
9.6
5.6
0.6
2.55
3.7
15.32
7.5
1.3
29.88
0
6
9.4
2.43
3.51
1.84
5.05
8.35
4.44
20.08
3.7
0
0
11.76
0
0.36
2.19
4.56
10.8
1.8
0
2.68
12.6
2.31
3.9
9.24
3.5
8.1
9.63
11.28
3.46
0
11.4
6.8
5.1
15.93
15.6
2.98
5.4
0.88
7.7
21.04
0
2.1
7.7
6.6
4.2
-0.48
7.9
0.7
-0.1
1.09
1.68
-0.1
2
6.12
8.69
0
0
0
23.52
4.8
1.84
0
7.3
12.8
7.93
5.04
0
0
16.97
2.89
0.78
0
4
2.5
3.96
11.65
0
0
0
0
4.17
0
19.44
9.04
12.3
0
31.34
8
0
1.59
16.7
0
4.24
0
23.17
1.4
0
2.1
0
1.08
4.02
0.6
0.14
0
5.85
1.8
1.19
2.76
11.17
2.3
1.67
12
8.03
11.5
5.1
7.1
0
12.64
3
0
7.3
0.14
1.9
0
11.8
2.05
2.64
0
4.1
9.89
1.5
0.98
0.51
0
0.24
5.29
0.51
7
2.86
0
5.88
4.6
7.34
1.31
1.7
12.7
9.83
0
3.92
2.7
0
2.08
0.83
0.62
18.8
20.3
5.2
3.4
4.8
4.22
7.36
0
4.7
0
0
1.4
3
3.92
0.44
3.35
0
1.87
4.14
1.1
28.9
0
0
4.62
7.84
0.06
5.8
13.84
31.97
19.21
0
2.2
1.3
1.63
0
26.76
15.1
0
8.73
12.13
9.85
4.9
2.7
9.24
5.65
0.7
22.92
0.18
1.78
-0.24
0.24
1.92
0.13
4.32
1.92
1.5
28.2
3.92
31.7
25.66
2.5
0.72
5.7
6.88
2.88
2.5
10.68
0
23.1
0
1.1
7.69
0
0
0
38.76
4.1
10.1
2.5
29.3
1.27
1.44
1.04
0.72
0.3
4.98
3.5
0
2.03
8.7
14.82
8.54
7.68
0.46
0.42
3.6
12.6
19.3
0.5
0
0
5.8
3.76
0
10.96
5.76
8.2
0.7
-0.2
0.6
1.12
2.22
2.76
14.4
8.29
4.7
2.8
0
4.41
4.14
1.44
0.02
1.96
8.88
2.04
9.12
0
3.5
15.38
12.99
3.72
1.3
4.2
5.64
13.7
0.84
6.84
0.1
0
1.8
10.2
0.66
1.57
15.7
6.7
2.7
4.93
1.19
4.1
2.9
0.4
19.88
0
29.4
0.47
9.4
7.6
6.7
7.5
35
8.3
6.72
14.79
3.13
0.57
0.12
1.9
6.48
6.01
1.68
2.49
1.2
0.24
2.88
0.3
7.4
0
5.16
1.3
1.92
27.6
0.8
0.53
24
4.56
9.96
0
8.6
0.1
5
3.7
2.79
0.72
4.6
1.92
0
0.4
5.5
14.94
3.3
0
22.35
1.56
26.04
39.96
7.6
1.8
3
9.04
0
9.32
2.53
10.21
8.5
4.32
0
0.1
0
6.87
2.2
9.36
2.22
4.8
11.6
1.65
0
0
1.32
0
12.12
4.9
11.2
31.6
4.44
0
0
2.59
12.64
7.5
1.1
0.62
8.58
0
14.2
9
9.48
5.99
3.1
5.7
1.1
0.21
-1.4
0
8.73
2.1
0
0
1.47
9.4
0
8.3
0
-0.12
9.2
0
18.51
0
9.7
20.1
0.6
5.05
0.18
0.7
14.49
2.16
0.12
0.12
-1.5
0
0.48
0.54
-0.1
3.72
3.4
0
2.4
0
2.81
0.2
33.9
10.6
0.81
1.91
0
0
0
10.9
0
5.4
19.91
2.58
15.32
0
1.8
2.16
0
16.79
12.86
1.3
12.38
0.2
5.4
2.84
1.35
5.1
0
0.4
9.85
5
0
0
0
0
0
2.4
7.69
8.07
11.5
0.83
0
5.68
4.32
0
2.88
4.5
13
1.7
0
26.84
0
2
0
0.36
0
0
0.72
4.44
10.8
4.75
5.22
16.2
3.2
10.7
1.96
1.07
1.41
6.9
5.35
7.45
3.12
10.45
0.7
3.3
0
1.42
0
0
2.13
0
2.04
7.24
3.4
9.15
1.7
5.04
0.5
2.5
3
16.2
8.84
0.8
0
0.4
1.2
4.9
11.2
1.7
5.4
0.9
3.84
2.3
4.92
4.56
15.58
1.75
0
12.93
13.26
10.92
0
0.92
1.37
1.34
8.5
0
0
0
1.7
0
5.18
2.08
0.1
3.71
8.15
8.8
7.56
4.3
8.65
26.5
11.9
0
0
3.36
2
5.25
-0.48
16.43
0
0
1.8
7.68
4.4
3.5
2.7
9.96
22.8
2.2
2.04
9.66
2.01
2.77
18.83
0.8
1.77
0.36
0.3
5.5
5.61
1.7
7.7
5.1
2.6
7.7
0
0
20.7
6.36
25.13
4.74
2.52
4.5
0
20.46
1.8
18.3
3.12
18.24
36.24
1.18
0.36
2.19
16.68
6.4
0
2.57
0.8
0.1
1.5
0.72
14.8
4.08
0.24
0.2
0
2.1
5.6
2.34
5.52
3
6.68
2.15
2.52
11.6
42.27
0
2.1
27.79
14.9
1
12.8
3.47
1.5
7.6
3.98
11.52
0.47
0
0
0.02
2.03
14.29
1
4.42
7.4
0
11.9
3.28
13.69
0
10.44
0.49
1.56
3.8
1.3
-0.2
0.8
0
1.37
0
0
3.2
2.28
1.1
0
0
2.4
2.7
0
0
8.1
2.27
8
4.55
7.25
0
1.66
1.2
0.6
6.69
32.84
0.8
3.4
10.5
0.46
3.6
1.2
3.6
2.6
2.6
2.8
0.59
11
3.3
0
10.8
25.3
1.57
5.8
3.1
9.9
3
21.25
0.02
0.3
9.9
4
0
1.2
0
7.7
2.8
7.51
2
0
10.5
8.16
0
5.13
8.67
6.87
1.9
0
6.3
1.47
0.84
1.65
0.5
9.48
1.1
1
12.74
5.8
0.7
3.1
7.3
7.8
21.9
25.7
0.72
4.48
0.2
17.1
0.36
9.9
6.7
7.14
0
1.87
4.08
21.01
2.6
0
3.5
14.61
1.62
0
5.76
5.08
10.5
2.72
4.94
8.9
6.12
0.6
2.02
8
1.33
8.7
11.8
2.03
10.08
6.72
1.48
8.6
-0.2
1.72
2
19.68
16.07
3.63
7.3
0
15.8
16.6
6.2
0.6
0.18
4.1
7.1
0.07
1.7
2.16
7.74
26.04
0
19.69
6.6
10.32
2
18.48
0
14.94
1.36
1.5
1.7
1.65
14.52
9.17
0.94
34.94
2.8
12.96
0.48
0.5
4.81
5.7
5.68
0
5
2.41
5.75
1.57
0
7.8
10.4
4.08
0
0
8.2
6.6
6.9
12.52
6.3
0
7.7
2
0.4
4.57
32.2
2.6
17.66
0
3.87
30.5
1.8
8.99
5.25
2.55
0
13.18
0.13
7.16
3.12
3
1.32
5.4
1.88
5.86
5.51
3.19
15.6
6.82
16.1
6.12
2.04
7.26
0.16
0.65
2.21
7.59
7.7
0.6
0
2.39
0.7
1.8
1.04
4.7
0
3.6
0
0.76
0
9.84
40.2
2.28
3.49
0
2.01
5.4
1.68
0.3
0
2.27
1.3
2.19
0
3
8.2
1.5
0
1.93
4.7
3.71
1.91
3.36
19
8
0
0.1
0
20.28
2.64
0
5
0
0
6
12.62
1.66
10.01
2.5
1.2
0
0
3.36
2.42
3.72
0
5.37
1.62
17.2
26.52
5.12
1.6
0
0
-0.38
6
2.3
5.04
0.6
8.8
1.56
2.88
3.9
16.62
1.4
1.76
38.26
0
0
0
0.12
0
5
10.7
0
8.6
8.65
19.48
1
4.4
22.86
0
0
0
2.1
14
17
8.1
0.96
5.1
2.55
8.77
4.4
5.41
15.74
6.8
4.1
4.1
4.89
16.9
29
1
12.6
13.68
1.6
1.9
0
1.6
1.39
15.26
0.42
5.6
1.12
2.4
3.2
0
0.1
4.32
0
1.5
2.56
3.4
24.97
13.32
24.97
0
7.48
2.4
0
2.64
15.26
3.96
4.07
0.6
8.3
4.08
4.7
1.4
1.6
3.5
1.2
9.68
3.5
2.2
6.84
5.05
19.44
1.24
0.17
2.15
0.9
0
0
2.64
2.77
5.16
2.58
7.4
6.9
12.2
3.12
3.8
0
3.17
0
0
2.79
0
-0.44
0.8
6.36
6.96
0.2
8.6
0.24
25.93
6.72
0.7
3
3.5
14.68
6.25
14.83
2.9
15.1
0
14.6
0
0
0.4
11
2.18
12.1
19.07
0
21.16
0
17.37
11.28
5.32
11.4
1.5
6.75
-0.6
3.29
21.29
13.72
21.26
8.53
10.6
5.3
0.72
0
0.3
2.9
2.28
2.04
3
0.8
0
0.8
6.5
2.8
1.96
10.68
3.36
1.99
11.7
3.12
0
12.7
5.28
1.88
6.02
7.3
4.2
9.93
10.08
0
4
6
10.5
1.2
0.27
0.04
6.84
1.88
2.6
2.4
3.6
1
0
29.13
0.26
0
12.37
0.2
0
1.35
1.8
40.35
1.08
-4.21
11.6
0
3.4
2.9
8
9
0
6.4
10.45
0.66
1.7
15.87
0
3.16
0
5.4
1.2
1.41
5.42
7.86
1.8
0.4
0
4.75
44.19
8.19
0.4
12.4
9.33
0
0.9
0
27.9
10.33
4.1
9.46
6.72
5.28
0
1
2.4
0.24
2
1.48
7.42
9.31
0.7
0.3
0.42
3.03
3.1
0
21.6
0.72
1.89
6.1
5.88
0.7
5.6
12.29
1.44
2.6
3.1
5.14
1.91
7.7
14.88
0
0.5
3.2
1.68
1.53
3.41
0
10.21
4.59
7.3
1.35
3.69
5.8
0.6
0.43
0
10.7
0
4.6
6
8.86
2.46
0
0
0.1
17.1
8.88
0
4.91
2.74
5.36
0
4.65
7.1
16.2
14.88
0.5
7.15
3.96
2.8
0
15.3
8.49
0
9.9
29.8
0
3.61
5.4
8.5
16.31
-1.44
2.5
0.7
0
3
6
0.45
9.54
9.64
13.44
0
0
1.65
4.9
0.88
4.88
7.76
8.82
0
0.1
0.01
2.1
7
1.6
0
16.2
0
3.8
8.9
2.63
9.2
-0.96
5.2
0.9
1.8
4.08
0
10.4
0
7.4
1.26
7.8
1.36
10.7
4.6
6.04
0.72
0
15.57
4.8
1.92
1.05
17.2
13.92
6.9
13.07
9.6
1.9
3.2
10.8
0
7
2.42
6.85
12.9
8.88
22.57
2.16
8.37
0.54
11
1.91
2.8
0.36
0.6
0
0
1.41
4.08
0
2.27
0.48
19.14
1.15
2.28
-0.18
0
8.92
-0.1
8.08
0.5
0.9
0.2
1.48
3.14
14.28
3.8
1.2
1.2
12.56
1
2.43
2.89
0.6
3.09
5.62
0.72
12.7
18.24
4.4
21.11
0
0.5
6.24
4.5
10.1
4.92
10.4
7.94
5.07
0
1.89
2.8
1.44
0
2
11.5
18.2
1.33
6.96
5.25
15.84
3.73
2.4
0
0
1.8
0.8
1.4
9.01
2.3
0.49
2.88
1.2
14.92
19.4
3.63
-0.33
3
0
12.78
7.72
6.7
1.48
7.88
0
0.22
13.57
1.02
4.57
1.8
2.11
10
0
40.71
4.9
10.5
1.49
0
6.04
0.5
16.5
0
3.59
7.3
5.44
0
4.44
-1.01
13.55
3.1
0.43
1.5
3.34
15.2
7.2
10.93
1.09
11.87
23.89
8.32
0.3
6.8
0.72
2.91
2.54
18.09
1.8
1
10.2
2.8
0
12.41
5.28
0
4
2.1
2.9
0
1.9
2.15
4.9
6.94
11.5
2.3
15.2
1.44
0
0
16.12
15.25
22.92
12.4
2.4
7.4
4.11
1.7
0.84
4.9
0.2
0.3
0
2.3
0.2
9
2
9.98
37.52
12.84
0
4.44
11
9.46
3.36
0.48
1.2
0.06
0.3
2.05
3.84
1.11
0
10
12.3
2.03
20
1.36
1.6
26.76
5.5
0.96
0
0
0
3.25
14
0
0
16.32
11
11.76
3.14
17.2
4.06
6.5
-1.95
0
0.2
0.36
5.6
12.04
3.26
8.21
22.96
1.45
-0.36
7.56
0
23.64
0.5
5.21
10.05
6.36
17.13
2.1
3.6
3.23
0
0.1
3.89
0
10.68
13.09
0.35
6.8
5
6
4.7
14.84
2.64
9.36
7.3
20.87
0
1.13
0.1
2.43
0.72
0.78
7
0.96
0.3
3.73
3.49
2.28
1.23
0
0
10.92
3.3
4.43
0
2.6
3.7
7
0
20.2
16.05
0
18.72
6.65
1.4
0
3.3
1.51
1.79
-1.2
0.6
2.9
3.93
18.4
7.8
9.7
7.9
1.8
5.94
1.56
6.2
13.6
11.3
6.2
2.3
7.7
0
8.24
8.71
5.98
0
8.28
9.08
1.5
10.34
19.93
10.68
0
0
17.06
0
5.6
37.34
1.72
1.86
12.58
2.4
30.96
0
3.3
19.6
10.3
15.72
0.56
0
39.9
3.7
18.11
3.42
3.96
0
7.8
3.1
0
1.38
0
1.2
11.4
2.15
2.2
4.56
0.25
4.3
0
1
3.79
9
8.82
0.16
1.17
3.6
4.69
2.3
14.9
21.5
2.55
0.4
6.52
5.9
1.7
0
4.27
12
4.8
3
5.8
4.14
3.1
0
4.75
2.29
29.76
5.98
2.04
8.28
0.32
0.13
0.59
14.1
3.35
17.85
0
0.68
7.2
0.7
0
2.16
1.6
0
1
0.18
0
11.3
3.15
4.54
3.52
0
12.8
0.6
14.03
23.3
0.2
5.6
24.4
0.88
6.3
0
2.27
6.4
4.2
16.38
6.1
1.1
3.07
19.6
0
0.36
14.98
0.24
1.77
25.2
16.79
0
0
8.81
0
3.16
1
0
10.55
0.3
16.06
1.48
3.18
0.1
-0.1
0.4
3.12
6.3
-0.2
0
2.28
2.28
-0.6
11.42
1.92
0
5.89
0
1.32
0.2
0
0
9.81
3.75
1.08
9.4
4.2
13.8
5.1
17.3
6.48
0.36
8.5
0
5.03
1.77
11.15
1.3
4.8
9.8
0.7
2.06
0
0
1.83
2.4
0
0
0
12.7
1.7
6.18
0.96
1.5
7.8
1.33
0.36
26.86
0.75
4.57
0
1.69
19.5
6.8
12.5
0.3
15
-0.2
0.18
5.84
10.7
29.24
0.6
0
6.4
0
4.8
-1.44
6.45
2.15
7.83
1.68
0.6
0
1.6
7.3
2.98
7.44
11.16
3.24
0
12.15
2.85
0
6.7
10.69
7.32
4.1
5.8
0.95
2.11
0.86
10
18.73
7.56
9.3
2.8
19.4
2.3
7.68
1.77
10.21
3.7
8.86
7.79
23.78
7.8
5.65
0
3.12
1.77
6.83
4.56
14.23
9.7
13.38
1
0.57
38.55
0
4.2
6.99
0.76
1.18
5
2
1.56
0
0
-0.24
4.1
1.49
2.9
6.6
10.09
1.4
9.7
0.64
4.5
1.2
21
1.38
0
3.6
10.9
24
0.9
7.9
2.49
1.3
3.86
0
10.35
19.8
41.39
6.47
4.56
28
1.95
1.3
15.8
13.2
0.1
1.6
0
7.84
5.08
1.24
9.28
8.85
8.9
11.4
16.07
21.5
0
6.72
0.8
0.06
12.8
0.6
8.88
0
0
11.28
0.7
0.1
12.7
6.17
13.96
2.55
14.16
10.47
2.1
10.32
0.8
13.71
4.48
8.6
8.75
5.9
25.2
6.52
3.95
3
1.89
20.4
0
1.2
23.16
0
1.48
1.4
4.5
12.7
10.2
4.6
1.56
0
3
9.58
1.3
6.37
9.01
7.17
8.71
1.2
6.92
25.6
4.34
0.44
0
1
3.8
0.36
3.73
11.16
5.88
1.3
2.82
1.3
11.3
1
3.02
0
2.2
4.1
0
0
0
2.91
0
15.28
0.17
0.7
3.55
3.39
8.2
1.8
5.68
0
0.8
1.95
2.3
4.39
7.12
0
0.1
13.44
0
6.1
2.64
0.91
8.58
11
1.06
28.5
0.1
2
20.4
1.02
2.2
7.37
1.69
1.8
23.8
11.04
0
1.44
6.27
1.33
3.37
1.3
10.5
1.8
5.25
-0.6
2.52
19.2
0
0
3.2
-0.1
1.65
22.49
2.9
1.45
1.4
1.98
2.8
3.28
16.1
0
8.59
5.6
0.9
14.52
0
4.33
0
15
4.98
4.33
20.1
6.7
9.84
2.51
1.68
2.8
0
4.7
0.9
0.2
3.96
8.76
0
6.41
5
0
2.31
24.7
15.2
13.8
3.5
0
8.32
0
10.82
0.38
4.1
8.8
8
7.2
1.1
11.28
6.72
0
5.3
33.47
11.2
10.95
0.48
26.04
1.8
0.6
2.42
1.22
0.95
0.12
13.3
6.01
0
10.1
2.1
4.5
15.88
0
1.3
0
9.8
2.25
3.9
2.75
5.52
20.2
0.6
0.8
36.6
2.7
4.32
33.7
15.66
15.06
0.3
4.08
5.3
0
15.4
6.72
33.33
0
4.33
14.88
7
6.52
27.6
0
12.6
1.1
2.24
11.3
0
0
4.46
5.52
13.18
1.5
7.32
0.2
9.24
19.67
0
0
6.78
12.72
3.96
2
3
5.1
0.3
1.48
26.06
4.1
2.06
6.48
2.13
0
0.8
0
1.8
4.44
0.24
0
2.4
6.72
6.8
0
3.42
1.45
13.4
5.84
7.2
10.6
2.44
16.3
7.06
5.05
11.07
2.4
1.99
0
14.02
20.64
-0.84
2
6.4
7.4
0
1.12
1.3
0.3
6.5
5.4
0
0
1.22
3.3
2.28
5.39
15.11
10.92
1.59
0.7
0.6
26.88
0
1.15
0
0
0
-1.32
1.19
4.41
0.5
1.1
0
0
12.7
2.7
12.38
4.55
3.44
5.1
2.16
2.43
0.48
3
21.24
10.4
4.8
12.42
14.46
0
3.01
0
6.4
0
2.5
25.28
0.72
5.3
6.23
6
0
9.36
6.24
1.3
0.41
7.6
12.67
3.5
0
2.35
30.84
9.29
1.73
2.65
23.29
1.8
4
5.33
0
1.8
1.3
0
0.7
1.8
5.49
1.56
16.2
2
1.97
4.7
4.83
0.6
0
0.05
10.48
0
9.12
12.24
0.8
3.4
0
1.5
1.6
0
0
0
7
5.05
1.56
1.5
12.6
2.6
18.72
1.32
0
13.23
10.3
0.55
7.2
1.6
4.9
37.7
1.7
2.2
1.3
1.4
3.6
8
3.85
22.8
2.1
1.7
11.5
11.06
1.3
3.1
6.9
10.02
0
23.05
3.23
4.4
18.96
0
7.67
10.45
0.6
4.08
3.66
7
0.94
0
8.74
18.66
8.59
0.59
5.46
3.7
0
4.2
10.3
9.4
0
9
2.77
23.4
3.01
16.5
0
43.5
11.4
19.67
6.5
2.8
0
-0.12
4.45
1.7
6.84
0
5.1
1.1
14.62
0
4.2
8.16
4.65
1.77
0.7
0
0
2.4
1.6
3.12
3.5
-0.1
24.3
3.2
0
1.32
6.4
0
1.45
4.46
0.1
1.2
1.1
0
13.38
16.36
21.46
6.04
1.58
0.8
24.28
-0.01
5.2
6.24
14.54
6.84
20.16
0
0.3
3.44
3.36
11.41
0
6.6
7.02
3
0.97
0.1
0
2.2
1
3.24
0
10.3
0
1.99
17.7
0
9.45
-0.24
0.6
15.5
0.8
5.9
0
1.6
4.09
1.92
1.3
31.3
6.4
12.4
7.07
0
5.3
8.3
5.98
1.58
7.6
0.99
0
29.6
1.68
3
2.05
10.2
2.64
4.11
1.29
10.15
13.8
0
6.24
4.81
0
0
0
5.16
-0.12
-0.38
0.72
1.84
0
0
0
2.03
9.23
-0.4
6.7
2.52
5.6
8.84
0
4
1.77
1.75
2.4
2.2
1.2
18.2
0.42
16.3
5
27.06
2.4
2.88
3.1
0
1.84
8.65
1.9
13.92
8.33
0
7.75
0
0
5.2
0
0.7
0.48
1.52
38.04
3.73
0.8
6.5
7.49
4.8
3.08
18.49
11.77
2.54
0.12
2.76
0
0.27
4.08
1.2
1.2
27.5
10
1.4
5.8
1.32
20.38
7.3
7.2
0.3
1.48
0.82
0
7.7
1.2
12.72
3.5
10.5
-0.2
15.4
4.32
2.12
0.48
0
8.63
1.36
16.19
0
3
-0.24
0.26
16.8
1.2
7.3
9.8
0
13.3
0.24
34.7
1.8
22.8
5.51
0
9.59
16.65
0.6
2.3
2.16
0.7
9.06
0.1
0
2.4
16.52
0.06
3
2.88
1
2.41
2.64
17.5
4.68
17.76
0
3.48
13.9
0.71
6.6
5.17
0.42
1.32
1.6
5.1
-0.13
-0.1
9.9
0
34.09
3
0
1.3
21.72
8.6
3.18
6.96
0.84
0
10.2
8.16
0
3.8
0.1
3.36
0
2.1
0
4.8
0
1.3
0
10.32
0
2.27
0.2
5.15
11.3
3.6
20.86
10.8
12.9
9.23
0
9.84
1.4
0.36
4.7
0
4.62
7.25
37
6.96
1.27
7.2
2
7.55
5
11
5.39
1.2
14.3
2.9
18.55
5.31
0.2
0.1
3.72
18.64
4.48
2.4
1
13
2.6
0
1
0
9.45
0
6.72
0.46
1.2
20.72
4.46
1.3
2.05
6.66
3.5
12.9
0.3
0
4.7
15.8
0.5
6.96
0.3
27
0.91
1.9
0
4.4
42.5
17.5
2.02
10.7
13.32
4.1
1.6
-0.61
10.1
3.82
10.3
3.94
6.96
0
24
6.17
18.12
1.2
8
5.1
5.79
4.4
6.36
15.78
6.66
3.72
5.92
14.2
9.12
0
5.16
4.6
9.2
0.9
3.96
1.7
7.5
4
5.3
5.2
0
4.59
2.7
14.63
3
6.6
10.2
1.46
2.6
2.71
0.48
1.2
0
6.5
4.4
8.63
0
14.31
11.28
0
1.68
4.92
5.13
3.03
0.7
4.5
0
0.5
22.49
27.48
2.28
0
17.6
11.89
1.2
3.5
9.53
15.7
11.52
2.52
1.39
3.36
10.56
0
16.7
3.6
-0.48
0.2
0.2
0
2.18
15.95
3.1
12.15
1
8.3
4.4
3.96
3.7
6
0.14
3.34
5.84
6.94
-1.3
0.48
5.98
1.04
11.04
0
10.93
0
23
0
10.6
1.48
2.42
0.48
0
7
1.55
12.8
3.55
1.2
1.5
0
3.1
0.72
2.3
-0.1
1.88
16.08
0.6
7.24
7.9
0.2
6.95
3.9
8.53
1.26
2.66
3.85
0.2
8.82
0
1.3
8.5
8.4
0
10.58
28.21
16.82
10.9
19.53
0
0
1.37
0
0
9.4
0.4
6.9
5.12
3.85
0.2
12.72
0
0.73
7.8
14.89
6.72
0.6
4.87
2.11
23.16
7.64
4.56
13
14.31
12.96
12.77
9.9
0.9
5.1
8.4
1.3
1.8
0
1
-0.3
2.6
14.25
0
5.8
5.54
11.7
4.9
1.8
21.49
3
0
8.19
2.5
1.53
27.4
0.6
16.4
3.72
2.55
6.45
1.32
3.92
2.16
6.96
1.33
23.9
2.43
0
12.2
18.1
15
1.8
2.03
5.16
0.41
16.38
13.1
3.48
5.1
10.48
0
1.2
4.44
0
30.51
15.42
10.7
4.18
1.12
1.3
12.85
3.61
-0.24
15.76
11.04
1.54
1.33
1.2
3.19
3.85
2.8
1.56
10.4
5
18.4
0.8
10.8
0
10.44
0
10.92
-0.24
0.7
1.24
1.8
0
5.58
11.28
13.38
3.23
0
11.5
0
2.03
4.7
4.9
7.19
0
2.93
17
0.76
13.5
2.9
0
3.24
5.42
11.88
1.77
4.1
5.79
0.84
3.48
0
1.18
17.6
0.5
5.44
0
12.26
5.2
0
0
-0.48
8.6
12.78
5.7
2.55
2.3
0
0.34
1.3
1.4
1.29
0
5.6
0
10.44
0.6
14.4
0.82
2.9
11.52
0.2
14.16
0
3.64
6.85
0
0
3.59
0.3
1.47
0
0.6
22.82
0
6
0.7
7.4
11.64
1.25
4.99
1.71
20.1
0
4.9
3.98
0.1
6.6
0.84
0.48
0.2
2.8
2.29
0
0
17.04
10.3
1
0.1
9.2
1.8
26.5
5.44
3.88
0
11.6
4.22
0
2.52
1.6
2.1
0.5
12.43
2.5
0
19.67
38.75
6.6
9.24
0
21.83
7.8
0.12
0
0.51
9.7
1.44
2.8
3
0
1.89
0
25.26
0
0
13.56
5.08
2.7
1.6
4.54
23.41
1
4.44
7.7
0
0.85
7.08
4.38
0
7.72
0
0
-0.24
12.36
4.1
18.09
3.49
0
3.23
10
0.9
1.44
0
5.5
0
3.96
13.39
1.2
-0.24
2.73
3
26.34
9.01
4.26
0
13.54
3.2
0
28.86
4.52
0
0
24.5
9.75
8.88
9.72
6.23
4.92
0.4
0.48
0
0
1.51
3.74
0
1.6
0
12.4
0.08
-0.6
0.92
4.21
0
4.93
6.4
4.9
0
9.96
9.23
7.67
2.65
2.9
0.9
1.2
7.2
13.2
1.3
10.12
3.96
3
0
16.97
3.28
1.56
0
10.3
0
0
9.48
8.88
9
21.7
2.28
1.6
12
21.49
1.56
3.36
1.66
2.2
0
8.28
0
4.4
0
0.82
0.53
7.22
1.3
3.61
0
1.76
2.75
2.4
5.97
6.36
0
0
0.7
0
4.92
4.68
1.1
0.1
15.96
0.7
0.61
24.3
6.29
18.61
23.76
3.76
1.8
9.5
4.8
2.6
1.3
1.8
0
7.7
10
7.96
15.1
10.3
7.44
4.03
10.57
1.07
0.48
0
-0.12
17.57
0
3.81
0.2
0
1.28
8.32
10.5
4.8
13.3
0
8.16
0.52
5.9
10.45
1.06
14.9
19.68
0
0
0
4.1
3.9
9.74
0
5.9
20.04
8.9
0
15.6
0
4.08
6.36
0
0.11
23.7
8.39
2.2
26.42
1.6
45
1.3
8.99
0
10.3
-0.24
0
7.1
0.28
1.7
25.3
2.85
13.5
11.6
0
0.8
0
12.9
21.3
35
7
0
6.9
3.74
9.35
10.02
10.09
0
8.4
6
15.54
0
3.6
1.47
21.37
0
11.19
4.02
5.92
1.44
3.1
8.7
0
14.46
1.33
5.76
2.28
1.1
7.6
0.96
6.71
4.3
0
1.77
2.2
0
0.79
8.2
26.76
0
15.48
1.3
15.14
0.5
0
1.68
1.2
11
17.4
2.16
1.5
6.28
0.84
10.48
5.1
20.53
4.17
9.3
22.19
3.8
0
2.27
25.1
11.1
3
2.83
5.76
11.8
0.4
0
0
9.4
17.87
1.44
2.06
5.3
2
0
1.08
1.7
3.91
3.81
15.21
5.73
12.87
1.8
6.72
12.13
0.06
0
9.9
4
0.38
0
15.09
10.92
0
5.2
0
13.4
7.44
0.48
0.8
0.12
0
4.08
3.96
21.88
2.8
2.3
0.84
1.8
12.38
-0.24
2.1
14.21
5.1
-0.1
2.04
7.22
0
4.4
0.2
0
7
16.85
6.24
0.24
4.7
1.08
1.83
9.52
0.5
19.1
6.52
15.7
2.2
0.96
21.4
0
8.88
0
0
0
7.29
19.8
24.7
1.1
0
22.35
0
5.39
12.7
1.44
0
0
9.97
0
3.37
12.64
12.9
30.48
4.53
4.99
0
1.4
4.6
6.16
0.8
0
2.8
0
0.84
5.2
2.9
2.6
5.51
0
10.1
3.48
0
1.32
2.71
0
8.9
10.84
10.02
9.75
1
2.18
1.08
25.6
0.24
0
0
7.76
1.57
4.71
5.7
8.2
0.2
1.56
0
12.3
3.02
3.7
0
0.9
10.15
9.85
0.38
0
4.55
23.4
18.35
11.04
6.35
0
3.2
3.8
1.9
0.18
0
0
19.8
0
1.81
13.3
10.4
3.84
2.54
7.56
2.18
0
1.1
0
10.7
1.89
7.64
0.9
0.16
2.03
0
7.12
0.8
2.64
0
0
3.67
0
6.7
4.49
9.03
0.7
29.98
1.4
4.72
16.67
15.36
4.71
0.72
8.3
0.8
0.8
-0.26
0.2
10.7
6.6
0
15.1
1.5
0
0.1
2.88
18.96
7.3
1.45
1.97
0.24
18.47
7.2
5.2
0
1.84
2.29
1.8
2.72
6.43
0
8.9
0.67
-0.08
1.92
5.2
7.5
3.9
5.28
5.5
2.52
7.57
3.84
1.04
8.3
8.38
1.71
-0.24
1.87
0
1.4
4.78
1.2
0.48
11.1
3.08
1.93
4.1
5.97
12.4
13.1
9.66
0
1.92
10.56
0.82
9.4
7.5
6.4
25.7
5.1
42.89
4.04
4.87
16.24
0
2.03
1.02
0
0
11.05
1.56
9.4
0
4.52
1.8
4.3
2.76
0
4.1
4.07
8.66
4
10.9
4.4
0
0.3
1
13.1
14.01
0.3
-0.12
6.4
3.6
0
7.34
0.65
1.6
0
22.5
2.5
3.5
4.3
13.8
1.36
14.4
3
13.32
0.8
2.2
3.47
1.3
9.96
6.35
16.4
4.46
7.35
11.8
2.4
0
5.8
0
3.78
17.47
8.9
9.24
0.2
0
3.8
9.1
7.32
0
0
4.32
0.6
0.1
10.9
11.04
2.4
0
1.8
-8.44
0
2.07
0.69
12.36
15.85
5.4
15.12
2.5
6.12
2.9
1.6
1.32
3.1
0
0
13.26
6.95
0
4.95
19.55
7.1
24.85
1.8
0.95
0
2.25
0
8.1
1
13.86
0.4
4.93
0.4
1.3
11.2
34.68
4.6
9
12.24
0
10.1
0.3
0
4.9
0
4.98
0.6
0
2.43
3.08
-0.08
0.7
4.75
9.76
3.4
0
-0.13
19.7
2.84
5.98
0
