14.85
7.56
15.56
3.7
0.7
5
7.5
2.15
0
2.36
2.2
3.84
6
11.32
9.4
0.1
4.84
26.3
0
1.21
0.3
11
13.8
3
5.3
2.54
2
9.3
3.3
0.36
0.96
0
10
1.68
4.5
2.18
2.75
14.58
2.3
2.49
4.3
0
8.13
0.06
3.37
7.2
8.22
0
0.6
7.91
0
8.64
0.7
5.88
3.87
0.63
3
0
7.5
10.33
4.1
1.7
3.07
4.5
1.2
15.4
0
2.3
4.29
0
7.24
2.69
42.5
0.96
9.96
4.08
1.83
1.6
0.7
2.08
1
2.18
8.3
12.95
6.14
2.3
14.2
34.56
2.4
4.6
11.62
0.84
1.28
14.2
15.1
0.06
30.24
0
1.36
0.1
0
16.56
8.84
0
2.06
0.3
9.8
10.35
1.8
3.7
3.24
15.36
0.84
10.98
0.1
1.6
8
-0.01
3.9
8.5
2.28
0
2.84
5.07
19.32
9.02
5.9
0
7.8
0.51
3.37
0
2.05
20.63
0.84
0
12.42
5
6.59
0
0
14.47
0.26
9.1
0
6.84
1.46
7.87
18.56
0.2
20.01
3.12
0
2.4
6.4
2.43
1.31
7.3
1.6
2.85
0
14
10.9
5.3
3.01
3.99
0
10.3
4.44
0
11.37
3.1
7.08
1.36
3.4
2.18
3.4
3.4
1.43
2.7
9.46
1.66
19.8
1.6
0
14.78
5.64
0.1
7.36
0
1.8
3.73
0
0
5.13
1.47
0
1.8
3.17
16.68
3.5
1.36
1.57
0
2.8
0
1.4
2.65
14.6
0
2.08
0
14.89
9.1
0
5.4
0
-0.12
2.3
0
6.57
24.24
0.84
0.24
3.77
0
1.2
8.55
6.59
2.28
0
4.46
0
10.5
0.8
28.46
3.36
1.7
21.41
2.78
0
6.3
17.52
0
17.21
10.48
1.24
20.1
0.1
13.79
13.44
1.9
1.5
0
6.16
9.7
3.12
0.65
2.4
0.6
6.8
1.22
0.4
15.18
5.1
0
1.85
12.8
4.8
11.04
1.56
20.52
6.59
2.78
0
0
0
-0.58
0.2
5.76
7.96
5
0.79
1.8
0
22.9
25.68
8.3
6.36
7.9
0.03
0
0
19.02
0
0
0
3.5
13.49
5.64
2.64
0
6.48
0
8.88
8.34
0
16.08
1.3
5.51
1.56
0.2
1.9
5.76
1.56
0
3.49
10.68
0.6
0
8.81
3
12.6
0
0.4
1.07
0
6.9
0
0
2.21
4.4
16.68
8.63
3.6
1.2
1.91
0
7.2
3.82
6.65
0.8
1.48
0
4.46
5.2
3.69
4.8
34.1
4.4
16.5
2.19
0
9.72
3.75
0.55
0.2
0
4.68
2.8
6.15
1.8
16.91
30.6
9
5.76
11.16
5.8
7.5
19.36
4.03
0.1
8
1
5.04
0
6.8
7.2
2.82
0
0
0.7
0
0
4.8
1
0
0.66
5.4
3
5.4
1.6
5.4
7.9
0.1
5.32
3.51
5
0
15.95
7.6
1.3
4.08
0
7.74
13.26
4.5
7.67
4.8
0
1.5
16.2
5.8
0
12
0
0.48
3.82
2
10.45
0
1.14
0.5
20
1.5
0
6.72
13.76
1.92
1.89
9.7
1.65
20.76
-0.24
0
1.8
0
3.2
17
0
0
-0.48
39.53
1.84
0.58
0.3
0
4.57
0
10.3
11.81
1.8
2.17
0
16.33
0
5
1.2
12.75
3.36
5.4
0
19.32
5.05
10.4
0
9.22
0.8
2.72
4.8
0
0
0
6.84
0
5.8
3.28
6.71
0.8
7.5
1.43
15.17
7.26
3.95
5.01
0.9
0.72
3.6
8.28
4.6
0
19.08
3.4
5.32
0
0.24
0
1.8
0.79
5.16
0
1
7.34
0.3
1.5
0
2.88
4.2
6.76
0
11.65
1.59
2.8
3.36
10.3
19.4
4.8
20.27
0
4.7
17.04
0
15.64
1.3
6.6
1.2
0.1
12.7
0
2.34
3.3
1.1
20.52
11.75
9.12
11.65
3.3
3.96
3.96
0.66
1.4
6.76
0.51
4
0.5
12.5
16.89
1.1
0.3
0
0
5.4
18.44
0.06
2.28
2.4
23
5.28
1.2
5.28
6.8
0
0
2.31
1.08
10.44
6.52
3.26
4.46
0
1.87
4.7
2.54
6
1.3
11.5
0
1.7
9.84
6.8
1.32
7.2
13.92
8.2
0
2.76
13.31
6.6
2.4
11.2
2.74
1
0.06
9.2
8.6
8.2
4.9
0.72
13.2
6.28
1.2
9.5
0.6
2.8
6.8
0
0.24
5.2
11.3
3
5.52
9.53
8.65
8.3
15.29
2.3
3.48
19.75
5.1
9.12
1.65
0
0
1.33
5.49
0
0.5
3.05
6.78
0
6.28
1.5
0
15.1
10.9
14.3
2.87
0
23.5
17.92
5.88
26.18
14.88
6.72
4.46
10.22
2.4
7.2
3.7
0
0.1
0.87
4.46
4
5.88
0
-0.06
3.23
2.7
1.9
15.63
1.44
20.4
1.84
6.3
6.28
0.36
5.4
5.3
3.9
9
0
13.1
3
0
3.41
9.2
0.5
0
13.49
0
5.2
0
2.75
0
0
1.9
0
0
15.8
6.2
-0.3
0
0
7.08
6.1
0
2.01
1.7
7.23
4.22
0
14.83
0
0
6.18
2.58
10.9
3.5
0.02
3.12
33.9
3.2
6.4
1.62
0.06
13
1.4
25.1
4.36
0.6
9.3
0
0
0
1.14
7.6
0
2.4
-0.22
10.8
8.3
1.8
3.1
0
0
0.24
0.5
1
7.08
1.8
0.9
10.2
0.3
4.64
6.36
1.2
8.7
13.4
15
0
0.9
1.4
1.4
35.2
12.01
5
0
13.68
1.8
0
0
1.6
4.59
1.32
26.76
2.7
0.2
6.33
0
2.18
7.2
0
0
0
3.36
0.82
6.84
9.67
0
0.73
1.2
2.64
0.81
9.4
24.3
22.6
6.07
6.72
0
4
0
4.9
0.17
4.99
4.2
13.09
0
2.86
1.3
0
0
1.69
4.4
6.95
10.24
6.05
8.9
3.37
0.06
1.67
6.25
0.6
1.9
1.21
0.48
9.9
7.2
5.2
0.3
13.26
2.76
10.3
5.96
5.63
15.12
9.4
1.1
0
27.96
2.79
0
2.2
10.32
0.36
5.49
0.96
0
3.83
0.03
3
9.5
0
0
2.03
8.6
0
15.71
8.82
1.3
2.3
6.6
11.2
12.13
5.64
3.14
3.73
0
2.3
8.88
7.64
9.01
10
7.7
1.29
5.79
7.85
0.06
0
12.2
0
2.27
17.61
2.3
14.87
-0.16
-0.58
9.6
7.96
13.83
5.76
13.69
17.73
-0.15
7.07
0.2
2.47
4.9
14.75
0.6
0.2
2.4
0.36
0.46
0
0
5.4
18.04
0.1
3
0
9.06
2.16
7.6
9.04
2.55
8.8
6.36
0.2
14.8
44.3
-0.24
0.18
6.47
3.75
5.1
11.53
-0.02
27.6
12.5
13.44
10.42
0.9
6.72
0
3.93
2.28
3.8
0
23.16
0
7.5
4.16
8.8
15.36
4.3
0
22.78
1.8
19.07
5.51
0
0
27.6
4.2
29.04
5.16
0
2.2
14.6
1.1
0.96
1.84
0
8.52
10.59
0
11.4
4
7.5
9.1
0
2.2
2.64
0.4
2.9
14.1
0.9
1.5
16.2
8.66
2
5.4
9.3
20.22
4.6
1.2
7.92
0
17.2
0
0.12
0.42
13
0
9.8
2.51
0
2.9
0
15.04
5.68
5.4
1.67
0.8
9.25
0
29.9
3.7
0
2.01
0.72
0
10.82
1.32
0
9.1
7.19
7.89
0.3
0.52
13.88
24.1
1
7.11
8.9
1.2
8.1
17.65
6.3
17.5
0
19.9
2.2
0.6
0
10.6
-0.48
0
30.84
4.9
0.71
2.1
2
9.13
14.42
3.21
1.8
8.4
0
0
2.28
0.15
0.78
0
1.39
6.4
3.3
6.35
0.26
6.2
20.2
12.93
17.61
0
0.3
14.58
3
15.48
0
1.2
1.6
24.49
1.12
16.46
0
0.45
4.65
5.5
12.59
6.12
1.96
9.4
1.91
1.32
4.32
0.69
8.21
8.5
2.64
2.52
4.8
0
4.8
8.7
33.6
2.4
2.3
2.4
16.41
6.2
1.78
0
17.28
3.3
7.3
0.86
25.5
11.68
0
3.36
10.94
33.96
8.34
7.73
7.29
-0.3
21.6
1.5
0
11.03
27.08
9.26
1.57
3.06
0
6.64
10.28
15.96
1.57
1.2
0
4.85
17.1
14.9
19.1
0.15
1.4
2.88
0
1
1.1
1.4
6.47
0.7
12.27
17.02
5.08
0.1
1.84
11.87
2.5
0
1.38
4.2
15.3
4.57
10.1
0.5
4.32
0.12
0
6.8
0.78
7.93
1.2
1.52
5.39
9.15
11.9
3.41
0
4.53
0.4
1.8
3.37
2.3
4.56
17.99
3.36
6.84
13
6.5
13.5
0
3.54
3.8
19.81
0.94
9
4.44
0
7.6
4.1
4.3
17.41
2.75
0.5
2.87
0.6
1.2
0
2.66
2.86
5.69
4.6
13.67
0
2.64
2.03
23.04
11.99
2.21
14.28
0
0
5.99
0.63
0
1.4
13.2
-5.54
0.1
6.12
3
7.2
2.6
11.19
7.29
3.23
6.69
20.5
9.3
3
0
8.88
15.28
0
1.68
11.06
3
9.3
0
1.51
0.6
10.92
14.8
2.1
14.16
24.8
0
2.76
5.79
2.88
8.09
3.9
14.45
0
5.64
0
-0.36
5.04
3.15
1.91
2.59
0.7
2.43
0
2.6
12.42
1.19
1.18
24.5
-0.58
9.2
12.48
2.7
0.3
0
0.44
0.8
9.24
0
15.16
0
-0.02
2.88
6.12
0
3.25
0
35
0.7
0
0
13.1
0.5
1.6
2.3
7.62
1.2
0
0.48
2.29
6.12
4.92
0.57
7.8
6.37
5.7
0
0.59
11.03
1.9
1.48
41.23
9.08
0
5.64
1.5
1.2
13.44
10.3
1.4
9.01
5.8
14.07
0
0.4
18.96
0
8.8
5.88
0.3
12.36
0.6
27.24
2.16
5.3
12
0
5
0.74
0.3
1.6
5.6
2.66
0
8.8
4.68
5.2
1.68
6.17
3.85
6.65
0
1.2
8.41
2.31
2.76
0.4
10.44
4.7
2.25
0.96
0
1.6
6.1
2.5
0
2.76
2.13
10.13
2.06
6.17
11.9
4.2
5.49
7.08
13
10.98
1.79
0.6
6.48
27.9
1.45
6
1.44
1.25
0.3
0
0
4.98
15.96
3.3
8.48
6
0
4.88
1.55
4.3
0
7.32
14.4
0
13.08
12.5
0.76
3.52
0
12.13
0
13.5
2
4.69
1.1
2.64
4.61
2.02
2.24
10.8
1.4
0.9
0
19.23
4.4
1.89
1.07
17.77
10.76
20.28
14.87
4.92
5.86
3.93
0
10.5
4.3
-0.27
0.6
11.64
16.62
1
8.2
2.2
0.4
9.16
2.5
9.4
0.38
7.17
6.5
0.6
17.2
1.1
1.6
0
2.16
13.34
0
4.46
12.27
10.2
11.4
30.1
0.6
0.16
0.45
35.89
3
1.77
0
7
3.96
7.6
4.53
0
0
24.4
1.33
1.2
21.9
0.8
0.03
3.1
8.6
0
1.83
10.24
4.78
1.4
2.15
0.82
7.59
1.62
0
2.17
6.48
2.77
0
2.1
0
1.3
13.26
7.1
7.29
2
7.5
5.49
1.05
5.25
3.7
15.96
15.42
0.72
1
4.7
1.5
3.94
1.3
2.88
9.04
8.99
3.88
0.37
17.49
2.64
2.1
40.33
0
9.28
0
4.53
12.3
2.33
0
9.12
8.99
8.89
8.7
3.96
5.2
12.4
8.2
3.47
1.5
7.2
0
15.42
4.6
0
2.04
0.3
2.64
4.91
1
22.8
1.14
11.32
3.96
1.56
0
0
0
0
2.13
0
17
5.6
0.1
0
1.8
1.8
1.24
12.1
3.1
0
4.9
8.25
3.24
5.4
9.93
0.5
1.2
6.2
0
22.55
1.32
1.61
9.04
7.6
10.9
0
5.5
3.46
1.5
14.1
1.66
7.06
0
1.8
1.8
0
0
1.08
3.93
0
3.37
2.75
5.44
7.5
0
2.3
11.4
6.48
14
31.2
12.28
5
1.7
1.07
10.72
0
1.8
2.15
1.42
24.78
0
0
2.04
12.12
3.84
0.84
0
1.44
4.97
0
0.72
0
5.4
4.7
19
7.8
6.1
9.9
2.1
18.84
2.4
1.32
0
0
4.56
1.1
3.26
13.8
5.32
1.73
0.7
6.49
15.34
4.3
6.7
0.88
9.34
6.77
1.5
15.6
0.9
1.56
2.88
0.46
26.88
1.8
0.72
0
0
0.66
1.1
9.12
1
0.4
7.86
17.21
0.5
-0.48
0.5
8.25
5.6
0.4
2.5
1.1
3.36
0.2
0
2.16
0.13
0
4.44
1.48
0.3
2
28
23.31
14.82
0.13
5.52
0
0.4
0.2
5.8
0
0
0.16
4.5
11.76
22.95
11.3
1.48
0
0
6.07
6.6
1
2.89
6.85
6.11
10.6
5.4
0
10.3
19.79
1.44
1.7
0
2.4
14.5
9.2
7.72
3.96
12.4
1.12
1.36
1.3
2.15
6.72
6.2
13.02
0.12
4.9
28.44
7.31
0.76
4.66
1.81
3.8
6.5
31.3
0
0
0.96
4.26
0
16.68
0
10.93
12.91
4.7
40.5
12.7
0.66
1.64
3.13
4.3
0.27
19.12
15.96
19.74
0
13.1
5.04
8.79
9.96
0.18
7.32
3.96
1.08
3.7
15.06
1.75
3.12
3.07
7.6
2.08
0.24
20.01
1.06
0
20.25
21.73
3.36
1.2
6.95
4.6
0.5
0
3.31
3.07
6.12
4.46
0
1.3
13.8
2.25
1.56
0.98
13.56
6.7
0
2.2
0
0
0.6
13.44
15.72
0.6
1.5
4.28
4.2
2.4
4.53
0.81
1.2
1.3
16.91
9.15
7.44
0
0
14.6
2.7
1.4
0
7
4.4
2.11
7.27
13.73
6.9
2.9
0.36
0
10.21
-0.12
-0.3
39.99
5.3
10
4.5
1.92
0
9
4.33
5.6
5.28
1.8
1.6
8.72
0
1.56
11.4
0
3.1
5.28
4.5
1.41
18.07
24.49
10.4
0
2.65
7.6
5.1
1.6
0
1.9
18.57
5.4
1
3.1
1.91
2.9
15.29
17.9
18.37
0
12.3
0.35
0
1.56
0.1
0
0.98
27.7
14.29
0
17.5
5.2
1.83
0
5.95
4.5
4.01
1.32
-0.04
0
3.92
1.7
6.84
2.3
2.6
4.96
1.9
2.01
4.56
7.24
0
8.76
4.98
3.49
20.5
16
0.39
2
12.8
1.7
2.4
6.28
2.1
14.91
16.3
0
10.92
12.2
0.7
1.8
4.36
0
12.67
14.03
0
0
6.72
18.7
4.36
0.9
1
25.08
10.75
7.36
28.8
4.1
1.44
0.7
0
26.82
6.24
5.15
0.1
4.2
13.2
0
0
6.45
1.57
0
11.25
7.2
0.3
11.6
7.6
9.5
3.1
20
2
1.4
29.5
21.25
0
0
0.39
2.55
1.6
8.3
14.1
0
1.5
5.6
11.3
1.8
1.92
2.45
9.4
9.6
17.49
1.4
0.2
2.4
7
25.94
2.3
14.6
0
0.36
0.6
0.25
0.5
0.1
0
1.5
15.26
11.39
0
1.1
0
0.4
1.4
15.12
7.5
0
5.35
0.9
3.04
0
0.2
12.75
0.72
0.5
3
1.4
4.44
3.1
2.68
16.79
18.73
1.2
-0.12
0.97
10.68
3.26
1
19.2
1.8
13.08
0
1.3
1.44
9.88
10.9
0
1.92
1.91
0.9
1.41
11.19
23.3
2.25
12.42
0.48
1.3
4.5
1.29
1.3
2.1
1.3
1.4
2.52
28.92
5.2
0
5.48
0.76
0
0
0
4.1
4.7
0
1.22
0.9
0
-0.01
8.77
1.6
0
5
0.2
12.38
1
11.33
7.74
7
0
7.3
0
0.6
8.5
0
2.28
0
2.55
0.44
0.72
0
3.2
1.36
9.59
0.28
0
3.8
7.6
3.5
9.5
12.84
-0.08
0
14.22
8.5
19.32
0.2
1.15
14.5
3
2.85
5
24.9
1.66
0
2.56
12.45
0
10.42
11.68
3.23
10.08
2.8
0.9
3.8
0
15.3
10.9
8.11
0.2
23.38
9.48
4.4
30.24
0
7.38
0
7.9
4.18
1.44
0
10.4
-0.2
2.34
5.6
9.49
15.78
0
0.12
6.88
9.36
0.24
0.4
1.2
1.71
1.85
0.5
26.88
0
1.5
25.8
2.32
0
15
2.28
5.2
0
3.13
4.51
3.42
0.6
0
7.67
3.96
9.2
0
1.54
3.9
0
19.24
30
0
1.9
6.1
0
4
11.09
2
2.93
9.48
1.25
2.25
1.2
0
22.1
26.4
0.7
2.65
0
6.69
1.75
18.6
29.51
12.92
0
1.29
0
0
3.94
10.1
6.24
0
12.63
15.4
0
1.2
1.4
1.26
2.43
0.09
12.54
1.79
4.01
1.4
5.32
1.32
7.1
0
17.1
0.96
0.9
4.4
1.98
29.4
1.85
3.48
-0.5
13.99
8.01
0.12
0
38.5
23.17
1.8
0.36
0
13.19
7.5
0
24.4
7
0.8
10.21
5.88
7.18
2.28
10.2
17.05
0
23.4
2.07
1.5
12.25
4.8
6.9
7.38
17.1
0.8
11.52
3.16
33.33
2.3
6.3
2.18
0.2
5.9
4.6
0
0
1.56
1.6
1.92
1.4
1.46
5.52
0
4.69
1.57
25.7
1.2
0.9
0
7.7
1.14
0.42
1.2
3.2
7.92
19.74
3.74
8.1
2.73
12
1.7
13.95
0
4.8
3.49
2.11
4.46
1.5
5.9
1.5
2.16
0
0
0
3.6
0.8
3.08
6.8
4.51
4.77
16.12
12.24
21.13
0.8
0
9.71
2.15
2
0
0
0
0
7.07
9.96
2.24
2.16
6.3
32.74
12.52
1.8
0.1
0
1.67
1.6
0.1
18.77
0
4.88
0
6.89
-0.1
0
1.27
11.34
2.76
4.2
7.84
21.13
0
0
6
17.5
0.1
8.76
0.2
9.36
11.29
6.4
1.44
0.3
4.78
0
3.85
2.8
2.36
0.79
2.76
0
0.87
0
1.7
25.56
0.6
2.98
6.87
4.84
0
0.79
0.6
5.35
6.36
11.5
6.9
4.4
5
0
1.3
1.07
1.8
13.14
22.68
10.17
0.1
5
5.91
7.6
7.98
17.16
14.14
0
12.6
2.85
0
0
1.88
15.83
0
0.6
10.41
0
2.9
23.41
34.92
0
0.72
22.8
4.7
1.23
0.8
15.24
10.5
2.9
5.7
1.68
1.71
3.68
0
15.91
0
2.26
0
1.1
4.6
1.6
1.1
30.6
0
5.69
0.45
0.3
1.3
9.1
1.3
2.03
0.48
5.28
0
0
13.9
4.89
16.2
0.2
23.05
2.1
7.7
0
4.44
9.59
2.52
40.66
2.27
34.45
6.04
0
2.4
5.4
13.7
4.6
0
12
0.76
17.66
8.29
10.05
0
0
17.33
7.55
1.4
15.3
4.68
1.84
0
7.9
7.5
5.4
0
6.49
0
0
6.78
0
23.16
1.38
3.57
1.44
1.8
0.45
3.36
0
2.73
0.55
17.6
10.12
2.8
6.47
0.5
2
6.36
6.68
3.9
17.38
0
21.71
1.3
15.24
2.86
0.6
23.6
0
6.72
1.46
2.7
2.4
6.96
20.8
0
4.54
9.2
29.05
3.36
0.6
14.94
0.35
1.2
0.12
4.46
10.9
27.7
0
2.72
26.4
5.28
0
0
0.24
2.3
1.22
4.32
26.65
1.3
0
-1.14
14.5
10.1
0.24
0.58
0.7
1.43
25
2.8
12.17
9.11
24.3
6.95
0.1
4.74
7.5
14.5
15
0
16.62
5.58
1.6
2.3
9.57
7.67
8.4
5.2
2.89
16.4
2.4
3.8
0
-0.03
5.7
0.2
0.48
0.9
3
4.1
0
0.8
6
1.32
7
3.72
9.84
4
0.84
0
6.9
1.34
7.72
0
0
0
0
0
1.33
0.24
2.34
8.9
0.4
3.58
1.3
13.2
18.4
0.6
14.39
1.79
0
13
3
12.6
0
1.44
16.9
0
1.4
17.2
1.54
0
2.3
13.21
3.3
0.1
13.82
3.4
18.57
4.3
1.59
13.2
8.87
1.92
0.96
2.28
1.68
5.28
2.2
1.5
0
5.4
7.39
7.8
10.1
0
5.52
0
0
2.68
1.14
4.2
2.19
25.06
4.2
0
1.22
1.8
1.08
1.85
0.26
0.1
1.5
13.2
1.8
6.84
0
1.68
7.7
6.24
1.8
0
2.2
-0.01
13.1
0.1
5.04
1.7
1.3
41.16
2.2
0
3.45
24.96
4.7
0
10.72
-7.24
5.38
4.8
1.68
6.96
1.13
0.7
16.36
6.9
9.3
4.5
2.76
4.44
5.57
2
7.52
2.99
2.28
1.91
0
7.3
2.4
7.1
12.69
2.2
1.36
2
0.6
10.32
1.26
1.51
0.97
3.48
3.9
0.7
0
0.42
7.2
0
4.53
1.07
0.96
0
11.4
0
6.24
13.3
2.56
0.42
21.86
2.76
11.01
6
11.65
1.44
0
3
36.61
2.77
21
8.15
8.34
4.1
7.44
30.32
3.95
30.86
0
1.1
9.4
2.9
0
15.8
4.44
9.12
0
20.1
4
0
12.85
0
6.9
1.19
1.3
0.72
5.45
3.45
1.35
0
12.95
0
3.3
0
0.4
0
0.1
3.36
12.24
8.87
0.8
4.45
4.25
0.6
1.8
6.24
7.8
8.7
10.5
14.66
14.7
0
0
6.36
0.35
19.76
2
0.72
0
13.2
1.3
6
3
22.2
3.8
10.79
0
26.5
0
9.76
3.92
4.58
5.96
0.11
3.57
0
0
1.7
4.3
26.9
0.1
4.57
2.52
11.6
26
5.64
4.1
2.28
7
0
3.72
-0.11
3
0
25.68
2.15
8.89
12
1.32
0.68
0
7.6
0.6
12.49
0
0.9
0.9
9.79
5
2.1
1.2
4.36
5.1
11.5
0.42
6.36
3.35
0.81
10.13
3.1
3.4
1.57
3.97
0.2
9.84
4
8.1
5.52
0.99
1.46
0.52
1
4.56
6.61
2
2.28
1.32
2.8
3.6
8.66
2.16
8.4
1.66
20.16
0
1.45
1
0
5.4
1.5
3.2
1.84
1.1
8.52
0
7.58
13.68
0.2
15.4
7.6
3.5
2.28
6.5
0.4
26.4
4.85
0
3.98
0
25.24
0
5.5
0
16.55
0.84
10.4
1.4
1.4
32.2
30.94
0.5
22.57
1.12
2.9
1.9
0
3.5
16.5
0
6
18.19
3.14
2.7
0
26.8
3.58
0.8
24.2
1.85
30.61
1
0
17.6
0
0.4
11.76
3.1
0
1.6
3
31.58
26.6
12.35
0
12.97
0
0
3.51
1.29
0
-1.08
1.76
2.6
0
1.6
8.88
12.4
0.6
0
3.58
7.36
10.71
15.61
3.37
0.36
8.84
0.3
1.19
0.76
15.24
1.08
4.47
6.48
3.6
16.79
1
1
0
4.02
9.48
7.6
4.5
2.85
14.32
6
2.52
0.6
4.68
12.88
6
0.04
17.4
1.76
1.8
5.4
-1.43
0
10.3
0
0.48
23.04
21
2.43
3.5
6.76
2.6
8.2
1.31
9
0
0
0.49
0.72
2.8
11.6
3.36
10.39
0
1.8
14.17
0
9
1.2
3.63
1.2
0.84
9.1
0
7.84
26.94
2.96
3.6
2.8
7.7
4
0.2
6.96
0
10.3
2.64
25.08
0
0
7.75
4.49
4.21
8.69
24.2
7.8
6.4
3.38
9.37
0.3
5.56
2.28
2.76
5.56
4.71
5.67
4.2
34.91
1.42
7
3.42
0
19.21
11.7
0.36
2.88
2.8
0
21.23
5.88
2.89
10.6
7.28
29.96
0
0
-0.07
5.96
1.65
11.9
2.09
6.72
5.2
7.08
4.56
3.07
7.8
0
0.3
0.6
29.28
8.2
18.64
0.45
0
0
26.22
6.48
8.3
3.1
3.12
9.24
0
0.84
4.2
6.16
5.9
0.36
0
10.3
24.5
11.05
10.21
0.1
0
7.56
6.47
32.1
3.16
0
0
-0.6
11.6
1.87
8.54
33
16.68
4.84
1.51
7.1
0.46
1.8
1.56
3.12
0
13.2
0.72
2.6
16.07
3.4
0
10.9
19.31
2
2.7
8.71
1.1
12.4
15.24
2.28
5.85
5.28
5.97
2.2
10.93
2.88
9.1
0.4
0
0.1
0
0
10.2
19
-0.17
1.2
3
0.57
1.3
3.24
1.32
2.6
3
0.14
15.6
1.68
1.36
9
6.36
0.16
-0.6
0
2.32
1.8
0.2
3.3
2
0.4
1.24
1.84
5.4
5.4
17.64
22.7
13.56
4.08
3.77
1.44
2.31
0.84
6.88
0
12.76
1.7
12.5
3.1
7.92
0
0
7.5
3.04
2.4
7.51
3.8
6
0
2.9
6.3
0
0.36
11.28
0
9.55
4.9
2.01
17.76
4.44
0
0
11
2
0
0
8.31
7.7
4.2
4.2
8.74
0.6
7.2
10.8
0.74
4.5
2.67
2.04
2.9
5.52
8.88
2.42
2.8
10.58
2.7
0
0.3
1.47
0
9.1
0
3.98
0.1
14.63
8.08
0.71
0.8
18.2
0
0.4
2.4
4.6
-0.98
17.58
10.32
15.32
6
5.75
0.2
5.35
0.31
24.72
13.32
0
4.8
0
14.1
0.34
-0.1
1.5
0
2.2
17
0.59
0.1
14.3
2.1
0.4
5.76
0.3
6.1
0
1.6
0
0
1.7
5.32
14.44
13.92
42.8
5.5
4.3
7.6
0
1.91
5.1
9.1
17.8
1.56
18.5
4.5
20.95
21.2
26.52
0
5.64
2
24.76
7.32
1.3
22.4
0
1.84
39.75
1
4.1
24.25
0
17.88
0
6.92
-0.02
14.7
13.12
12.84
5.1
1.1
2.28
0
1.91
1.6
3.18
0
8.05
2.28
1.3
17.87
9.12
2.5
2.6
15.52
0
5.7
0.1
13.9
5
0
0.88
0.85
9.14
4.68
3.8
1.54
2.77
1.2
7.1
0.8
0
0.7
11.9
9.5
0
3.6
3.52
-1.43
0.94
3.13
4.8
0.48
20.4
4.5
0.3
0
2.93
0.2
0
0
0.71
6.4
6.91
0.24
0
2.42
6.12
8.43
0.1
4.08
0
22.38
9.23
11.83
16.3
7.5
10
0
6.86
12.5
0
1.8
3.12
2.8
3
0
1.3
6.01
0.6
27.97
5.16
1.2
0
2.28
16.4
2.8
8.75
8.97
10.7
1.75
15.42
1.84
1.96
30.72
-0.29
8.01
11.9
1.36
22
1.8
27.84
0.6
0.37
9.9
12.67
17.9
10.1
0.74
0
0
27.3
1.65
20.73
6.9
2.13
0.61
2.6
5.4
7.18
0.6
0.21
29.4
0
4.81
2.6
15.33
6.48
1.6
2.3
1
10.3
0
14.1
5.88
5.25
0
46.75
24.21
0.58
5.4
4.34
3.74
13.2
0
7.4
3.49
2.66
2.16
8
1.59
1.6
2.73
14.28
4.7
3.07
0.9
18.38
1.6
1
2.52
1.17
0
6.9
3.96
1.09
9.6
3.2
0
9.2
26.88
0
0.12
0.5
0
8.9
5.5
1.56
0
5.22
5.02
0
7.8
0.7
3.13
0
6.5
16.22
9.5
13.26
1.5
15.11
-3.42
23.8
19.38
2.8
1.8
1.4
15.25
3.94
14.88
3.02
1.88
0
4.5
4.16
0.49
2
0.1
3
5.24
0
12.62
-0.1
1.2
15.12
9
2.15
15.18
13.9
2.28
10.77
2.8
2.13
1.5
3
21.7
5.86
2.6
29.52
17.81
1.58
5.6
0.04
1.8
6.88
0
3.56
0.2
7.43
0.18
14.8
16.56
26.07
1.7
16.44
16.24
15
8.64
0
10.59
8.4
1.28
1.44
1.58
1.26
0
7.13
3.37
24.64
1.44
5.6
12.18
3.54
7.72
0
2.34
0.36
0.7
0
1.31
1.84
0.3
3.74
6.64
7.06
28.69
0.72
10.08
0.9
1.08
0
10.69
12.36
11.52
8.45
10.4
3.8
3.25
2.7
4.51
5.3
3.4
0
3.1
12.14
0
13.2
0
6.98
9.4
0
1.44
6.97
6.32
1.6
6.71
11.08
2.3
25.32
-0.2
5.4
3.54
5.8
7
0
3.6
0
0
0
12.85
3.5
0.8
9.47
10.4
8.07
7.04
0
0.71
5.1
0
0
5.53
-0.6
0
0.87
3.4
3.54
14.04
6.72
6.6
0
11.46
0.6
1.8
0.95
14.4
15.87
33.44
18.4
3
2.28
0.8
4.44
0
7.48
2.43
13.38
0
3.36
2.22
1.3
3.88
8.4
10.1
12.96
20.66
0.5
1.71
0.49
0.5
9
27.9
0.84
2.06
2.03
1.5
11.4
0
17.68
0.9
13.35
10.38
4.51
6.1
7.9
0.7
8.9
4.9
2.8
12
0.2
6.83
15.9
3.8
16.44
1.6
0.26
21.35
0.6
3.34
4.1
0
2.03
1
0
8.61
0
2.81
15.52
2.9
1.5
0
19.19
8
1.4
5.04
0
7.2
3.26
-0.1
4.28
1.9
17.73
0.79
1.27
5.6
2.11
2.9
0.36
9.36
5.43
17.89
3.6
0
12.47
6.84
3.4
13.07
1.59
6.58
21.12
10.32
2.82
4.44
0
2.7
2.8
0
0
2.7
1.78
0
8.5
2.5
1.68
1.75
1.5
8.64
6.72
1.42
2.8
27
1.07
14.31
0.12
12.42
1.56
4.1
0
9.76
0.48
22.2
9.66
3.1
3.6
6.21
18.43
2.85
10.51
6
0
1.07
11.77
0
6.16
0
26.16
2
3.4
0.12
16.2
4.3
4.65
18.24
0
1.69
0
5.9
2.4
0
6.8
6.84
19.6
0.1
13.95
10.35
2.5
0
7.2
10.9
4.98
3.68
25.5
1.7
8.7
7.31
2.2
-0.43
1.8
0.3
11.27
2.88
36.84
14.1
0
11.03
0
3.2
0
12.85
1.27
10.91
0
7.7
1.56
1.69
18.36
2.04
2.9
8.88
18.3
3.5
8.7
7.17
1.2
6.6
0.36
3.72
3
9.4
8.76
13.2
2.18
0
16.19
0
7.84
2.64
0.38
5.64
13.35
3.9
2.7
8.16
9.84
14.48
17.6
1.8
8.5
2.5
8.9
0
5.6
1.48
12.36
0.9
31.1
3
9.8
0
2
0
0.06
1.5
0
2.3
0.66
8.63
0.09
4
6.61
0
1.07
9.25
1.8
1.9
4.68
3.37
5.3
0.66
0
6.34
1.68
28
1.06
0.7
9.2
0.6
7.81
0
2.4
0
9.12
0
0.3
3.1
5.44
3.87
0.38
1.68
5.12
0.12
13.3
0.12
28
0
0
0.02
0
0
0
0
0.67
11.77
8.3
0
17.17
0.1
2.4
3.1
5.1
0.98
0
10.69
0
1.92
16.76
0.3
0
5.64
6.9
10.5
5.8
8.1
11.89
0.96
26.7
1.35
0
1.3
4.36
-0.5
4.68
1.8
2
1.2
6.96
2.52
2.43
4.1
12.96
4.7
3.72
8.04
0.06
3.8
2.66
20.8
0.06
1.8
0
2.19
5.48
1
0
20.82
0.72
4.2
6.18
6.47
0
7.89
0
0.8
8.5
22.6
2.18
0.2
10.32
9.21
2.8
8.1
5.22
1.95
4.26
2.82
0
7.3
6.72
0.73
0
5.46
7.7
-0.24
25.23
0.5
0.3
0
0
13.24
6.21
0.5
5.05
6.83
8.04
2.28
4.96
6.8
8.6
0.06
4.08
5.37
16.81
2.39
3.12
3.5
17.52
1.1
8
16.75
20.88
0
12.39
5.05
10.32
0
0
6.59
0
1.52
13
3.38
3.84
1.4
14.85
5
19.14
0
0
0.8
4.5
26.18
3.45
0.5
7.17
18.2
0.52
10.02
2.36
2.9
1.81
0.32
0.96
5.9
24.68
0.1
1.16
3.75
2.88
14.1
26.9
2.09
1.4
35.4
1.5
0
4.6
2.2
2.3
2.1
5.7
23.17
5.25
1.31
6.72
0
4.36
10
18.55
5.28
-0.36
14.9
1.28
15.5
1.92
4.08
1.63
5.75
3.8
6.15
26.15
0.1
0.48
0.1
7.44
10.4
29.3
13.2
0.1
13.16
8.9
0.8
0.4
1
4.08
0.12
3.76
0
27.8
17.2
0
2.28
7.05
14.1
3.9
4.83
3.58
0
6.6
0
3.16
1.92
24.8
0
1.06
0
16.56
4.36
2.5
7
0.4
0
5.67
0.28
0.7
13.4
28.81
2.27
6.52
9.9
-0.46
0
1.97
2.08
0
14.41
27.48
0
8.8
0
6.42
0
1.3
-1.04
5.4
4.08
6
14.99
13.15
11.04
5
0
4.11
-0.8
4.6
3.24
3.6
2.28
5.16
18.42
3.1
3
0.12
1.17
5.41
1.94
8.5
0.5
2.06
1.44
2.1
0.48
8.87
1.6
5.9
21.1
0
2.98
7.8
0
1.3
8.2
15.94
3.7
0
1
7.5
16
0.1
4.85
1.84
2.88
0
1.84
1
0.1
7.29
5.4
1.61
10.2
1.5
0
12.26
0
4
8.4
4.97
0
13.39
46.03
1.77
0.72
5.49
2.9
4.2
25.55
3.9
2.3
3.16
26.88
2.37
8.64
7.6
16.17
1.84
0.5
1.1
1.1
4.17
4.8
0.23
0
1.56
0.2
0
1.5
4
10.3
1.92
13.26
0.54
0
0.37
4.7
0
16.16
24
0
8
-0.23
4.3
0
11.1
11.62
3
2.13
1.09
0
4.48
1.8
14.4
-4.49
0.49
5.3
0
8.45
17.44
0.8
-0.58
1.1
18.61
4.2
0.6
7.96
10.44
1.7
31.03
0
4.93
5.2
15.26
3.6
15.32
10.03
1
3
4.9
14.75
6.23
4.4
5.04
16.44
42.26
1.55
13.2
-0.12
1.99
30.65
9
4.08
0
0.84
6.53
17.9
4.68
1.6
9
0
5.46
10.8
0.12
10.86
14.75
0.24
6.4
0.97
1.9
2.25
2.35
0
3.48
6
7.22
13
2.6
4.7
15.55
1.8
1.8
1.44
4.6
3
3.84
9.72
13.39
4.51
4.2
11.4
12.42
29.3
-0.5
18.6
28.03
19.1
0
32.67
11.4
0.1
4.3
1.11
2.8
1.85
4.46
2.68
27.6
1.7
0.4
18.72
0
10.42
8.24
7.8
0
9.59
0.96
0
17.1
10.4
7.68
1.59
23.8
-0.3
42.46
1.3
0.7
0.2
0
10.1
2.64
16.68
5.8
4.7
16.68
4.85
4.45
5.28
1.1
0.87
-0.1
1.9
0
4.08
7.63
0.2
-0.48
3.41
2.15
1.3
0
7.84
6.57
7.29
0
10.2
0.24
0.96
0.72
5.04
2.35
1.2
0
5.1
1.26
8.32
0
3.02
13.9
15
5.46
0.88
4.8
9.6
8.8
0
3.56
11.43
9.65
32.15
0.98
1.32
10.68
0.3
6.75
0.82
8.65
1.32
9.17
28.6
6.6
13.8
3.96
4.6
0.74
0
0.77
0
0.8
7.8
1.7
1.4
1.34
27.48
3.6
15.03
1.7
0
0
20.92
-0.6
3
33.47
0.5
21.83
1.3
-0.3
0
0
7.1
1.44
0
4.53
4.2
0.76
18.35
0.77
3.3
6.12
3.7
5.4
2.27
0.3
0.9
8.16
1.8
1.85
16.92
0.1
3
0.3
3
8.89
6.94
0
0.69
1
0.5
2.04
1.4
1.5
12.01
5
0
4.09
0
4.2
32.61
5.7
11.6
0
1.2
4.7
14.09
17.3
0
10.68
9.8
8.85
7.68
4.7
2.1
16
10.7
12.3
15.37
0
0.48
0
5.19
6
2.4
0.48
2.32
8.28
12.4
4.32
0
1.44
3.98
13.06
10.21
30.08
0
1.07
6.18
5.76
0
1.44
0
0.64
0
3.5
0.6
8
0
6
0.7
3.6
0
0.3
3.7
0
3.12
3.18
10.2
4.87
4.45
0
-0.19
11.03
0.5
0
21.71
5.64
5.96
17.53
0
-0.01
5.2
13.8
0
17.98
3.19
1.8
0
0.8
0
0
7.2
11.78
-0.5
1.32
0.71
0.61
5.3
0
2.54
8
16.25
-0.36
1.31
1.4
1.05
12.02
4
9.58
0.1
17.4
1.63
0.8
0
2.32
0
0.14
0
1.8
0.84
1.8
9.29
2.08
0.5
0.4
9.6
9.29
0
6.48
23.16
2.57
8.94
0
3.1
22.2
5.28
10.68
7.14
1.68
3
1.21
2.7
0.54
7.5
3.96
3.2
24.48
5.6
19.1
0
16.2
17.73
7.01
2.3
0
1.68
4.6
5.6
3.09
8.5
1.3
5.7
10
7.8
22.8
11.39
0
0
17.79
3
29.12
28
1.8
7.66
0.48
3.3
20.03
5.2
25.4
7.5
4.4
0
0.3
3.8
16.74
9.27
5.4
7
9.11
3.1
-0.22
2.32
2.53
11.16
16.6
16.7
0.64
0.24
0
5.1
0.3
0
4.2
23.09
4.1
4.53
7.08
10.49
0
12.7
3.1
0
19.12
21.12
10.2
0
1
2.4
10.56
41.59
0.6
12.8
0.6
3.78
0.77
4
10
8.4
6.95
2.44
13.3
0.4
0
0
1.24
2.8
0
2.8
0.48
0
1.8
21.72
12.66
1.32
15.5
2.82
5.1
23
15.63
3.3
0.7
4.46
3.36
0
14.43
5.32
9.93
1.65
8.95
10.56
3.57
4.6
5.25
4.1
2.4
10.1
0.4
4.46
1.62
0.06
0
0
14.73
5
0
0.9
0
0.22
5.7
4.32
26.64
18.16
11.63
4.59
11.73
4.68
18.98
2.5
7.32
2.54
9.28
8.6
5.6
0
5.7
18.8
8.3
0.3
4.89
12.01
1.67
2.3
1.18
3.19
0
1.62
20.62
2.31
3.8
3.6
6.2
0
0.63
0.36
0
4.1
0.2
2.43
2
35.22
7.26
0.8
1
4.7
7.95
25.06
-0.3
-0.14
0
2.21
9.3
0.1
2.2
17.5
0.6
24.07
2.8
4
3
7.92
11
1.2
12.5
1.5
20.5
1
19.1
0.66
2.36
8.88
2.64
3.12
0
1.8
4.1
0.8
1.08
7.71
7.5
12.64
1.28
8.37
4.9
4.4
3
0.4
7.25
27.36
18
0
3.8
0
21.6
14.9
11.4
