-0.2574987
3.4420537
-0.54031667
-0.56552735
-0.24466417
-0.28866826
-0.46697651
-0.083315828
0.81876807
-0.66866194
-0.1163189
-0.5338994
0.6161659
-0.78600619
-0.71174928
-0.72045842
1.7772322
0.74267766
-0.36063329
-0.4023455
-0.53160752
-1.0266536
-0.76308739
-0.26849972
-0.12823667
0.39843731
-0.39913687
0.60333137
-0.30837843
-0.18599204
-0.26712459
-0.4633095
-0.78279755
0.77613911
-0.52289838
-0.28362613
-0.38492721
-0.12273616
1.0731667
-0.76629602
-0.089733092
-0.11448539
0.17245796
-0.6026558
-0.22999614
-0.3184627
-0.33083885
0.16145694
0.64000145
-0.32854697
1.083251
-0.12869505
2.688942
-0.87630625
0.36222561
0.14358028
0.2137118
-0.35375765
-0.89647479
2.2498178
0.26550828
1.2954791
-0.74521072
-0.79746558
0.54511762
-0.73879346
-0.45230848
-0.69478937
-0.22449563
-0.37300944
-0.7704214
-0.32900535
-0.18232504
-0.3890526
0.25909102
-0.39913687
-0.19928495
0.16879095
1.0474977
-0.39867849
-0.96798144
-0.5320659
-0.56048521
-0.26666621
-0.54627555
0.39981244
0.14358028
1.5732549
-0.052146262
-0.88272351
-0.097067107
0.02027714
1.1836353
-0.52564864
-0.5568182
-0.39913687
-0.33313073
0.32555553
-0.6159487
-0.017309689
-0.50823035
2.0128375
-1.1999197
0.35076621
2.9373818
-0.68195484
-0.69662287
1.9032856
-0.43305669
1.0282459
-0.49172881
-0.18507529
-0.43122319
-0.02510208
-0.66224467
-0.86301335
-0.83046865
-0.42068054
6.9225024
-0.80021584
-0.6044893
-0.15298898
-0.47751916
1.2033455
0.86048029
0.61433239
0.28063469
-1.0981602
0.5474095
-0.10256762
-0.46514301
-0.10577625
-0.095233603
-0.30837843
2.6797745
1.1529242
0.3108875
-0.13419556
-0.30608655
-0.93910376
0.0060674854
3.0478504
-0.5073136
-0.19195093
0.4731526
-0.67966296
1.1570495
0.10782695
0.028069532
0.13807976
0.74038578
-0.17315752
0.4749861
-0.89784992
0.47406935
-0.52381513
-0.47981104
-0.79792396
-0.17086564
-0.29141852
0.41906423
0.51990694
-0.53252428
0.46673533
1.1245048
-0.58202888
-0.52106488
-0.2002017
0.35168296
0.37551851
-0.55040094
1.201512
-0.89143266
-0.61824058
-0.52702376
-0.81488387
-0.39822012
-0.12594479
-1.1774593
-0.26712459
0.42318962
0.62349991
0.51669831
0.35580835
-1.0536977
0.078490888
1.2721019
-1.117412
0.00056697376
-0.16765701
-0.097525483
-0.35559115
-0.2726251
-0.17499102
-0.26941647
0.90448438
0.57353693
-0.24924793
1.0878348
0.55199326
0.7229675
0.41998098
-0.049854383
-0.47431053
-0.58569589
-0.62465784
-0.3070033
-0.61274007
0.037695427
1.2592674
1.9028272
0.83572799
-0.55360957
0.81280919
-0.52794052
0.1775001
0.99890983
1.0878348
-0.1525306
-0.59853041
0.67025426
2.2874047
-0.71037415
-0.96202256
-0.68516347
-0.47889429
1.1538409
0.31592964
0.70050707
-0.89051591
-0.33450586
-0.45505874
-0.67782946
-0.34046475
-0.88639052
-0.59165478
-0.56736085
-0.31800432
-0.79013157
-0.55177607
0.32143015
-0.72825081
-0.11265189
-0.74612748
-0.12686154
-0.34642363
-0.54627555
-0.35559115
-0.76537927
-0.18186666
1.133214
-0.20982759
0.053738586
-0.26162408
-0.2593322
1.0167865
-0.85201232
0.068864993
0.13441276
-0.19790982
0.039070555
1.8226114
-0.30287792
0.15870668
0.22287932
-0.49310394
-0.30333629
0.85818841
0.38651954
0.33105605
-0.71404116
-0.697998
-0.018684817
-0.63153348
-0.27033322
-0.67966296
1.9798344
-0.13511231
-0.080565572
-0.39730337
0.030361412
0.91640216
1.190511
-0.17040726
-0.64665989
-0.4252643
-0.47981104
0.35214134
0.57353693
-0.72825081
-0.49814608
-0.48301967
0.050071578
0.18483411
1.2565171
-0.77683867
0.65054409
-0.12044428
0.21921231
2.0458405
0.21462855
0.36130886
-0.075065061
1.4247411
-0.041603615
0.31317938
-0.90518394
0.0092761171
-0.56002683
-0.32717184
0.53640848
1.2693516
-0.7342097
0.66292025
0.59049684
-0.34275663
0.10828533
-0.47156027
-0.33542261
-0.26483271
-0.41930541
-0.18828392
-1.0743247
-0.015017809
-0.23870528
-0.33358911
0.44931705
1.2739354
-0.3794267
-0.52014812
0.19812702
0.33655656
-0.75942038
0.0069842373
-0.1754494
-0.11906915
-0.73329295
-0.084690956
-0.70716552
-0.53573291
-0.71220765
-1.0055683
0.30171998
-0.62786648
-0.27400023
0.71655023
-0.39822012
-0.7571285
0.9021925
-0.68332997
-0.56506897
0.61570752
-0.10760975
1.2358902
1.3944883
0.78026449
-0.26712459
0.56757804
1.6649301
-0.08881634
-0.36475867
-1.0821171
-0.64941015
-0.61824058
-0.3775932
-0.66957869
0.59920599
5.0055742
0.24350624
0.060614225
1.7016002
-0.31250381
0.65925324
-0.41609678
0.51211455
-0.4138049
0.43831602
-0.52794052
-0.28270937
-0.14015445
0.18070873
-0.18232504
0.047321322
-0.64345126
-0.65491066
1.090585
-0.80434122
-0.85155395
-0.55223444
-0.013184305
-0.3088368
6.3701594
-0.26758297
0.39706218
-0.36246679
0.28155144
-0.43626532
0.89898387
1.3445253
0.86689755
0.35810023
-0.02510208
-0.91526821
-0.67232895
-0.54490043
1.1529242
0.35993373
0.37781039
-0.70716552
-0.64665989
-1.1146618
0.47590285
-0.28912664
-0.50227146
-0.43993233
0.13853814
-0.11861078
0.40118757
-0.18461692
0.12937062
-0.46789326
1.6690555
-0.38355209
-0.088357964
-0.85476258
-0.15207222
0.16237369
-0.50868873
0.095909175
0.71838374
0.73901066
0.20271078
-0.23595503
-0.45139173
0.44610841
-1.1582075
-0.44314096
-0.028310712
-0.72183355
-0.77683867
-0.6255746
-0.31296219
0.84397875
-0.16719863
-1.1531653
-0.53069077
-0.49722933
0.46994396
0.38972817
-0.93268649
0.60287299
0.08628328
-0.38217696
1.0534566
1.1047947
-0.43168156
-1.1591242
-0.21578648
-0.031519344
-0.088357964
-1.1806679
-0.50593847
-0.31754595
0.49928003
0.47636123
-0.29279364
0.80730868
-0.62144921
-0.20295196
-0.12456967
0.12570361
-0.63336699
0.48782063
-0.50089633
-0.21807836
-0.0081421696
-0.47889429
-0.65720254
-0.20432708
-1.1614161
0.20912804
-0.67370407
-0.17499102
-0.44864147
-0.69249749
-0.52885727
-0.33908962
-0.71174928
-0.69433099
-1.0610318
0.39156167
0.5322831
-0.56231871
-0.44497447
0.89898387
1.6621799
-0.38034345
0.37368501
-0.63795075
-0.34688201
0.13212088
0.3205134
-0.67691271
-0.070939677
-0.018226441
1.1565912
0.33884844
-0.52289838
-0.30241954
0.039528931
-0.94827128
-0.88318189
-0.78096405
-0.32396321
-0.57102786
-0.079190444
1.6296352
-0.27766724
0.052821834
-0.91664334
0.22379607
-0.099817363
-0.70166501
-0.62969998
-1.0206947
0.59416385
1.4302416
2.6829831
0.30997075
-0.26849972
-0.12456967
3.1312748
-0.46881002
-0.77592191
1.6108417
0.0010253497
-0.79975746
-1.0151942
1.548961
0.2499235
0.46306832
0.30401186
-0.22449563
3.2165328
-0.49218719
-0.47156027
-0.40830439
-0.1314453
-0.579737
-0.71770817
-0.21303623
-0.97348196
-0.57469486
1.3509426
-0.57056948
-0.19515956
-0.99960939
3.219283
0.49057088
0.02027714
1.1992201
-0.74521072
0.63037555
-1.1549988
-0.16536513
-0.039770111
1.5975488
2.692609
-0.30333629
-1.1875435
-1.0724912
-0.035186352
-0.20799409
0.39522868
4.4110605
0.58728821
-0.7475026
-0.93956213
-0.085607708
-0.040686863
-0.6388675
-0.60953144
-0.27812561
-0.53894154
-0.3166292
-0.52106488
-0.016851313
0.47131909
-0.56094359
-0.62190759
-0.68241322
-0.24466417
1.9596659
-0.29187689
0.088116783
0.53136634
-0.38446884
-0.47843591
0.036320299
-0.5302324
-0.34963226
0.14220515
-0.58294563
0.72663451
0.11745285
-0.81488387
-0.31754595
-0.75254474
0.50432216
-0.98860836
-0.56140196
-0.62328272
-0.27537536
0.29209409
0.0074426133
-0.51739787
-0.42755618
-0.42434755
-0.56002683
-0.85155395
-0.79288182
0.099576183
-0.5664441
-1.0573648
0.75413706
1.6534707
0.19354326
-0.48164454
0.12295336
-0.50089633
-0.26620784
-0.72687569
-0.83596917
-0.41884704
-0.89189103
0.56253591
0.76972185
-1.0408632
-0.73650158
-0.32304646
0.050529954
1.399072
-0.63199186
-0.72870919
-0.3413815
-0.42847293
-0.039770111
0.037237051
-0.518773
-0.0095172975
0.81464269
0.12707874
0.16145694
0.85818841
0.39339518
0.42273124
0.33151442
-0.53298265
-0.45047498
-0.47706078
-0.57606999
-0.48576993
12.726917
0.89577524
0.33518143
-0.64299288
-0.32258808
2.1691437
-1.0867008
0.65787811
-0.78508943
0.19675189
-0.40097037
-0.36109166
0.11745285
0.89669199
-0.33221398
-0.52014812
-0.69066398
-0.58432076
0.070240121
0.13670464
-0.10852651
0.24442299
-0.43397344
-1.0280287
-0.19699307
1.4582025
-0.56873598
-0.81946763
-0.75254474
-0.067272669
-0.012725929
-0.77087978
2.1920625
0.08628328
-0.041145239
0.46902721
-0.33954799
0.081241144
-0.17636615
-0.49539582
-0.38401046
0.17566659
0.44885867
-0.60907306
-0.082857452
-0.70991577
-0.26437434
-1.0839506
-1.1843349
-0.21624486
1.0947104
-1.0266536
0.34801596
0.2861352
-0.74154372
0.32005502
-0.50272984
0.36130886
0.0014837257
0.20362753
0.22104581
0.028986284
1.4426178
-0.34596526
-0.55131769
-0.13190368
-0.87401437
1.2643095
-0.69066398
-0.8047996
-0.34825714
0.2728423
0.63725119
-0.55865171
0.26780016
0.25084025
-0.84467831
-0.1525306
-0.24512254
-0.30471142
0.85039602
0.64733546
-0.26987485
-0.61457357
0.19629351
-0.43351507
-0.70762389
-0.66407818
-0.66086955
-0.49722933
-0.27950074
2.3790799
-0.31617082
-0.19470119
-0.092483347
-0.81488387
0.38331091
-0.33679774
-0.85797121
0.54511762
-0.77592191
-0.053063014
-0.23870528
-1.1206206
0.65512785
-0.10531787
0.16879095
-0.53527453
0.039987307
-0.80113259
-1.0509475
0.4749861
-0.43397344
-0.29783578
-0.50548009
-0.12823667
-0.59440503
-0.45185011
-0.15986461
-0.68012134
-0.9592723
-0.43259831
7.2057788
0.13303763
-0.90701744
-0.67645433
-0.49997958
0.095909175
-0.29921091
-0.18370016
-0.10944326
-0.224954
-0.13969607
-0.60311417
-0.038853359
-0.13052855
-0.76904627
-0.029227464
-0.88822403
-0.098900611
-1.0541561
-0.8983083
-0.74521072
1.0144946
-0.045728999
-1.1999197
0.843062
-0.29004339
1.4939559
0.18666762
-0.47064352
-1.0853257
-0.78279755
-0.41426328
0.59187197
-0.06268891
2.243859
-0.54902581
-0.63061673
-0.76675439
-0.5073136
-0.94827128
-0.41472165
-0.75391987
-0.41655516
-0.30425304
-0.12686154
-0.32350483
-0.16490675
1.1469653
0.1545813
-0.7209168
-0.39180285
-0.31525407
-0.73054269
-1.0514059
0.17199959
-0.16765701
-0.30287792
-1.0358211
-0.71679141
-1.0779917
2.4409606
0.19308488
-0.46376788
-1.0793668
-0.20386871
-0.85888796
-0.82496814
2.5436368
-0.42480592
-0.12869505
-0.51098061
-0.37209269
-0.47981104
-0.63199186
-0.10806813
-0.7323762
0.24396461
0.1183696
1.6777646
-0.29279364
-0.52702376
-1.0083185
-0.26299921
-0.49860445
0.34114032
-0.33404748
0.24579812
-0.9478129
-0.18507529
0.44381653
0.016151757
-1.1238293
-0.5893629
-0.48668668
-0.75483662
0.48186174
0.93565395
2.5775567
0.47727798
-0.23733015
9.7538908
-0.012267553
0.16924933
-0.023726952
1.1520074
-0.076440189
0.39385355
-0.52473188
-0.89372454
-0.38721909
0.079866016
0.21187829
-0.60494768
0.69913195
2.6421877
0.40164594
3.4205101
6.4485417
-0.51006385
0.036320299
-0.29691903
0.18758437
-0.43168156
-0.53298265
-0.83276053
0.0839914
-0.95881392
2.7049852
-0.2460393
-0.39134448
0.25863264
-0.41518003
-0.67462083
0.15091429
-0.6961645
-0.66912031
0.93244531
-0.3679673
1.5860894
0.50844754
-0.57882025
0.093617295
-0.1506971
0.28109307
0.50569729
-0.44497447
0.66887913
0.11745285
0.93977933
-0.11540215
-0.32212971
0.81693457
0.80914218
-0.42663943
-0.51235573
-0.6484934
-0.65170203
1.2216805
0.082157896
-0.48393642
-0.20799409
-0.24237229
-0.224954
-0.61365682
-0.38813585
-0.033811224
1.0745419
-0.2707916
-0.41793028
-0.0081421696
-0.14427983
0.45069217
-0.13419556
-0.18324179
-0.9212271
-0.33863124
-0.1869088
0.72067562
-0.31525407
1.0782089
1.1698841
-0.19515956
0.025319276
-0.30058604
-0.60219742
-1.0935765
0.22975496
1.2184719
-0.64345126
-0.0035584099
-0.56277709
-0.20386871
1.3546096
-0.4367237
0.04869645
0.68308879
-0.67599595
1.0956272
-0.54260855
-0.10715138
-0.75162799
-0.67599595
-0.048479255
-0.20295196
-0.73054269
-0.56736085
0.67025426
-0.47660241
-0.11356864
0.80043304
-0.3088368
-0.20111845
-1.1041191
0.79676603
0.10186806
-0.52564864
-0.3166292
-0.43030643
-0.13098693
-0.4252643
-0.1392377
-0.45597549
0.6312923
-0.55406795
-0.19974332
1.3316908
0.14678891
-0.57377811
-0.77363003
1.1002109
-0.51373086
-0.58890452
-0.15298898
-0.05581327
-0.015476185
-0.48210292
3.0597682
-0.461476
3.3512953
-0.36475867
0.71379998
-0.17224077
-0.47018514
-0.49447907
1.4435345
-0.31754595
-0.17453265
0.52678258
-0.66453655
0.34068194
-0.55865171
-0.57377811
-0.45872574
1.2216805
-0.21853674
1.3605685
-0.48760343
-0.50135471
-0.80434122
1.0250373
-0.57240298
-0.50639685
-0.076898565
-0.43764045
-1.0546145
0.5341166
4.1030319
-0.85292908
0.39660381
-0.86255497
-0.99181699
-0.74337722
-0.34688201
-0.33633936
-0.31067031
0.36176724
-0.28362613
1.4141985
0.84947926
-0.89051591
-0.26620784
-0.95147991
-0.12456967
0.071615249
-0.87126411
-0.13007018
-0.12502804
-0.5682776
-0.38630234
-0.76033713
-0.62007409
2.129265
-0.30241954
-0.11219351
-0.50043796
-0.5549847
-0.62007409
-0.50777197
1.0282459
0.95307223
3.620362
-0.1181524
-0.66957869
0.23754735
-0.73787671
1.0516231
0.49698815
0.10553507
1.0937937
-0.74475235
-0.85567933
0.33747331
-0.78875644
0.5474095
-0.1543641
-0.94093726
-0.3202962
-0.3679673
-0.48897856
-0.45047498
0.50844754
0.095909175
-0.53298265
0.11561934
-0.86622198
-0.087441212
0.76926347
-0.33954799
2.6770242
-0.2611657
0.49882165
-0.33679774
-0.2840845
-0.48164454
0.3338063
0.071156873
0.0019421017
-0.90472556
-0.35054902
0.61295727
-0.23320477
0.40806321
0.2879687
-0.1905758
-0.17865803
1.9335384
-0.59486341
-0.37988508
-0.3775932
0.15916506
2.2003132
-0.19882657
-0.27675049
-1.1935024
0.81922645
0.43694089
-0.41609678
3.8412992
-0.32763022
0.30997075
-0.43901558
-0.097067107
-0.33404748
0.18529249
-0.064522414
-0.69845638
-1.0481972
0.16008181
-0.64161776
-0.88914078
2.1535589
-0.0819407
-0.71312441
-0.1181524
0.18208386
-0.023726952
-0.61549033
-0.023726952
-0.083774204
0.046862946
0.84443713
0.65879486
-0.10852651
-0.4138049
-0.021435073
0.054196962
-0.72687569
0.04640457
-0.13052855
3.4237187
-0.35009064
0.86323054
1.8579064
-1.1829598
0.17291634
-0.53710804
-0.070022925
-0.55269282
-0.69662287
-0.18003316
-0.73191782
-0.2231205
-0.23687178
-0.029227464
1.7405621
-0.12823667
1.7410205
-0.041603615
1.37707
-0.37392619
0.12295336
-0.65995279
0.66933751
-0.93864538
-0.63840912
-0.68424672
-0.27445861
-0.20661896
-0.46055925
-0.60311417
0.033111667
-0.97164845
-0.84513668
-1.0573648
-0.55773495
-0.29829416
-0.051687886
-1.0316957
-0.60815631
-0.40922114
-0.54948419
0.42593987
0.50386379
0.49102926
-0.40922114
-0.3051698
-1.017486
-0.24328904
-0.77775542
0.089033535
-0.54031667
0.082616272
-0.00034977817
-0.29141852
0.1926265
0.70738271
0.42777337
0.82289346
-0.23870528
1.2963958
0.251757
-0.55040094
-0.75850363
-0.38126021
2.6958177
0.21600368
0.40118757
1.617259
-1.0761582
0.77384723
1.3330659
-0.84972044
-0.68516347
-0.4729354
-0.72916757
0.20591941
-0.5302324
0.28476007
-0.11265189
-0.24237229
0.82243508
0.92923668
-0.65536903
-0.11402702
-0.55727658
0.0092761171
0.51440643
-0.64436801
-0.21853674
-1.0078602
-0.23549665
1.0479561
-0.66591168
-0.57606999
0.061530977
-0.09110822
-0.67553758
0.16054019
-0.10760975
-0.64895177
-0.54031667
-0.64024263
0.02027714
0.29301084
-0.18370016
-0.2231205
-0.053979766
-0.30471142
-0.049396007
-0.68241322
-0.4633095
0.2861352
-0.067272669
-0.48897856
-0.14382146
-0.46697651
1.2652263
0.61249889
-0.50823035
0.078032512
-0.77363003
0.1678742
-0.56369384
-0.11906915
-0.28454288
-0.85476258
-0.4711019
-0.020976697
-0.16628188
-0.48576993
-0.35054902
-0.16857376
-0.27354185
0.3814774
0.59049684
-0.55269282
0.069323369
-0.37300944
-0.37713482
-0.28454288
-0.95193829
0.30080323
-0.18278341
-0.36750893
0.24258948
1.1391729
-0.45185011
0.53824198
1.3055634
-0.5911964
-1.091743
-0.33038047
-0.18645042
-0.27583373
0.42548149
-0.85888796
4.5256545
-0.076898565
0.33884844
0.089950287
-0.46010087
-0.026477208
-0.047562503
-0.59944717
0.17566659
-0.83321891
-0.76767115
-0.66270305
-0.57698674
-0.60769793
2.4235423
-0.13648744
0.18162548
-0.30562817
-0.20295196
-0.37438457
-0.3413815
0.23388034
-0.11952753
-0.19974332
0.19125138
-0.13327881
-0.50960548
0.9957012
-0.87813975
-0.22587075
-0.13969607
0.44656679
-0.81992601
0.47269422
-0.63795075
0.035403547
0.057405594
-0.25153981
-0.078273693
-0.73466808
0.35214134
0.46123482
-0.62190759
0.031278164
-0.62649135
0.34114032
-0.13052855
-0.71174928
-0.59257153
-0.75071124
-0.48393642
2.3689956
-0.33129723
-0.72962594
0.25129863
0.14541378
-0.39134448
-0.64161776
0.33334793
0.66750401
1.7011418
-0.1181524
-0.063147286
2.7164446
-0.10531787
-0.73512645
-0.12686154
0.13074575
1.6085499
0.14358028
-0.44589122
0.51486481
0.026236028
3.2490775
1.5191666
-0.16032299
1.0218286
1.9729588
-0.64986852
-0.057188398
-0.4825613
-0.30608655
-0.33313073
0.66704563
-0.32121295
1.8881592
-0.43718207
1.17951
-0.62007409
0.32509716
-0.11586052
-0.55040094
-0.18324179
-0.77179653
-0.31296219
-0.44497447
-0.50868873
-0.74016859
-0.18415854
-0.11494377
-0.75437824
-0.47064352
0.26963367
1.0438307
-0.80525798
-0.72229193
-0.8868489
-0.11540215
-0.1754494
0.10370157
-1.1935024
-0.83230216
-0.52289838
0.02027714
-0.4862283
-1.0147358
-0.42755618
-1.1050359
-0.18232504
0.13028737
-0.21486973
-0.013642681
-0.71312441
-0.38309371
0.02715278
0.24488136
0.023027396
-0.39455311
-0.24008041
1.6938078
-1.0294038
2.1127634
0.75734569
0.36451749
0.014776629
0.56391104
-0.53619128
-0.096150355
0.77751424
1.559962
0.14953916
-0.38859422
-0.6274081
7.2479494
-0.30333629
-0.35604953
-0.028310712
0.64687709
-0.56781922
0.74038578
1.2060958
0.98928393
1.7130596
-0.88914078
1.6873905
-0.42068054
1.0603322
-0.012267553
0.0042339815
-0.59486341
-0.42388917
-0.80067422
-0.24833118
-0.86117984
-0.56506897
0.69088118
-0.72870919
0.54420087
1.1309221
0.43281551
-0.31892108
0.40760483
0.61570752
-0.026935584
-0.27400023
0.45481756
-0.67782946
-0.35146577
0.42273124
-0.68057971
-0.42159729
-0.45735062
-0.73100107
-0.99181699
0.24717324
0.054196962
-0.63520049
-0.50089633
-0.72229193
1.1639252
-0.41609678
0.21692043
0.96544838
-0.21074435
-0.14198795
-0.72366705
-0.96523119
0.11882797
-1.0807419
0.96544838
1.5141244
6.7570287
-0.98127435
0.071615249
1.2248892
-0.55177607
-0.0053919138
-0.45185011
1.1822602
-0.4234308
0.99661795
0.0024004776
-0.53802479
0.047321322
-1.0239033
-0.047562503
0.48507037
-0.54169179
-0.52427351
0.050529954
-0.43213994
1.6140504
0.50615567
0.88798285
2.0165045
0.3072205
-0.28958501
-0.47201865
-0.35100739
0.51211455
-0.17590777
-0.995484
-0.51281411
-0.2611657
0.011109621
-0.33496423
-0.400512
0.30080323
-1.0789084
-0.1543641
0.065197985
-0.90289206
0.13028737
-0.25291494
0.13624626
-0.56369384
0.20271078
-0.47614403
0.83710311
-1.0216114
-0.67187057
-0.10990163
0.32647229
-0.47797754
-0.98998349
-0.048479255
-0.26666621
-0.69708125
0.18941787
-0.46239275
-0.46789326
-0.50960548
-0.44222421
-0.71954167
-0.45414199
0.18941787
-0.66637006
-0.25383169
0.27834281
-0.23733015
-0.4500166
-0.45322523
-0.6503269
0.4025627
-0.43443182
-0.88730727
0.073448752
0.7591792
-0.68562185
-0.22174537
0.42273124
2.50605
-0.20982759
3.2788719
-0.30746168
0.12432848
-0.35559115
-0.4976877
-0.27308348
-0.061313782
-0.05581327
-0.73100107
0.39568706
0.15778993
0.47452772
0.76605484
0.20591941
0.02944466
-0.69020561
-0.35421602
-0.45735062
-0.84009455
-0.64528476
0.25359051
0.29346922
-0.3184627
-0.60036392
-0.43809883
0.083533024
1.1437566
-0.1772829
0.93932095
-0.8277184
-0.9478129
0.58270445
-1.0170277
-0.65170203
-0.4825613
-0.17819965
0.60333137
-0.32258808
-0.63932588
0.11011883
-0.80984174
-0.82680165
-0.56277709
-0.36521705
0.18620924
8.1385739
3.3063744
-0.33267235
-0.79884071
-0.91801846
-0.5091471
0.43006525
-1.1715004
1.6447616
-0.24145554
0.50248866
-0.80388285
-0.43901558
1.0727084
0.5111978
0.30630374
0.78347312
0.56024403
0.064739609
-0.49539582
-0.29004339
0.25634076
-0.38355209
1.3211481
-0.27354185
-0.55406795
-0.69891475
-0.68149646
0.99845145
0.8412285
-0.20799409
-0.39317798
0.032194915
-0.059938654
-0.054896518
-0.22128699
0.37872715
1.7469794
-0.77638029
-0.35375765
0.10095131
-0.17269914
0.10461832
0.64504358
-0.56186034
-0.22632913
0.19721026
-0.17865803
2.9245473
5.1238352
-0.40326225
-0.68424672
-0.88409864
1.1322972
0.038612179
-0.62144921
0.19629351
-0.025560456
-0.70899902
0.31959665
-0.41884704
-0.53298265
0.07482388
-0.10531787
-0.57606999
1.9523318
-0.022351825
1.0163281
-0.61778221
-0.99777588
1.7222271
-0.048937631
-0.22907939
0.42410637
-0.081023948
-0.17224077
0.30355349
-0.0099756735
1.305105
-0.40142875
-0.50318821
-0.88593215
-0.38676072
0.67758828
-0.46972677
-0.20386871
-0.37209269
-0.38859422
-0.023726952
0.56482779
3.1734454
-0.55865171
-0.47660241
0.80180816
-0.08881634
-0.22541238
0.11791122
-0.65766091
-0.063605662
-0.53160752
0.62441666
-1.010152
-0.71862492
-0.28087587
-0.21257785
-0.6521604
0.11699447
-0.42388917
1.3784451
-0.085149332
0.10920208
-0.56873598
-0.26849972
0.13441276
0.99203419
1.1020444
-0.24695605
1.5686712
0.190793
-0.18003316
-0.72595893
-0.5338994
0.6982152
-0.52473188
-0.53664966
0.24671487
0.28521845
-0.0090589215
-0.10806813
0.43831602
-0.061772158
0.18620924
-0.53252428
-0.39455311
-0.49081206
-0.17682453
-0.61686545
2.1168888
-0.59761366
-0.081023948
0.10140969
-0.70120663
-0.34963226
-0.067731045
1.3275654
-0.50272984
0.081241144
0.38560279
-0.15344735
-0.63978425
0.02256902
1.0910434
-0.38584397
0.098201055
-1.0894511
-0.4119714
-0.069106173
0.78347312
0.39018655
-0.37209269
-0.25566519
-0.044353871
-0.57698674
-1.0578231
0.11653609
0.32280528
-0.59165478
-0.4367237
0.1926265
-0.26758297
-0.45276686
-0.86668036
0.76284621
-0.83505241
0.85773003
3.2981237
-0.58752939
-0.51923137
-0.63795075
-0.14703009
-0.2593322
-0.8295519
-0.2574987
-0.35834141
-0.16536513
1.362402
-0.44130746
3.2710795
-0.49997958
-0.67645433
3.9485592
-0.55727658
-0.35879978
7.5014313
-0.4023455
-0.27400023
-0.22862101
2.979094
-0.18415854
-0.39638661
-1.0536977
-0.41242977
-0.019601569
-0.10073411
0.85681328
-0.27583373
0.04640457
0.0042339815
-0.62969998
0.64229333
-0.15665598
1.2111379
2.2796123
0.55382677
2.4776307
0.15962343
-0.19103418
-1.0610318
-0.38859422
1.4242827
-0.37713482
-0.18461692
-0.56690247
0.055113714
-0.70166501
1.1089201
-0.73695996
0.73580202
-0.42663943
-0.87493112
0.50982267
0.57170343
-0.35971654
0.89898387
-0.35925816
0.025777652
0.68033853
3.3306684
-0.21395298
-0.51373086
-0.32121295
3.9403084
-0.65353553
-0.21761999
-0.90655906
-0.32717184
0.32372203
0.17566659
-0.49906283
-0.4596425
0.17154121
-0.54719231
-0.59669691
-0.64390964
0.50982267
0.069323369
-0.54994256
-0.29921091
-0.23412152
0.57124505
-0.29966928
-0.3528409
-0.02510208
-0.20478546
2.5848907
-0.45230848
0.88660772
0.19033462
-0.49952121
-0.94964641
-0.31571244
-0.46010087
-0.60586443
0.71013297
-0.66820356
-0.25062306
-0.022351825
-0.40738764
-0.4138049
-0.84834532
0.056488842
-0.54306692
0.64733546
-0.75804525
1.5906732
-0.58707102
-0.00080815414
0.87835695
-0.39501149
-0.38401046
1.7900667
-0.62374109
-0.65720254
-0.082857452
2.5138424
-0.31479569
-0.72412543
-0.37484294
0.14449703
-0.60953144
-0.88226514
-0.30562817
0.49286276
-0.78783969
-0.50823035
-0.52289838
-0.73787671
-0.70579039
-0.27904237
-0.16215649
-0.81488387
0.31272101
0.15320617
-0.047104127
0.23525547
0.30813725
-0.41518003
0.95490574
0.16879095
2.1274315
-0.25887382
-0.84330318
0.50890592
-0.50318821
-0.040228487
-0.34504851
-0.34642363
-0.69891475
-0.74521072
0.77751424
-0.55040094
0.21600368
0.63266743
-0.60540605
-0.019143193
0.80134979
-0.80571635
-0.92993624
-0.048479255
-0.40463738
-0.42113892
-0.43993233
0.32005502
-0.5453588
-0.29233527
-0.27445861
-1.1765425
-0.41518003
-0.90518394
-0.66545331
-0.59257153
-0.74658585
-0.086066084
-0.59257153
3.1409007
-0.59669691
-0.50135471
-0.73329295
2.4611292
-0.15344735
-0.30929518
0.015693381
0.70417408
0.55245164
0.54328412
0.25542401
-0.46285113
0.66108674
0.37093475
1.742854
-0.019601569
1.4329919
1.0511647
-0.1869088
-0.63015836
-0.61824058
3.3746725
-0.11173514
-0.78463106
2.8594579
-0.78692294
-0.067731045
1.9307882
-0.29325202
1.0763754
0.10049293
0.71563348
-0.77913055
-0.0072254177
0.072073625
-0.23137127
0.23342196
0.049613202
0.35764185
0.17291634
0.36405912
-0.39592824
0.019360388
-0.13419556
0.97324078
1.1419231
0.37826877
-0.79884071
-0.32487996
1.3023547
0.30217836
0.44931705
0.2004189
-0.4862283
-0.38446884
2.8282883
1.5576701
-0.95377179
-0.10348437
0.018902012
-0.35604953
-0.60494768
-0.18049153
8.4695213
-0.65399391
-0.50868873
-0.85888796
1.6342189
0.73030151
-0.19515956
0.12753712
0.73351014
0.44335816
1.0360383
2.441419
-0.28591801
-0.63290861
-0.5779035
0.1678742
0.035861923
-0.21074435
1.2166384
0.19858539
-0.42663943
-0.55819333
-0.15894786
-1.0734079
-0.99960939
0.52174045
5.3686079
1.2047206
-0.7094574
-0.75254474
-0.25474844
-0.42663943
-0.68562185
-0.63474212
0.30401186
0.785765
-0.32625509
-0.29646065
-0.16490675
-0.16353162
-0.21028597
-0.35192414
-1.1068694
-0.48576993
0.75092843
-0.34229825
-0.78417268
-0.52335676
-0.62190759
0.13624626
0.12845387
10.857202
-0.69891475
2.5028414
0.2728423
2.6252278
0.26780016
-0.13648744
0.30492862
0.11653609
-0.79288182
-0.54260855
2.445086
-0.92581086
0.0839914
0.02944466
-0.059480278
-0.43443182
0.71471673
-0.1429047
-0.35971654
0.022110644
0.94940522
-0.23962203
-0.48485318
-0.16674025
0.21692043
-1.1889187
-0.59623853
-0.76171226
-0.27858399
6.8496207
0.72067562
1.0507063
0.52494908
0.88935797
0.68629742
-0.35421602
0.12387011
-0.26758297
-0.21716161
-0.35834141
-0.28179262
-0.2478728
-0.79288182
-0.32487996
-0.6617863
0.10920208
0.90494276
0.10736857
0.65787811
-0.52885727
-0.39867849
0.32418041
-0.099358987
-0.16536513
-0.11311027
-0.47156027
-0.026935584
0.012026373
0.88844122
0.32463878
0.051446706
-0.8144255
-1.1916689
0.094534047
-0.70899902
-0.18094991
-0.70579039
-0.090649844
-0.68928886
0.39339518
-1.1041191
5.3424805
-1.0523226
0.20683616
-0.99090024
0.021652268
-0.45505874
-0.97302358
-0.52748214
-0.33863124
-0.26712459
0.76147108
-0.52381513
-0.15848949
-0.49127044
-0.51189736
0.86277217
0.031736539
-0.31479569
-0.42388917
0.048238074
1.1597998
-0.44314096
-0.8047996
-0.51464761
0.64687709
-1.1591242
-0.71083253
-0.10577625
-0.36659218
-0.40372063
-0.89784992
0.22150419
-0.54077504
-0.43351507
-1.0591983
-0.67645433
-0.34734038
-0.41884704
-0.50639685
-0.68149646
0.27971794
1.2093044
-0.27445861
-0.66820356
-0.14565496
-0.90335043
0.062447729
0.062906105
-0.42663943
2.5042165
-0.0819407
-0.60861469
-1.0908262
0.27559255
-0.11402702
0.39156167
0.5817877
-0.47660241
-0.2973774
-0.4156384
-0.10210924
-0.057188398
-0.21074435
0.067948241
-0.90885094
0.08169952
0.21050317
-0.53481616
-0.60128067
0.25588239
-0.39363636
-0.40784601
0.27146717
-0.48393642
-0.62786648
-0.45368361
0.56161916
-0.44176583
-0.70762389
0.82518534
-0.39363636
-1.0981602
1.3385664
-0.25153981
-0.87630625
-0.031060968
-0.76629602
-0.52473188
-0.062230534
-0.26620784
1.0346632
-0.88914078
-0.66132792
-1.0656155
0.0033172296
-0.24008041
3.3347938
-0.46972677
-0.71770817
-0.72825081
0.23754735
0.99799308
-0.6503269
-0.40372063
0.63495931
-0.39638661
0.68171366
0.47590285
-0.39546986
-0.51189736
-0.90793419
-0.39134448
0.25129863
-0.85567933
0.97369915
0.00056697376
-0.30562817
-0.2937104
-0.17178239
0.16008181
0.5244907
0.070698497
0.3319728
-0.45460036
-0.41426328
0.24488136
0.20362753
-0.33679774
-0.36750893
0.78484825
-0.76171226
-0.22541238
-0.87859813
-0.79196507
2.9946788
0.28246819
0.012943125
-0.39501149
0.97965804
-0.87447275
0.016610133
0.15549805
-0.3202962
1.3536928
0.076657384
-0.58065375
-0.52564864
-0.67003707
0.12570361
-0.53252428
-1.006485
-0.15619761
-0.61686545
-0.19653469
-1.0977018
0.27009204
-0.64574314
-0.57148623
-0.048020879
-0.07964882
-0.96935657
-0.99915101
-0.56598572
5.2663901
0.072073625
-0.89143266
-0.11448539
-0.033352848
-0.26666621
0.30813725
-0.11952753
-0.21670323
-0.30287792
-0.24237229
-0.58661264
-0.61549033
-0.51143898
-0.38676072
0.61387402
-0.28820989
-0.57882025
1.1391729
-0.2002017
0.096367551
-0.2707916
-0.88226514
-0.64436801
3.4736817
-0.59211315
-0.62832485
-0.88364027
-0.68928886
1.2629344
-0.11952753
-0.38263533
-0.030144216
-0.33633936
-0.41838866
-0.63336699
0.29988648
-0.29141852
-0.8983083
-0.67828783
0.020735516
-0.95973068
-0.22632913
0.41906423
0.44931705
-0.97806572
-0.16674025
-0.58111213
-0.69478937
0.68721417
2.3424098
1.5090823
-0.13969607
0.84764576
-0.69295586
1.0209119
0.64045982
0.44977542
-0.31158706
0.28659358
-0.78050567
-0.64620152
0.28842708
-0.5302324
-0.76308739
-0.67874621
0.30492862
-0.50181309
-0.49218719
-0.73741833
-0.76904627
-0.42893131
-0.48760343
-0.64207613
-0.68883048
0.24671487
0.32876417
-0.8144255
0.85039602
-0.67691271
-0.38401046
0.92281942
0.010651245
-0.27858399
5.8975738
-0.86943061
-0.59807204
-1.1898354
-0.56231871
0.22883821
-0.2382469
-0.074606685
0.129829
1.796484
-0.071856429
-0.19882657
-0.53848316
-0.16994889
-0.4270978
-0.13786257
0.47269422
3.2651206
-0.3317556
-0.75850363
0.50798917
-0.55635983
1.8679907
-0.7227503
0.072990377
-0.012267553
-0.24328904
1.280811
-0.6732457
-0.018226441
0.61891615
0.68813092
-0.7685879
-0.026477208
-0.63061673
0.51532318
-0.05122951
-0.23549665
-0.47522728
-0.39913687
0.65512785
-0.47156027
-0.22266212
-0.37805157
1.9546237
0.047321322
-1.0944932
-0.40830439
0.42456474
-0.27812561
0.79859953
0.16512395
-0.42663943
-0.3088368
-0.13098693
-0.49402069
0.51394806
0.047321322
-0.54719231
-0.22403725
-0.78142243
-0.7951737
0.010651245
-1.0349043
-0.46422626
-0.54856743
-0.57927862
-0.040686863
0.098659431
-0.21991187
-0.13832094
-0.30654492
-0.71220765
-0.36338354
-0.41884704
-0.5779035
-0.51923137
-0.5815705
0.32830579
-0.84972044
0.60287299
-0.60678118
1.3238984
0.090867039
-0.6274081
-0.11356864
-0.13236206
2.3685372
-0.35192414
0.62395829
-0.3546744
-0.73787671
0.82060158
-0.38813585
-0.69112236
0.13624626
1.0410804
-0.85705446
-0.72733406
-0.60998981
-0.62511622
0.37139313
-0.075065061
-0.003100034
2.0160461
0.027611156
1.5544615
-0.069564549
0.17520822
-0.49814608
-0.29691903
0.7953909
-0.03197772
-0.84972044
-0.82909353
0.85727166
0.23158846
0.22104581
0.02256902
-0.44451609
-0.27766724
-0.60082229
0.28705195
0.045946194
0.83801986
0.10415994
0.21050317
-0.88822403
-0.17911641
1.7790657
-0.61457357
-0.57927862
-1.1880019
-0.1772829
-0.63520049
0.021652268
-0.52381513
0.19354326
0.43281551
1.2798943
-0.24099716
1.3495674
0.1431219
-1.0944932
0.427315
0.051905082
-0.61869896
0.370018
-0.26162408
-0.17774128
0.43419064
-0.41793028
2.036673
1.3092304
0.30538699
-0.21074435
5.2246779
2.0921365
1.1891359
-0.4958542
0.44656679
-0.62969998
-0.0035584099
-0.70808227
-0.082857452
0.16329044
0.39889569
0.43006525
-0.47247702
-0.37988508
-0.55040094
-0.43122319
-0.75667012
0.40852158
-0.52656539
-0.72320868
-0.14519658
-0.1905758
1.0658327
-0.34779876
-0.33542261
0.18254223
-0.3794267
-0.78096405
-0.15115547
-0.048937631
-0.39730337
-0.15848949
-0.69570612
-0.10027574
-0.64574314
-0.32763022
-0.95514692
0.9860753
-0.75942038
-0.22541238
-0.5779035
0.50523891
0.37047638
0.17199959
0.11928635
-0.27583373
-0.24833118
-0.26895809
0.6312923
2.7292791
-1.1256628
-0.63428374
0.044571067
0.034945171
-1.0587399
-0.54994256
-0.096150355
1.0617073
-0.5302324
0.21829556
-0.76904627
-0.30379467
0.05328021
2.5101754
-0.21028597
-0.11906915
-0.36567542
2.8420396
0.86139704
-0.44130746
0.10003456
0.73580202
-0.5453588
0.52586583
-0.84697019
-0.8029661
-0.30792005
-0.65261878
-0.55177607
-0.343215
3.4264689
-0.18186666
-0.7571285
0.88339909
-0.68195484
0.47727798
-0.11998591
-0.56552735
2.8204959
-0.41976379
-0.53160752
3.5369376
-0.758962
-0.49402069
0.14358028
-0.57652837
1.1542993
-0.55315119
-0.024185328
-1.1293298
-0.62236597
-0.13602906
0.25313213
0.28155144
0.10507669
-0.19103418
0.27009204
-0.31433732
9.7314304
-0.46743489
0.55015976
-0.86484685
-0.15482248
-0.039770111
-0.83321891
-0.41013789
0.45940132
-0.28866826
-0.72641731
-0.28041749
1.0401637
-0.73650158
-0.40922114
0.043195939
1.1657587
1.1630084
-0.0090589215
-0.67141219
-0.4825613
-0.30333629
-0.53114915
-0.52931564
1.0919602
0.4616932
-0.697998
1.2093044
1.5384183
0.73534365
-0.79196507
1.7657728
-0.84284481
-0.16169812
-0.4367237
0.26092452
-0.40372063
-0.81534225
-0.16994889
-0.8047996
0.82701884
-0.58386238
-0.29966928
0.29530272
-0.9134347
-1.0271119
-0.37896833
-0.91435146
0.3223469
0.49469627
0.41356372
0.1183696
1.5182498
0.32326365
-0.15848949
0.085824904
-0.45735062
1.1107536
-0.6026558
-0.75025286
6.4737524
-0.84697019
-0.24512254
0.44473329
-0.43993233
1.3972385
-0.014101057
-0.67645433
-0.14427983
-0.63611724
-0.16994889
-0.41884704
1.5384183
0.073448752
-0.55223444
-0.10577625
-0.24466417
-0.67462083
-0.038853359
-0.53344103
-0.25979058
-0.42618105
-0.96018905
-0.21761999
0.21325342
-1.0335292
0.45619268
-1.1096196
-0.25474844
1.0497896
-0.80342447
0.0019421017
-0.59394666
-0.71724979
-0.80204934
-0.61136494
-0.29187689
-0.2002017
0.42089774
-0.56231871
-1.1678334
-0.046187375
0.090867039
-0.85155395
-0.74246047
0.15595643
3.8866784
-0.065897541
-0.38171858
1.8340708
-1.006485
-0.57744512
-0.13236206
-0.637034
-0.49264557
4.4550646
-0.72000005
-0.48897856
-0.69249749
-0.62328272
-1.0940348
-0.59165478
-0.34734038
0.11057721
1.6653885
-0.63611724
-0.37988508
-0.6636198
-1.0701993
-0.65170203
0.13028737
-0.46605976
-0.58890452
-0.77500516
-0.67416245
-0.25245656
0.40027082
0.70554921
0.12753712
-0.79379858
0.45115055
-0.31342056
-0.64941015
-0.42755618
-0.65536903
0.6198329
-0.13877932
-0.42480592
-0.76400414
-0.34825714
-0.33221398
-0.48897856
1.101586
1.8533226
0.0839914
0.36680937
-0.72504218
-0.40830439
0.84077012
-0.033352848
-0.20661896
-0.37896833
-0.091566596
-0.18324179
-0.28362613
-0.70854065
-0.58065375
0.17337471
0.72571775
0.047779698
0.28109307
-0.79609046
-0.46743489
-0.16399
-0.082399076
0.8050168
-0.71862492
-0.34413175
0.36222561
-0.54673393
0.075282256
0.76651321
-0.26804134
-0.8277184
0.023485772
-0.59165478
0.89990062
-0.39959525
-0.37346782
-0.08652446
0.097742679
-0.10623463
0.24625649
-0.72504218
-0.48072779
0.02715278
0.39202005
-0.015476185
4.3560554
-0.27629211
-0.16353162
0.97140727
-0.35238252
0.10461832
2.4157499
-0.075523437
-0.27400023
1.5031234
-0.60036392
-0.26941647
-0.46055925
-0.50135471
-0.62465784
-0.65903604
-0.50227146
-0.79379858
-0.47843591
-0.040228487
-0.49264557
-0.11998591
-1.0000678
-0.43809883
-0.51006385
0.89256661
-0.18232504
-0.47568566
-0.68332997
0.010192869
-0.82084276
-0.30379467
-0.55269282
2.3433265
-0.82863515
-0.72137517
-1.0261952
-0.37438457
0.35764185
-0.61778221
-0.68057971
-0.09110822
0.10370157
-0.2707916
-0.086982836
-0.19378444
-0.64711827
-0.17682453
0.26917529
0.46627696
0.019360388
-0.76537927
0.94527984
-0.85888796
-0.4825613
-0.38630234
-0.57286136
0.027611156
-0.46743489
-1.0967851
0.15824831
-0.62419947
-0.72366705
-0.42388917
-0.41105464
2.1260563
-0.13373718
2.9415072
2.9845945
-0.4119714
0.18941787
-0.24374742
0.61433239
-1.0546145
-0.70487364
-0.54031667
0.051905082
-0.037936607
-0.27308348
-0.75483662
-0.42801456
-0.18599204
0.10920208
-0.29783578
-1.1375806
0.14953916
0.34664083
1.2216805
-0.59578016
-0.72504218
-0.758962
-0.71404116
-0.54673393
0.021193892
-0.45460036
1.6681387
0.21692043
1.6291768
-0.97439871
-0.54077504
-0.66820356
-0.082399076
-0.05122951
-0.75575337
-0.14703009
-0.64757664
-0.11723565
-0.60173905
-0.90564231
-0.47614403
0.6409182
-0.50502172
0.15824831
0.64458521
-0.044353871
0.45894294
-0.81855088
-0.58752939
0.07711576
-0.6847051
-0.21945349
-0.18782555
1.9298714
-0.52977402
0.57674556
2.8021609
-0.44359934
-0.697998
-0.22953776
-0.42434755
1.4091563
-0.24191391
-0.15390573
-0.33588099
0.070240121
0.02256902
-0.21441135
0.7591792
0.35259972
0.097284303
-0.13511231
-0.2593322
0.10140969
-0.3794267
0.028069532
1.075917
0.85085439
-0.13602906
0.47223584
0.16879095
-0.15298898
-0.69203911
0.045946194
-0.85705446
-0.60082229
-0.16994889
-0.43030643
0.0051507334
1.6800565
0.57170343
-0.050312759
0.12753712
0.31638801
-0.23137127
-0.053063014
-0.0012665301
-0.93131137
-0.41838866
0.23892248
-0.30241954
-0.97531546
-0.56781922
-0.23549665
2.1641015
0.16879095
-0.404179
-0.85613771
-0.16444837
-0.35375765
-0.59623853
0.43602414
-0.36934243
-0.31525407
2.1631848
-0.44130746
-0.70533202
0.047321322
0.25542401
2.9978874
-0.54719231
-0.63749237
-0.49218719
-0.41701353
0.32647229
-0.21303623
0.21508693
0.80043304
-0.5206065
-0.65170203
-0.053979766
0.24167273
-0.54994256
1.4944142
-0.52335676
-0.68791373
-0.31937945
0.38606116
-0.39455311
-0.20845247
-0.67737108
1.4192406
0.43510739
0.59874761
-0.89005753
0.61204051
2.0958035
-0.1506971
0.02256902
-0.14198795
-0.76446251
-0.45139173
-0.7227503
-1.1540821
-0.42572268
-0.70991577
0.21967069
0.30676212
0.68583904
-0.46651814
-0.56002683
-0.65261878
-0.84742856
-0.054896518
-0.70624877
-0.55085931
-0.47018514
-0.68195484
-0.16628188
0.71059135
-0.3679673
-0.67782946
-0.85934634
-0.33542261
0.29209409
0.46215157
1.4421594
-0.34688201
-0.43718207
-0.063605662
-0.95973068
-0.61549033
4.1337431
-0.72504218
-0.58798777
0.82610209
0.98561693
-0.5320659
-0.52427351
-0.51739787
-0.39226123
0.65146085
1.7006834
2.5271353
-0.67095382
0.29851135
-0.60036392
-0.12869505
0.04869645
0.49102926
1.8987019
0.17016608
4.8116811
-1.0362795
-0.71495791
-0.42938968
-0.7209168
-0.12640317
0.21783718
-0.3775932
0.72388425
-0.18645042
-0.62328272
-0.41518003
-0.76904627
0.56711967
0.56986992
-0.25841545
-0.40601251
-0.17911641
0.20454428
0.19629351
-0.48531155
-0.43534857
0.70509083
0.8545214
-0.5206065
-1.0289454
-0.63565887
-0.40372063
-0.70533202
-0.95652204
-0.011350801
-0.6484934
-0.43397344
-0.41151302
-0.2382469
0.70050707
-0.78417268
-0.36842568
-0.80250772
5.6418
-0.13465394
0.29988648
-0.51006385
-0.66407818
0.16649907
-0.46789326
0.92648643
-0.62603297
-0.16399
-0.0044751619
0.083074648
-0.51831462
-0.021435073
-0.070939677
-0.28041749
-0.1181524
0.16008181
0.35122459
1.4210741
-0.1506971
3.1216489
0.92602805
-0.14427983
0.023485772
-1.1132866
-0.62603297
-0.4976877
-0.49814608
-0.43397344
-0.36980081
-0.52289838
-0.28454288
0.52128207
2.5257602
-0.13007018
0.023485772
-0.31892108
1.2565171
0.190793
-0.75437824
-0.8066331
-0.52198163
0.51944857
0.23800572
0.11607772
-0.4729354
-0.59073802
-1.1288714
-0.28683476
-0.16719863
-1.0871592
1.1749262
0.68308879
3.7697925
-0.64482639
-0.40784601
-0.081482324
-0.78600619
0.24258948
-0.79792396
-0.47201865
0.13762139
-0.11081839
-0.16536513
0.133496
-0.87309762
2.3355341
-0.23045451
-0.47018514
0.83251935
0.93519557
2.011004
-0.52748214
0.56941155
0.46673533
1.9587491
-0.065897541
-0.47797754
0.082157896
-1.1701252
-0.41930541
0.0056091094
0.86277217
0.80547517
-0.57240298
-0.58982127
-0.61778221
-0.62007409
-1.1183288
0.16420719
-0.4252643
-0.65857767
-0.92443573
-0.42159729
-0.65582741
0.059239098
0.70142383
0.16420719
0.62625017
-0.50135471
1.6328438
1.0681246
0.8086838
1.8157358
0.28751033
0.28246819
-0.14519658
0.79264064
0.12753712
2.3314088
-0.1048595
0.27605093
0.16054019
0.14266352
-0.69753962
-0.35146577
-0.17086564
-0.9097677
-0.83963617
-0.70028988
-0.58019538
0.67850503
0.11241071
-0.035644728
-1.1825014
0.72663451
-0.11723565
-0.46697651
0.64321008
0.20546103
0.65329435
-0.53160752
-0.055354894
-0.81671737
-0.31708757
0.77476398
-1.0706577
-0.68974723
-0.16536513
0.068406617
0.092700543
0.49652977
-0.5338994
-0.26254083
-0.098442235
-0.20753572
0.20729453
-0.71541629
-0.05122951
4.3129681
-0.39271961
-0.74704423
0.40531295
-0.22128699
-0.66774519
2.9850529
-0.36063329
-0.66912031
-0.45597549
-0.42480592
-0.42388917
-0.67782946
-0.075981813
0.6982152
-1.1696669
0.51715669
-0.15619761
-0.39592824
-0.63978425
-0.73512645
0.37276826
-0.13602906
0.97049052
-0.057188398
-0.1525306
-0.65582741
-0.27858399
-0.016851313
0.084908152
0.15824831
-0.61686545
-0.50135471
-0.41838866
0.17520822
-0.080565572
-0.19699307
1.2129714
-0.75575337
1.025954
-0.77500516
-0.21807836
-0.099817363
1.868449
0.26688341
-0.31479569
-0.30425304
-0.11356864
-0.098900611
0.05786397
-0.42893131
-0.69662287
-0.34779876
-0.065439165
-0.12181941
-0.065897541
-0.86668036
-0.11998591
-0.58844614
0.43235713
-0.38859422
0.11516097
-0.37621807
3.9600186
0.44702517
0.23892248
-0.11861078
-0.1314453
4.7465917
0.31959665
0.85131277
0.0083593652
-0.32304646
-0.17590777
-0.4729354
0.22746308
-0.30471142
-0.70808227
-0.76217063
0.9709489
0.69454819
-0.44772472
0.072990377
-0.12594479
0.65329435
0.13441276
-0.68287159
-0.45230848
-0.38034345
0.16420719
-0.011809177
2.2713615
-0.041145239
-0.32304646
1.3921964
-0.083774204
0.04869645
0.089491911
-0.23503827
-0.5435253
0.76422133
-0.42434755
-0.995484
0.067031489
0.90815139
-0.055354894
-0.49218719
0.55382677
0.56803642
-0.035186352
0.87514832
0.20454428
0.83618636
1.7020586
-0.20753572
1.0827926
-0.62053246
0.4502338
-1.106411
-0.28912664
-0.061772158
-0.3661338
0.21600368
-0.38538559
2.2026051
-0.71037415
-0.1392377
0.32968092
-0.5435253
-0.081023948
-0.51739787
-0.55773495
6.8551212
0.042737563
-0.74658585
-0.38446884
0.29301084
1.1002109
0.11195233
0.23204684
-1.0546145
0.14358028
-0.92901949
-0.13694582
-1.1696669
-0.054438142
0.051446706
0.2402976
-0.10210924
-0.91068445
-0.66728681
4.8630192
-0.79242345
-0.65491066
0.35305809
1.2945623
-0.31250381
-0.46743489
-0.63107511
-0.51556436
-0.54581718
-0.37988508
-0.46010087
3.280247
1.4714955
-0.18278341
-0.00080815414
-0.045270623
-0.63245024
-0.33358911
0.27696768
0.88019045
2.2874047
-0.60357255
2.746239
-0.37484294
2.5972668
-0.78142243
-0.28087587
-0.11677727
0.21050317
-0.39867849
-0.045728999
-0.30058604
0.18025035
-0.56002683
-0.70899902
-0.75987876
-0.23733015
-0.12227779
-0.88501539
0.80960056
-0.42113892
-0.57423649
-0.53435778
0.64366846
-0.26024895
-0.92397735
5.6372162
-0.15940624
0.070698497
1.3967802
0.13487113
1.7653144
1.4398675
-0.35925816
-0.85934634
-0.82084276
-0.42480592
-0.091566596
0.28017631
-0.87859813
-0.58890452
-0.42847293
-0.52198163
-0.72045842
-0.51831462
-0.0076837936
0.18437574
2.1842701
-0.52702376
-0.50502172
0.48461199
-0.92351898
0.74313604
-0.90426718
-0.64115938
-0.0012665301
-0.60357255
-0.63978425
0.22150419
-0.55223444
-0.092941723
-0.32258808
-0.71633304
-0.38446884
0.24533974
-0.40876276
1.8624902
-0.012725929
-0.056730022
0.53503335
-0.87080574
-0.60036392
0.24396461
0.040904059
-1.0463637
0.32968092
-0.77683867
0.21600368
-0.99685913
-0.63153348
0.17520822
-0.26162408
-0.52014812
-0.52289838
1.7295611
-0.38217696
0.13074575
0.53732523
-0.67187057
-1.0986186
-0.77317166
-0.42755618
-0.51831462
-0.65261878
-0.73008432
0.1926265
1.9926689
-0.58340401
0.81922645
0.13257925
-0.400512
0.15183104
1.0768337
1.0099109
-0.76629602
-0.5338994
-1.1980862
0.34480732
-0.24191391
-0.14473821
0.19583514
-0.84055293
-0.0067670417
2.1824366
-0.61961571
-0.98264947
-0.48806181
0.10736857
-0.18920068
0.0065258613
-0.65307715
-0.51052223
-0.47568566
-0.83092703
-0.43809883
-0.089733092
1.3041882
-1.1155785
0.01798526
-0.25658194
0.40852158
-0.31571244
-0.9821911
-0.32304646
-0.33358911
0.19537676
-0.015476185
-0.077356941
-0.064980789
-0.50364659
-0.12136103
0.41906423
-0.90060018
-0.054438142
-0.30654492
-0.3528409
-0.37484294
1.7268109
-0.4747689
0.046862946
-0.10990163
0.5570354
-0.51923137
-0.7342097
0.64412683
-0.40372063
0.88248233
-0.41059627
-0.56277709
0.37414339
0.48415362
0.49057088
0.18804274
0.32143015
-0.37805157
-0.43901558
3.7303722
0.71425835
-0.640701
-0.49127044
0.026236028
3.1381505
-0.3890526
-0.37575969
-0.30012766
-0.1754494
3.7817103
-0.080107196
-0.36338354
-0.3890526
-0.75116961
-0.18920068
-0.86163822
-0.039770111
-0.20111845
-0.3643003
-0.026477208
-0.078273693
-0.40463738
1.0195367
0.039070555
-0.637034
0.44335816
-0.13373718
-0.065897541
1.399072
-0.8391778
1.5210001
-0.46468463
-0.4843948
2.0870944
-0.46055925
-0.94231239
1.0364967
-0.052604638
-0.53527453
1.7758571
0.133496
-0.39684499
-0.42113892
-0.34917389
1.2519334
0.26550828
1.9578324
-0.84972044
-0.45826737
-0.8391778
0.22562957
-0.0017249061
-0.23091289
1.0534566
0.70279895
-0.68103809
-0.9001418
0.59737248
-0.10119249
-0.86759711
-0.17774128
-0.52106488
-1.2008364
-0.52427351
-0.015934561
-0.93864538
-0.66270305
-0.80571635
-0.33542261
-0.72916757
0.44198303
1.0488728
-0.55269282
-0.59440503
-0.63474212
-0.63932588
-0.51418924
-0.69845638
1.8808252
0.2402976
0.23433872
-0.76537927
-0.57606999
-0.76125388
-1.0559896
-1.0216114
-0.50548009
-0.061772158
0.55841053
-0.11723565
-0.42755618
1.6461367
-0.36705055
0.31638801
0.28246819
0.48736225
-0.10027574
0.31822152
-0.36475867
-0.63061673
-0.11036001
-0.05122951
0.31042913
0.14816404
-0.30333629
-0.72550056
0.22333769
-0.9230606
-0.058563526
-0.71908329
-0.15207222
-0.5701111
0.11195233
-0.57698674
-0.52289838
1.1391729
-0.66499493
-1.0243617
-0.27995912
0.78530663
-0.518773
-0.4234308
-0.10898488
0.11195233
1.1190043
-0.2611657
-0.14611334
-0.42755618
0.12616199
0.13532951
-0.2611657
0.45710944
0.012484749
2.4409606
-0.051687886
-0.83505241
-0.19745144
-0.45643387
-0.57331974
-0.24649767
-0.045728999
-0.67462083
0.4158556
-0.29829416
-0.055354894
-0.79746558
1.9372054
0.15549805
1.3326075
-0.12502804
0.48277849
-0.22220375
-0.69753962
0.76238783
-0.64941015
-0.69158074
0.53136634
-0.56415222
0.37460176
0.64733546
-0.67232895
-0.28087587
-0.64482639
-0.23412152
-0.48852018
-0.92076872
-0.71266603
0.33472305
-0.23274639
-0.44130746
0.047321322
0.80593355
-0.20386871
-0.86026309
0.072990377
-0.19378444
0.6885893
-0.21303623
-0.20249358
-0.20982759
-0.90151693
-0.11081839
-0.62328272
-0.84972044
0.86689755
-0.57423649
-0.71312441
0.24900675
-0.69203911
-0.10806813
-0.46743489
-0.85201232
1.9106196
0.75230356
-0.21624486
0.055113714
1.6154255
-0.8657636
0.018902012
0.24167273
2.7118608
0.19812702
-0.79929909
-0.72183355
-1.2031283
-0.079190444
-0.26254083
-1.0949516
-0.14244633
-0.32533834
1.155216
3.0872707
-0.13007018
0.063822857
-0.43259831
0.38743629
-0.29004339
-0.13602906
1.5943402
0.40577133
-1.0289454
-0.37850995
0.021652268
-0.0081421696
-0.73329295
-0.62649135
-0.13511231
-0.7112909
-0.87263924
-0.54719231
1.3866959
-1.0486556
-0.25062306
-0.36567542
0.1678742
0.035403547
-0.39867849
-0.62465784
-0.18461692
0.10461832
0.55153489
-0.55452632
0.20683616
-0.46605976
-0.30471142
-0.60632281
0.4406079
-0.45460036
-0.42938968
-0.95377179
-0.91480983
-0.40326225
0.1183696
-0.46101762
-1.074783
0.20683616
0.29117734
-0.055354894
-0.36750893
-0.20066008
-0.50777197
-0.26941647
-0.84926207
0.20729453
-0.31112868
2.7554065
-0.22770426
-0.83596917
-0.36475867
-0.21395298
-0.41655516
0.23250521
0.45756781
-0.27812561
1.4316167
-0.20478546
-1.0523226
-0.57698674
0.65833649
0.025777652
-0.023726952
0.32784741
-0.92901949
-0.20753572
0.013859877
-0.12640317
1.1002109
0.25496564
0.43510739
-0.80571635
4.5476566
-0.36842568
-0.73925184
0.24900675
-0.56323547
-0.55865171
0.27146717
0.036778675
-1.1641664
-1.0812003
-0.46514301
0.071615249
-0.34871551
-0.080107196
1.1304637
-0.4270978
-0.343215
-1.1632496
-0.090191468
-0.25291494
-0.58569589
0.87698182
2.1343071
-0.65811929
-0.2726251
-0.67003707
0.39018655
-0.84055293
-0.11356864
-0.97944084
0.032653291
0.12432848
-0.76262901
-1.0949516
0.39522868
0.75551219
-0.38126021
-0.10256762
-0.71495791
-0.39913687
-0.20386871
-0.023726952
-0.14657171
0.59553898
0.73717715
-0.30150279
-0.64115938
-0.73971021
0.39889569
-0.46010087
-0.38996935
0.31455451
-0.071856429
-0.106693
-0.033811224
1.5159579
-0.35375765
0.092700543
-0.31433732
0.42869013
0.4062297
0.00010859779
-0.60769793
-0.36750893
-0.37025918
-0.6274081
-0.10760975
-0.11448539
-0.75850363
-0.39913687
-0.34413175
0.89531686
0.17658334
-0.22128699
1.0603322
0.037695427
-0.58432076
-0.62649135
-0.28729313
0.10553507
-0.085607708
-0.33817287
-0.26895809
-0.22587075
-0.64161776
-0.35834141
2.2007716
-0.39867849
0.51853182
1.59159
-0.10852651
-0.3794267
-0.64986852
0.18162548
0.017068509
-0.43305669
-0.39730337
-0.84788694
-0.29646065
-0.29141852
-0.94139564
1.1391729
-0.43397344
0.36955963
-0.62878323
0.089033535
0.29621947
0.30859562
-0.62144921
0.12249498
2.0825106
0.30813725
-0.39546986
0.38285253
0.27192555
-0.44955823
-0.1983682
0.84856251
-0.36980081
0.66062837
0.15045591
0.050529954
-0.78646456
1.0452058
-0.27308348
0.44885867
-0.50456334
-0.29921091
-0.12319454
-0.19515956
0.10599345
0.11103558
-0.31754595
0.29484434
0.098659431
-0.36567542
-1.1843349
-0.57148623
-1.1765425
-0.73375132
0.40027082
-0.25429006
-0.52748214
-0.73008432
0.97507428
-0.52198163
1.452702
-0.064522414
0.44702517
-0.88501539
1.6039661
-0.8620966
-1.0252784
-0.38767747
-0.13007018
-0.59027965
-0.80800823
0.17429147
-0.51327248
0.28246819
-0.20799409
-0.13969607
-0.25704032
-0.30104441
-0.66866194
0.85360465
-1.1375806
-0.33221398
-0.36521705
1.1350475
0.44014953
-0.11998591
-0.51464761
-0.66545331
-0.1905758
0.28842708
-0.39363636
-0.50777197
-0.50823035
-0.37530132
-0.3166292
-1.1160369
-0.070022925
0.094992423
0.0033172296
-0.84788694
-0.87218087
-0.6865386
0.38926979
0.34251544
-0.71587466
1.7446875
-0.18920068
1.4219908
-0.040228487
-0.56415222
-0.80709148
-0.518773
0.31867989
-0.18599204
-0.70487364
1.9262044
0.3205134
0.51899019
-0.18599204
-0.31800432
-0.66591168
-0.30425304
-0.42618105
2.463421
0.12432848
-0.44864147
1.2299313
-0.461476
-0.35879978
-0.53756641
0.055113714
0.58087095
-0.033811224
-0.20111845
-0.026018832
-0.79700721
0.81418431
-0.74979448
0.82243508
-0.73833508
-0.49860445
-0.40784601
-0.1983682
-0.57286136
0.40897996
-0.79471533
0.98332505
-0.3794267
-0.34000637
-0.74062696
0.90723464
-0.002641658
-0.61182332
0.75963757
-0.32396321
-0.11265189
-0.48576993
0.078032512
0.97965804
-0.1048595
0.023027396
-1.1549988
0.39614543
0.99295094
0.35122459
1.6057996
0.019818764
-0.47522728
0.30676212
-0.20478546
-0.49860445
0.7000487
0.10095131
0.14633053
-1.1650831
-0.012267553
0.26963367
-1.0298622
-0.16123974
-0.2460393
-0.2840845
-0.45826737
-0.053063014
-0.53527453
-0.14152958
0.32830579
0.082157896
-0.53710804
0.79951628
0.99524282
-0.81075849
1.0713332
-0.79929909
0.2022524
0.39797894
-0.49539582
-0.05352139
0.04640457
0.33839006
0.014318253
4.2813401
0.032653291
2.097637
-0.24008041
1.9216207
-0.67553758
-0.21670323
-0.97669059
-0.47156027
0.1069102
-1.099077
-0.57056948
-0.54902581
0.27375905
0.43969115
-0.47522728
0.072990377
-0.24833118
-0.65261878
-0.59623853
-0.78096405
-0.5930299
-0.57836187
-0.71449953
0.12157823
-0.697998
-0.23870528
0.65375273
-0.76767115
-0.054896518
0.02027714
-0.18645042
-0.23137127
-0.55727658
-0.10440112
0.63037555
0.16329044
-0.37392619
-0.31983783
-0.21716161
0.90127575
-0.16903213
-0.050771135
-0.22037024
0.098659431
-0.77317166
-0.41288815
0.63220906
-0.25245656
0.18483411
-0.12594479
-0.31983783
-0.51098061
0.41998098
0.093158919
-0.54994256
-1.0358211
-0.0067670417
0.32005502
0.29117734
-0.44176583
-0.54902581
-0.014101057
-0.39638661
1.4151152
0.10415994
-0.99594238
-0.56461059
-0.5206065
-0.74016859
-0.13465394
-0.15207222
-0.70349851
-0.86484685
1.1575079
-0.63795075
-0.37713482
-0.94689615
0.27788443
-0.35742466
-0.0819407
0.11424421
0.46581858
0.19308488
-0.65766091
0.088575159
-0.60815631
2.3162824
0.90952652
-0.54444205
-1.0110688
0.73534365
-0.74337722
-0.71266603
0.031278164
-0.083774204
-0.1905758
-0.0086005456
0.14174677
-0.22082862
-0.067731045
2.0357563
0.13762139
-0.099358987
-0.47156027
-0.39684499
-0.51923137
-0.80892498
-0.55406795
-0.53802479
-0.95010478
-0.29096014
2.6201856
0.7115081
-0.88226514
-0.16353162
0.96774026
0.33839006
0.3205134
-0.51373086
1.0287043
-0.30241954
0.88798285
-0.74979448
-0.75391987
-0.2134946
6.2583157
-0.33496423
-0.55773495
-0.27720886
-0.28958501
-0.24283066
-0.11677727
-0.59853041
-0.33679774
-0.29187689
-0.77821379
-1.0889927
-0.50410497
-0.83001028
-0.63428374
-0.53894154
0.30630374
0.64641871
-0.11356864
-0.087899588
-0.7915067
-0.46605976
0.021652268
-0.28316775
-0.34504851
-0.35696628
-0.098442235
1.4586609
-0.60494768
0.20683616
-0.32396321
-1.0619485
-0.35329927
-0.3908861
-0.64528476
1.7034337
-0.19882657
-0.41426328
-0.25153981
0.10553507
0.9365707
-0.38217696
-0.44726635
-0.18370016
-0.066814293
1.1102952
-0.05122951
-0.36155004
0.069323369
-0.034727976
-0.12731992
1.194178
-0.78829806
-0.52748214
0.45985969
-1.160041
-0.32763022
-0.48485318
0.7018822
0.46856884
-0.055354894
-0.3679673
0.32738904
-0.68332997
-0.4711019
1.144215
-0.518773
-0.5911964
-0.57102786
-0.50410497
1.3133557
-0.58111213
0.39935406
2.0696761
-0.31067031
0.095909175
7.3588764
-0.83871942
-0.69066398
-0.0095172975
4.0833217
0.050071578
0.58912172
0.041820811
-0.38309371
3.3499202
2.1540173
-0.14336308
0.20362753
0.24488136
-0.82313464
-0.47981104
-0.64620152
-0.78600619
-0.46010087
-0.045270623
-1.1792928
-0.30287792
0.02027714
-0.63749237
0.28705195
-0.38126021
-0.46697651
0.64504358
1.2308481
0.032653291
-0.091566596
-0.81992601
-0.65857767
-0.50227146
-1.1114531
0.15274779
-0.46193438
-0.047562503
-0.37071756
-0.34092312
-0.96156418
-0.063605662
-0.19332606
-0.640701
0.019360388
-0.23320477
-0.39867849
-0.02739396
-0.0081421696
-0.32258808
-0.27308348
0.23525547
2.3836636
-0.31021193
1.9174953
-0.43947395
-0.59623853
0.35993373
-0.51189736
-1.1229125
0.21875393
-0.23137127
-0.30379467
0.48232011
-0.44039071
1.1992201
-0.15711436
-0.40830439
-0.38676072
-0.343215
-0.95514692
0.054655338
0.079866016
1.3802786
-0.71770817
-0.48026942
1.0731667
-0.21486973
1.1694257
-0.10806813
-0.36017491
-0.91572658
-0.075981813
-0.74337722
-0.51648112
-0.61503195
1.2844781
-0.66453655
1.0474977
-0.28041749
0.58545471
-0.50181309
-0.039311735
2.0893863
-0.64436801
-0.48118617
-0.15207222
1.5888397
1.6021326
-0.13511231
0.17245796
-0.67462083
0.24304786
-0.096150355
0.67850503
-0.35604953
-0.20616059
0.28567683
-0.12731992
-0.35192414
-1.1935024
0.77430561
0.78714013
-0.72000005
-0.36567542
0.0037756055
-0.013642681
6.1450968
-0.02510208
-0.10990163
-0.22266212
-0.11494377
0.30676212
0.10461832
-0.87768138
-0.5338994
0.08169952
0.0019421017
0.54420087
-0.76996303
-0.30241954
-0.41884704
2.1888538
-0.42663943
0.53915873
0.067031489
-0.42022216
-0.77179653
-0.46926839
-0.27950074
-0.48393642
-0.58661264
-0.48301967
2.0481324
0.70234058
-0.53939992
0.097284303
-0.25016468
-0.18965905
-0.62969998
-0.039311735
-0.57331974
-0.41793028
-1.0124439
0.45802619
-1.1646247
-0.65170203
0.098201055
-0.28087587
-0.21486973
-0.79792396
5.004199
-0.0067670417
-0.53848316
-0.77913055
-0.25704032
-0.57606999
-0.069106173
0.18712599
0.2879687
0.44427491
-0.47018514
-0.34550688
-0.88776565
-0.5453588
-0.65078527
-0.02739396
-0.24512254
0.25267376
-0.40738764
-0.48943693
-0.21441135
0.78943201
-0.5091471
-0.28362613
-0.34413175
0.030819788
0.042279187
-0.73695996
-0.60540605
-0.29691903
-0.25841545
2.7531147
3.845883
0.5111978
-0.043437119
12.728751
-0.16994889
0.22379607
-0.55452632
3.1986561
-0.1525306
0.099117807
-0.26208246
-0.42755618
0.15228942
-0.79609046
-0.41151302
-0.5302324
0.61158214
-0.7342097
-0.087441212
0.10415994
-0.81167524
-0.37346782
-0.069106173
0.72617613
0.46902721
-0.42893131
0.15228942
-0.70808227
0.019818764
-0.99731751
-0.022351825
-0.32671347
0.015693381
0.088116783
0.0839914
-0.47889429
0.3796439
-0.31983783
-0.57148623
-0.5320659
0.41264697
2.8246213
-0.79288182
-1.1059526
0.27375905
0.25038188
0.56070241
0.50478054
-0.30792005
0.016610133
-0.3184627
-0.78463106
-0.50318821
-0.77087978
0.13487113
0.04869645
-0.41884704
-0.96706469
0.82839397
-0.78463106
-0.42434755
1.0507063
-0.25153981
2.7989523
0.33426468
-0.70899902
-0.10944326
0.041362435
-0.57652837
1.8024429
2.0394233
2.0055035
-0.15115547
0.25863264
0.25129863
-0.57606999
0.039528931
0.26459153
-0.43580695
0.049154826
-0.38996935
-0.26758297
-0.021435073
0.59691411
-0.26666621
-0.42572268
-0.78921482
-0.45276686
-0.22449563
0.21187829
-0.6141152
0.4043962
0.40577133
0.27650931
-0.47201865
0.15274779
0.48919575
-0.44497447
0.28155144
-0.77821379
-0.94506265
-1.1724171
-0.3661338
-0.13694582
-0.47156027
-0.50227146
0.43098201
-0.10715138
-0.6732457
-0.095233603
-0.28362613
0.10278481
0.64779384
0.7477198
-0.23870528
-0.64253451
0.024402524
-0.44222421
-0.43993233
3.2206581
-0.21441135
0.65558623
-0.5930299
-0.80159097
0.17016608
1.3037298
-0.38263533
-0.40830439
0.18254223
-0.76767115
0.32784741
5.8512778
0.30492862
-0.40372063
-0.72320868
-0.53756641
-0.1869088
-0.22541238
0.18025035
1.7226855
-0.6484934
-0.2116611
0.49928003
-0.10715138
-0.28270937
-0.12090266
0.13303763
0.31272101
0.14083002
0.64458521
0.91136002
1.219847
0.90265088
-0.48714505
0.71609186
-0.56552735
-0.056730022
-0.58248726
-0.11998591
-0.56186034
-1.0481972
0.81968483
0.16237369
0.56574454
0.47223584
0.33518143
-0.24374742
0.41448047
0.078032512
-0.61503195
0.019818764
0.054196962
-0.039770111
-0.79884071
-0.41334652
2.6371455
-0.72045842
-0.35146577
1.4141985
1.0750002
-0.31387894
0.10370157
2.2374417
0.133496
-0.579737
-0.22128699
-0.39638661
-0.31983783
-0.10210924
-0.39180285
1.6154255
-0.41976379
-0.18186666
1.3009796
-0.14061282
0.25313213
-0.61319845
-0.4862283
-0.58752939
0.08628328
-1.0550729
-0.49172881
0.35122459
-0.37530132
0.21462855
-0.39867849
-0.14703009
0.68538067
-0.44955823
-0.23228802
-0.41701353
-0.093400099
0.95765599
-0.97806572
-0.46010087
0.44427491
3.4837659
-0.70074826
-0.5815705
-0.36750893
0.1220366
-0.95102153
0.62808367
-0.14840522
0.091325415
-0.35696628
8.4571452
-0.60082229
-0.39409473
0.85681328
-0.49997958
-0.68241322
-0.25520682
-0.47889429
1.7272692
-0.3890526
-1.0766165
-0.82038438
-0.08423258
-0.24374742
0.050071578
0.27925956
-0.97944084
-0.53756641
-0.38355209
-0.17224077
-0.51602274
-0.99640075
-0.27537536
-1.171042
0.26596666
-0.34688201
-0.53160752
0.1183696
0.32372203
-0.72687569
-0.84880369
-0.61457357
0.36864288
0.30584537
0.87377319
0.072990377
-0.17224077
-0.20982759
-0.44359934
-0.54673393
-0.37667645
-0.88089001
0.48598712
0.35993373
0.21737881
0.26550828
-0.25016468
-0.25520682
-0.87401437
0.16145694
-0.22678751
0.60195624
-0.50318821
0.43969115
-0.5568182
0.72663451
-0.55727658
0.6312923
-0.2973774
-0.29691903
0.047321322
-0.62007409
-0.47889429
-0.87034736
-0.057646774
0.38697791
-0.24649767
0.23800572
-0.79746558
0.75963757
-0.4596425
-0.40372063
1.5210001
-0.49218719
-0.77683867
-0.65124365
0.067948241
-0.12640317
1.090585
1.9362887
0.54832625
2.8003274
-0.070939677
-0.65903604
-0.43947395
-0.047562503
-0.68012134
-0.50502172
-0.12227779
3.0638936
1.739187
-0.66453655
-0.49310394
-0.029227464
-0.89784992
0.25863264
