68.627451,12.123868
31.372549,24.247529
100,11.134181
70.588235,52.371124
29.411765,32.123785
82.352941,29.649568
60.784314,16.824879
66.666667,82.432856
49.019608,63.030874
19.607843,100
62.745098,36.536138
82.352941,44.824764
29.411765,32.989761
68.627451,16.288799
60.784314,35.56707
84.313725,9.5877955
45.098039,36.041295
23.529412,31.422757
47.058824,31.958837
47.058824,18.391883
50.980392,25.340308
29.411765,14.948598
49.019608,14.226952
39.215686,20.907336
70.588235,29.010396
45.098039,10.721811
90.196078,17.360959
27.45098,21.979497
58.823529,40.577358
35.294118,9.0310968
64.705882,28.804211
49.019608,8.9692414
47.058824,37.505206
21.568627,29.938227
100,62.886545
47.058824,47.546402
80.392157,14.845506
25.490196,86.597787
31.372549,61.298922
86.27451,44.103117
37.254902,9.3197554
45.098039,79.525651
76.470588,17.649618
50.980392,11.711498
29.411765,32.989761
78.431373,20.350638
64.705882,20.783626
70.588235,45.463936
84.313725,31.092861
66.666667,36.268098
15.686275,26.206284
37.254902,15.154783
39.215686,7.4847114
80.392157,71.484447
37.254902,43.79384
52.941176,43.917551
52.941176,18.288791
49.019608,44.680434
76.470588,31.051625
1.9607843,47.463928
82.352941,8.123884
62.745098,35.402122
76.470588,32.06193
60.784314,31.11348
52.941176,100
70.588235,27.319681
5.8823529,43.298997
25.490196,33.855737
66.666667,35.03099
7.8431373,18.598068
100,100
84.313725,22.989802
29.411765,51.360819
80.392157,32.247496
31.372549,38.742314
35.294118,50.577317
52.941176,10.309442
47.058824,13.464068
47.058824,82.082342
92.156863,7.77337
76.470588,20.103216
64.705882,35.257793
27.45098,14.948598
31.372549,76.061748
52.941176,32.989761
60.784314,17.525907
11.764706,67.505082
9.8039216,23.897015
52.941176,71.649395
64.705882,26.000099
50.980392,34.309343
7.8431373,19.587754
64.705882,21.40218
29.411765,51.958755
17.647059,28.639263
52.941176,87.443145
47.058824,29.917609
68.627451,10.989852
82.352941,14.494992
56.862745,26.247521
31.372549,35.56707
35.294118,46.989703
49.019608,74.226704
37.254902,100
31.372549,30.824821
74.509804,33.340275
90.196078,14.577466
25.490196,54.680393
60.784314,10.639338
45.098039,95.319401
54.901961,15.567152
31.372549,41.134057
76.470588,27.835143
62.745098,50.80412
62.745098,21.40218
25.490196,51.896899
90.196078,17.154775
66.666667,24.041344
54.901961,2.7424629
50.980392,31.443375
31.372549,29.793898
100,8.2475949
50.980392,41.793848
1.9607843,54.432971
100,8.4537796
37.254902,29.917609
100,42.866009
72.54902,100
33.333333,21.793931
29.411765,32.18564
31.372549,35.443359
35.294118,49.567012
37.254902,51.298964
60.784314,8.4125426
31.372549,41.835085
27.45098,15.629008
31.372549,46.08249
49.019608,26.783601
13.72549,17.48467
62.745098,8.4125426
13.72549,66.577251
50.980392,24.783609
82.352941,57.381413
70.588235,33.711407
45.098039,34.701094
82.352941,25.628966
31.372549,21.649601
56.862745,49.257735
58.823529,100
50.980392,53.298955
31.372549,10.309442
50.980392,13.629016
100,28.453697
100,16.453747
13.72549,41.876322
66.666667,41.855704
62.745098,10.185731
100,34.556765
64.705882,12.206341
78.431373,36.494901
45.098039,43.422708
41.176471,91.236943
64.705882,25.690822
49.019608,11.917683
56.862745,76.515355
50.980392,37.505206
52.941176,20.618678
64.705882,80.597812
31.372549,30.494926
43.137255,41.979415
62.745098,18.577449
70.588235,78.206069
62.745098,36.618612
74.509804,25.464019
62.745098,48.824747
90.196078,43.298997
94.117647,40.391792
41.176471,22.577433
76.470588,16.247562
50.980392,13.154791
58.823529,34.701094
74.509804,72.144239
52.941176,52.96906
54.901961,41.670137
49.019608,17.525907
31.372549,31.484612
47.058824,46.536097
76.470588,17.525907
60.784314,44.659816
88.235294,15.010454
90.196078,71.690632
100,100
100,82.989555
72.54902,44.969093
78.431373,36.866034
11.764706,56.804096
100,21.443417
84.313725,20.639296
33.333333,18.866108
52.941176,66.164882
37.254902,23.876396
76.470588,100
50.980392,16.866116
45.098039,50.474225
70.588235,32.123785
74.509804,18.041369
64.705882,85.360679
49.019608,57.051517
54.901961,100
23.529412,52.824731
25.490196,51.010305
31.372549,18.907345
58.823529,100
47.058824,47.44331
35.294118,10.47439
9.8039216,69.072086
43.137255,36.453664
33.333333,27.072259
45.098039,68.35044
23.529412,27.752669
74.509804,68.164874
27.45098,25.381545
88.235294,16.639313
84.313725,48.453615
72.54902,34.536146
60.784314,26.969167
31.372549,32.907287
70.588235,86.391603
33.333333,16.53622
62.745098,13.670253
43.137255,34.701094
72.54902,10.123876
43.137255,21.40218
64.705882,12.453763
58.823529,100
37.254902,71.814343
43.137255,25.814533
66.666667,39.443343
64.705882,33.608315
39.215686,14.185715
50.980392,42.103125
31.372549,28.515553
60.784314,100
58.823529,20.309401
45.098039,10.783667
66.666667,52.55669
29.411765,29.773279
58.823529,30.412452
1.9607843,89.690558
100,68.865902
39.215686,48.989695
100,44.783527
29.411765,23.360935
72.54902,41.546427
31.372549,81.690591
64.705882,38.144379
80.392157,100
39.215686,51.814426
96.078431,32.701102
19.607843,23.092894
31.372549,39.134065
47.058824,83.298832
98.039216,100
58.823529,49.587631
62.745098,11.464076
31.372549,16.659931
23.529412,15.567152
29.411765,77.484423
41.176471,68.577243
50.980392,14.948598
60.784314,35.443359
62.745098,100
35.294118,47.175269
31.372549,21.979497
45.098039,100
84.313725,40.721688
7.8431373,47.958771
86.27451,58.309244
49.019608,52.721638
74.509804,28.556789
54.901961,44.948474
56.862745,14.371281
5.8823529,61.19583
50.980392,27.649577
68.627451,64.267982
31.372549,10.103257
68.627451,38.742314
31.372549,55.113381
49.019608,22.144445
68.627451,13.835201
62.745098,42.866009
68.627451,11.175418
70.588235,10.391916
31.372549,33.732026
23.529412,66.45354
84.313725,64.082416
15.686275,32.082548
100,43.298997
84.313725,32.309351
39.215686,70.824656
100,23.299079
29.411765,34.453672
21.568627,50.94845
21.568627,100
100,83.505016
41.176471,55.319566
47.058824,7.0104866
68.627451,33.443367
64.705882,29.195962
39.215686,21.216614
29.411765,19.23724
47.058824,42.721679
66.666667,44.659816
29.411765,26.371231
86.27451,33.567078
100,35.072227
23.529412,18.02075
84.313725,41.051583
68.627451,35.56707
5.8823529,28.020709
100,100
80.392157,31.278428
56.862745,96.556509
56.862745,22.350629
86.27451,25.649585
78.431373,30.30936
23.529412,18.824871
23.529412,69.711259
33.333333,32.989761
72.54902,24.783609
76.470588,99.463714
37.254902,100
100,52.70102
74.509804,49.340209
50.980392,24.680517
54.901961,30.412452
56.862745,71.257644
19.607843,23.876396
72.54902,11.95892
78.431373,15.608389
76.470588,21.072284
56.862745,8.8455305
41.176471,100
62.745098,38.721696
41.176471,100
29.411765,19.958887
49.019608,37.752628
66.666667,36.000058
43.137255,51.154634
66.666667,21.711457
64.705882,49.525775
50.980392,100
100,78.164832
25.490196,45.855687
31.372549,22.061971
45.098039,100
68.627451,41.567045
68.627451,50.206185
7.8431373,21.278469
41.176471,58.76285
76.470588,33.587697
74.509804,29.484621
52.941176,21.299087
25.490196,22.969184
84.313725,57.546361
43.137255,5.6702859
31.372549,29.546476
29.411765,61.133975
31.372549,14.598084
47.058824,71.133933
58.823529,43.298997
13.72549,48.268048
80.392157,13.897056
94.117647,36.701086
33.333333,35.195937
35.294118,54.98967
13.72549,37.711391
56.862745,16.659931
58.823529,33.54646
45.098039,76.84525
23.529412,100
54.901961,16.866116
62.745098,24.268147
37.254902,3.6084387
80.392157,21.154758
35.294118,28.433079
66.666667,34.948516
47.058824,50.164948
15.686275,32.041311
70.588235,54.164931
58.823529,100
3.9215686,22.082589
31.372549,16.371273
47.058824,46.824755
100,65.216432
96.078431,20.123835
17.647059,39.443343
19.607843,17.381578
29.411765,26.371231
25.490196,13.752727
13.72549,32.103167
33.333333,8.9280044
52.941176,26.845456
86.27451,40.804162
66.666667,100
35.294118,29.649568
29.411765,62.969019
39.215686,30.123793
66.666667,13.44345
62.745098,8.2682133
100,100
33.333333,60.494802
29.411765,55.092763
49.019608,11.938301
33.333333,18.309409
41.176471,16.721787
33.333333,13.257883
31.372549,20.391875
68.627451,37.092837
62.745098,23.237224
50.980392,7.1754343
62.745098,67.690649
86.27451,46.371149
68.627451,81.401932
35.294118,53.319574
92.156863,65.38138
47.058824,36.10315
54.901961,86.639024
25.490196,55.278329
39.215686,36.804178
45.098039,39.628909
5.8823529,30.556781
35.294118,28.494934
19.607843,26.12381
21.568627,16.020759
100,35.56707
47.058824,33.319656
80.392157,45.95878
70.588235,30.288741
78.431373,18.000132
76.470588,44.721671
29.411765,31.9176
31.372549,81.525643
64.705882,32.86605
68.627451,69.072086
54.901961,27.319681
50.980392,100
64.705882,80.865852
17.647059,48.350522
94.117647,100
39.215686,82.267908
45.098039,33.443367
82.352941,48.020627
15.686275,37.072218
45.098039,53.525759
78.431373,28.927922
100,1.5465916
21.568627,57.608216
100,44.185591
62.745098,27.010404
68.627451,10.824904
52.941176,32.59801
45.098039,34.907279
5.8823529,27.422774
54.901961,73.07207
58.823529,100
41.176471,19.257859
78.431373,44.144354
31.372549,36.433046
49.019608,23.587738
60.784314,29.567095
60.784314,29.010396
7.8431373,37.381495
68.627451,21.195995
82.352941,25.897007
60.784314,36.556756
29.411765,51.814426
54.901961,10.701193
66.666667,29.855753
49.019608,14.948598
76.470588,73.979283
66.666667,18.103224
100,43.731985
60.784314,28.350605
37.254902,18.824871
100,64.391693
37.254902,46.206201
68.627451,26.556798
37.254902,9.6908879
88.235294,19.464043
35.294118,22.927947
50.980392,53.979365
62.745098,36.329953
47.058824,13.010462
17.647059,14.123859
49.019608,40.866017
98.039216,22.783617
45.098039,54.226787
74.509804,63.917468
64.705882,88.412213
78.431373,32.288733
72.54902,21.40218
70.588235,33.938211
54.901961,24.659898
45.098039,100
31.372549,45.237133
37.254902,38.412419
29.411765,10.824904
68.627451,32.783576
68.627451,33.711407
19.607843,22.165063
70.588235,11.855827
70.588235,33.525841
76.470588,27.711432
100,35.855728
68.627451,69.628785
47.058824,89.010148
39.215686,67.690649
39.215686,42.515495
52.941176,23.979489
45.098039,65.731894
66.666667,72.247331
29.411765,49.19588
47.058824,15.546534
100,25.525874
33.333333,54.515445
37.254902,42.515495
11.764706,23.257842
86.27451,100
80.392157,25.97948
64.705882,25.608348
17.647059,71.422592
31.372549,19.670228
80.392157,20.824863
7.8431373,42.886627
70.588235,47.360836
50.980392,75.566905
45.098039,19.855794
31.372549,44.123736
39.215686,54.701012
33.333333,30.866058
29.411765,42.948483
49.019608,67.566938
29.411765,37.567062
27.45098,14.082622
70.588235,10.247587
90.196078,22.350629
11.764706,55.443277
100,16.288799
60.784314,17.299104
23.529412,20.845481
21.568627,11.938301
76.470588,100
27.45098,12.020775
82.352941,12.659948
58.823529,52.845349
86.27451,31.072243
33.333333,56.804096
100,73.381347
45.098039,12.330052
33.333333,90.535915
64.705882,18.350646
23.529412,29.402147
68.627451,25.010412
29.411765,11.01047
58.823529,56.453582
54.901961,19.50528
27.45098,49.216498
35.294118,25.257834
74.509804,89.690558
62.745098,1.5465916
54.901961,30.329978
58.823529,40.721688
29.411765,21.237232
7.8431373,41.711374
31.372549,25.154742
98.039216,30.412452
11.764706,34.288725
58.823529,19.64961
37.254902,25.835151
56.862745,31.814508
29.411765,34.165014
62.745098,12.886751
80.392157,43.773222
100,100
66.666667,40.948491
56.862745,64.989629
52.941176,43.237141
94.117647,21.360943
80.392157,36.597993
33.333333,11.443458
33.333333,16.598076
39.215686,16.53622
62.745098,28.804211
68.627451,9.1960446
54.901961,50.577317
100,26.12381
21.568627,48.185574
82.352941,71.670014
60.784314,63.422625
66.666667,53.566996
11.764706,13.44345
100,57.484505
27.45098,23.42279
60.784314,30.824821
31.372549,10.824904
64.705882,43.855695
29.411765,12.659948
29.411765,21.690838
17.647059,34.103158
78.431373,46.536097
84.313725,41.917559
84.313725,10.350679
47.058824,55.896883
7.8431373,14.288807
49.019608,47.402073
80.392157,27.257826
100,65.752512
49.019608,14.206333
49.019608,45.670121
7.8431373,32.350588
66.666667,31.628942
72.54902,21.649601
100,69.072086
39.215686,100
27.45098,40.721688
76.470588,42.020651
52.941176,20.433112
5.8823529,25.257834
45.098039,53.113389
100,100
29.411765,30.618637
37.254902,69.072086
78.431373,28.082565
70.588235,29.670187
82.352941,100
35.294118,37.113455
17.647059,4.6393623
5.8823529,100
9.8039216,8.866149
66.666667,31.278428
72.54902,68.412295
78.431373,15.938285
33.333333,19.773321
35.294118,35.814491
84.313725,30.371215
39.215686,33.979448
29.411765,18.824871
100,91.669931
27.45098,32.618628
7.8431373,49.134024
80.392157,31.525849
47.058824,31.855745
19.607843,76.515355
23.529412,21.690838
52.941176,24.061963
68.627451,80.267916
23.529412,21.917642
56.862745,42.268073
60.784314,14.721795
78.431373,34.659857
66.666667,9.1754261
5.8823529,40.680451
29.411765,65.958697
100,88.556542
56.862745,20.103216
25.490196,16.123851
41.176471,40.845399
60.784314,35.56707
60.784314,42.371165
68.627451,21.793931
43.137255,37.072218
64.705882,70.824656
27.45098,67.855596
27.45098,15.051691
35.294118,18.577449
56.862745,28.783593
25.490196,12.041394
66.666667,12.22696
86.27451,67.154568
62.745098,53.855654
31.372549,44.845382
98.039216,62.659742
70.588235,21.051666
29.411765,32.783576
41.176471,33.628933
27.45098,16.123851
19.607843,43.731985
76.470588,100
78.431373,19.50528
54.901961,10.907378
50.980392,70.886512
82.352941,11.340366
100,17.525907
45.098039,100
70.588235,34.948516
35.294118,15.360968
64.705882,72.39166
92.156863,60.288617
31.372549,26.866075
39.215686,53.030915
25.490196,10.824904
92.156863,18.453738
25.490196,18.226935
25.490196,54.824722
33.333333,53.876273
19.607843,21.649601
78.431373,10.288824
100,100
52.941176,30.84544
88.235294,38.144379
39.215686,19.010437
27.45098,20.907336
92.156863,19.072292
25.490196,62.824689
100,66.206119
70.588235,10.721811
54.901961,34.08254
54.901961,100
84.313725,57.175228
68.627451,39.278395
66.666667,64.639115
49.019608,40.082515
41.176471,25.216597
45.098039,14.123859
43.137255,22.680525
56.862745,36.433046
90.196078,10.515627
100,24.123818
27.45098,59.17522
70.588235,47.051559
96.078431,20.103216
82.352941,26.103191
41.176471,26.268139
47.058824,34.268106
50.980392,37.175311
31.372549,33.195946
84.313725,61.835003
100,16.247562
68.627451,68.865902
64.705882,17.175393
64.705882,50.989687
60.784314,62.700979
100,74.618455
64.705882,16.061996
74.509804,64.206127
31.372549,32.144404
35.294118,33.340275
76.470588,34.88666
33.333333,7.5671853
58.823529,29.422765
39.215686,8.4331611
31.372549,23.484645
1.9607843,96.721457
72.54902,76.371025
66.666667,46.103109
45.098039,17.75271
86.27451,13.402213
47.058824,45.484555
60.784314,61.051501
27.45098,18.16508
74.509804,69.608167
45.098039,12.701185
39.215686,15.257875
78.431373,53.092771
68.627451,29.381528
35.294118,35.56707
76.470588,41.422716
72.54902,18.845489
54.901961,22.680525
68.627451,100
100,20.103216
80.392157,40.721688
27.45098,32.701102
25.490196,26.556798
31.372549,79.773073
86.27451,35.381504
84.313725,19.175385
47.058824,19.525899
50.980392,36.577375
33.333333,10.350679
70.588235,28.577408
84.313725,10.391916
64.705882,37.546443
3.9215686,37.670154
23.529412,38.701078
66.666667,39.010355
82.352941,91.979208
72.54902,16.783642
39.215686,99.133818
49.019608,70.020536
66.666667,42.597969
19.607843,26.845456
43.137255,27.979472
29.411765,23.051658
86.27451,40.103134
78.431373,12.742422
64.705882,54.226787
9.8039216,10.886759
84.313725,44.74229
50.980392,52.082466
33.333333,65.773131
50.980392,11.711498
52.941176,35.56707
27.45098,69.072086
7.8431373,13.793964
27.45098,32.453681
49.019608,53.608233
37.254902,78.59782
100,78.762768
29.411765,35.56707
31.372549,29.608332
52.941176,39.443343
37.254902,27.835143
66.666667,37.711391
58.823529,9.2785184
43.137255,38.680459
11.764706,35.443359
41.176471,31.422757
62.745098,32.041311
39.215686,28.000091
80.392157,10.536245
68.627451,33.030998
100,40.721688
80.392157,49.567012
27.45098,13.917675
25.490196,47.134032
11.764706,66.432922
31.372549,14.948598
90.196078,61.958714
49.019608,8.866149
23.529412,75.257628
47.058824,40.041278
33.333333,42.061888
74.509804,15.257875
76.470588,42.082507
70.588235,18.185698
60.784314,28.866067
35.294118,44.907237
37.254902,76.247314
66.666667,57.051517
62.745098,10.989852
58.823529,10.47439
68.627451,33.855737
29.411765,41.938178
27.45098,26.000099
62.745098,31.463994
72.54902,21.814549
27.45098,43.814458
31.372549,23.464027
50.980392,23.175368
15.686275,37.670154
25.490196,25.58773
66.666667,26.618653
66.666667,14.824887
80.392157,34.783568
49.019608,69.319508
37.254902,47.876297
50.980392,30.969151
66.666667,49.46392
37.254902,28.82483
70.588235,39.814475
47.058824,35.752636
60.784314,29.670187
72.54902,27.381537
100,14.51561
74.509804,16.907353
39.215686,8.2475949
56.862745,35.257793
66.666667,57.587598
80.392157,47.051559
92.156863,24.886701
33.333333,53.814417
23.529412,13.134173
27.45098,18.907345
43.137255,69.072086
94.117647,40.474266
58.823529,100
100,53.608233
62.745098,30.43307
29.411765,66.103026
41.176471,47.216506
64.705882,74.845258
29.411765,74.432889
5.8823529,47.402073
58.823529,13.814582
68.627451,60.639131
78.431373,73.195781
17.647059,56.185542
84.313725,12.804277
68.627451,19.567136
60.784314,51.092779
19.607843,12.845514
54.901961,72.968977
58.823529,17.21663
43.137255,45.525792
72.54902,42.268073
21.568627,52.061847
64.705882,58.969035
25.490196,32.165022
25.490196,26.041336
5.8823529,70.63909
54.901961,14.371281
52.941176,56.783477
35.294118,32.989761
82.352941,53.195863
56.862745,31.855745
68.627451,28.206275
84.313725,9.1341891
37.254902,100
45.098039,8.474398
19.607843,19.360951
74.509804,98.597738
50.980392,18.824871
43.137255,89.690558
82.352941,46.123727
100,75.340102
72.54902,31.195954
27.45098,17.051682
86.27451,72.103002
19.607843,26.247521
68.627451,20.103216
68.627451,29.711424
56.862745,41.072202
60.784314,11.876446
7.8431373,67.298898
35.294118,9.8970726
29.411765,37.814483
94.117647,26.412468
33.333333,28.989777
43.137255,59.278312
60.784314,72.742174
68.627451,67.731886
15.686275,52.597927
68.627451,51.75257
29.411765,47.340217
23.529412,22.371248
80.392157,8.165121
68.627451,9.4847032
50.980392,28.94854
19.607843,27.546484
27.45098,30.721729
90.196078,45.175278
78.431373,17.443433
84.313725,34.288725
49.019608,55.113381
5.8823529,20.350638
45.098039,6.7012095
47.058824,15.7321
66.666667,33.793881
7.8431373,35.319648
27.45098,11.649643
68.627451,49.257735
45.098039,29.711424
47.058824,21.814549
52.941176,72.865885
23.529412,16.103233
31.372549,30.969151
76.470588,43.298997
31.372549,8.4331611
100,34.453672
29.411765,50.618554
47.058824,49.670104
62.745098,12.659948
49.019608,49.608249
82.352941,41.587664
35.294118,71.876198
70.588235,100
74.509804,14.453755
31.372549,100
66.666667,25.113505
17.647059,64.061798
72.54902,100
45.098039,67.67003
92.156863,27.134115
74.509804,9.4434662
49.019608,83.05141
60.784314,47.134032
100,100
27.45098,21.40218
23.529412,65.628802
50.980392,30.494926
60.784314,27.092878
60.784314,60.288617
100,23.092894
39.215686,11.69088
31.372549,21.422798
60.784314,23.752686
74.509804,29.443384
58.823529,51.525767
31.372549,44.701053
35.294118,17.711473
100,45.257752
56.862745,82.350382
37.254902,30.412452
17.647059,38.061905
56.862745,9.2785184
17.647059,15.257875
37.254902,9.8970726
41.176471,37.567062
43.137255,24.845465
70.588235,27.422774
68.627451,37.257785
43.137255,70.432905
52.941176,20.98981
29.411765,42.206218
47.058824,35.237174
52.941176,13.567161
35.294118,16.330036
39.215686,54.494827
56.862745,85.07202
37.254902,18.536212
66.666667,21.40218
31.372549,25.195979
35.294118,46.639189
37.254902,26.598035
100,61.896858
100,81.958631
74.509804,45.257752
56.862745,10.907378
11.764706,29.257817
35.294118,11.092944
23.529412,62.185517
29.411765,22.680525
74.509804,69.505074
70.588235,76.968961
74.509804,76.474118
68.627451,42.185599
19.607843,44.783527
64.705882,16.247562
100,82.535948
100,100
100,11.443458
25.490196,45.608266
37.254902,19.23724
80.392157,26.907312
31.372549,29.299054
23.529412,30.515544
96.078431,68.329821
100,79.381322
70.588235,11.051707
72.54902,7.7939885
90.196078,19.855794
39.215686,100
72.54902,16.515602
78.431373,30.185649
60.784314,46.08249
66.666667,26.989786
58.823529,32.989761
23.529412,42.824772
5.8823529,26.165047
70.588235,29.732042
33.333333,10.453771
100,16.247562
100,11.608406
45.098039,20.165071
27.45098,14.082622
58.823529,31.051625
76.470588,10.412534
17.647059,25.505256
60.784314,16.041377
35.294118,51.75257
37.254902,54.577301
29.411765,36.433046
64.705882,45.443318
62.745098,21.40218
84.313725,27.319681
29.411765,32.206259
56.862745,29.134107
60.784314,8.7424382
100,66.783436
90.196078,15.979522
70.588235,29.195962
82.352941,23.278461
41.176471,19.958887
41.176471,66.082408
68.627451,48.989695
68.627451,30.041319
33.333333,64.391693
88.235294,17.21663
39.215686,30.618637
68.627451,28.639263
70.588235,28.82483
23.529412,18.43312
7.8431373,60.65975
68.627451,49.092787
60.784314,19.464043
27.45098,42.762916
47.058824,30.701111
52.941176,62.103043
100,28.866067
76.470588,40.02066
52.941176,41.958796
68.627451,14.24757
100,11.752735
62.745098,8.7836751
74.509804,20.103216
47.058824,40.206226
49.019608,13.381594
100,8.0826471
94.117647,30.474307
76.470588,76.123604
60.784314,27.60834
78.431373,30.412452
64.705882,50.762883
50.980392,21.216614
7.8431373,25.381545
64.705882,27.546484
78.431373,33.690789
47.058824,34.041303
50.980392,31.979456
21.568627,37.278403
29.411765,17.092919
70.588235,35.752636
60.784314,61.381396
72.54902,20.391875
68.627451,18.247554
90.196078,32.742339
49.019608,24.412477
33.333333,18.144461
19.607843,20.000124
62.745098,8.3713057
66.666667,54.494827
29.411765,51.278345
52.941176,32.762958
41.176471,45.773213
7.8431373,100
58.823529,18.412501
56.862745,68.474151
58.823529,42.84539
80.392157,24.391858
78.431373,29.09287
41.176471,7.031105
23.529412,31.567086
39.215686,77.566897
100,54.948433
84.313725,19.38157
49.019608,27.835143
86.27451,19.958887
31.372549,12.515618
47.058824,24.474332
47.058824,100
74.509804,23.711449
33.333333,13.938293
37.254902,30.041319
68.627451,80.577193
100,100
66.666667,84.824599
100,50.432988
19.607843,31.855745
29.411765,36.866034
66.666667,43.422708
39.215686,17.587763
96.078431,43.298997
33.333333,22.61867
64.705882,13.917675
33.333333,100
98.039216,7.6084222
31.372549,19.958887
100,77.587515
64.705882,25.97948
100,55.958738
33.333333,16.556839
66.666667,51.195871
29.411765,35.752636
50.980392,44.536105
86.27451,71.340118
54.901961,80.783378
96.078431,74.5566
19.607843,11.196036
96.078431,7.5671853
31.372549,34.742331
70.588235,8.7012012
11.764706,15.649626
58.823529,35.422741
68.627451,33.835118
43.137255,98.185368
88.235294,10.824904
84.313725,19.979505
94.117647,55.484513
29.411765,41.072202
21.568627,23.319698
80.392157,32.123785
64.705882,82.288527
29.411765,23.360935
90.196078,8.4331611
49.019608,31.237191
13.72549,12.536237
41.176471,58.020585
15.686275,28.866067
11.764706,26.804219
52.941176,94.845176
41.176471,22.989802
33.333333,84.762743
7.8431373,24.783609
100,8.2475949
47.058824,48.824747
43.137255,14.948598
72.54902,35.072227
15.686275,70.453524
64.705882,16.701168
64.705882,51.896899
31.372549,23.711449
25.490196,28.391842
27.45098,53.608233
56.862745,38.659841
35.294118,20.103216
33.333333,35.56707
43.137255,19.628991
96.078431,18.886726
25.490196,25.381545
68.627451,27.402155
27.45098,34.536146
27.45098,27.19597
68.627451,8.9486229
35.294118,54.020602
33.333333,47.03094
15.686275,58.886561
78.431373,33.092853
64.705882,38.3918
17.647059,51.030924
92.156863,36.165006
62.745098,28.309368
52.941176,100
37.254902,11.175418
25.490196,40.391792
47.058824,41.23715
19.607843,26.598035
23.529412,39.75262
74.509804,10.433153
56.862745,47.876297
35.294118,58.474192
47.058824,39.670146
50.980392,24.433095
29.411765,27.628958
68.627451,40.742306
60.784314,9.3609923
19.607843,27.835143
29.411765,23.628975
39.215686,56.288634
54.901961,42.618587
3.9215686,86.783353
100,5.6702859
43.137255,51.298964
31.372549,55.195855
68.627451,76.061748
39.215686,29.010396
60.784314,19.587754
54.901961,20.103216
52.941176,51.092779
19.607843,12.123868
56.862745,18.123843
74.509804,47.56702
82.352941,66.886528
3.9215686,53.134008
45.098039,18.247554
25.490196,77.051435
92.156863,63.133966
78.431373,71.195789
17.647059,14.062004
29.411765,22.185682
21.568627,9.567177
60.784314,33.072235
100,100
84.313725,67.896833
29.411765,31.567086
49.019608,7.6290407
74.509804,34.041303
13.72549,20.639296
45.098039,31.773271
80.392157,39.299013
90.196078,47.917534
31.372549,19.031056
52.941176,18.556831
64.705882,35.979439
80.392157,9.958928
29.411765,8.2475949
37.254902,24.866083
62.745098,8.7630566
68.627451,31.525849
90.196078,12.515618
86.27451,50.618554
49.019608,30.907295
31.372549,56.804096
76.470588,29.175344
62.745098,22.989802
62.745098,33.690789
45.098039,35.56707
19.607843,16.371273
45.098039,10.598101
29.411765,11.27851
47.058824,8.9692414
78.431373,88.98953
49.019608,69.83497
82.352941,7.77337
68.627451,44.103117
23.529412,46.206201
64.705882,33.257801
45.098039,25.608348
90.196078,15.525915
52.941176,9.6496509
64.705882,38.061905
100,37.422732
70.588235,29.773279
100,100
56.862745,96.968878
82.352941,28.247512
13.72549,23.360935
29.411765,57.505124
68.627451,26.845456
66.666667,10.495008
31.372549,85.278205
66.666667,63.670047
74.509804,46.49486
64.705882,15.154783
80.392157,57.01028
37.254902,17.340341
70.588235,13.732108
49.019608,13.113554
29.411765,57.95873
88.235294,20.433112
37.254902,10.701193
41.176471,100
90.196078,36.433046
100,69.072086
43.137255,68.700954
17.647059,25.257834
35.294118,58.845324
15.686275,32.989761
13.72549,25.257834
31.372549,50.123711
52.941176,29.608332
54.901961,15.876429
64.705882,61.340159
33.333333,11.69088
39.215686,57.051517
56.862745,91.834879
68.627451,36.845415
50.980392,20.309401
15.686275,13.29912
76.470588,14.536229
92.156863,87.319434
78.431373,26.103191
54.901961,29.62895
33.333333,17.237249
70.588235,32.020693
25.490196,40.206226
66.666667,44.412394
64.705882,40.536122
100,52.721638
41.176471,17.340341
100,100
54.901961,31.175335
64.705882,10.618719
31.372549,47.587639
66.666667,25.71144
35.294118,6.7012095
35.294118,54.577301
54.901961,28.226894
27.45098,52.515454
78.431373,51.237108
31.372549,74.061756
68.627451,31.422757
31.372549,33.092853
70.588235,12.886751
98.039216,100
41.176471,14.948598
84.313725,14.65994
94.117647,58.103059
39.215686,43.690748
37.254902,53.855654
47.058824,39.257776
49.019608,13.670253
29.411765,43.711366
31.372549,65.216432
33.333333,41.030965
100,31.876363
64.705882,28.474316
54.901961,35.56707
90.196078,17.608381
15.686275,80.577193
23.529412,16.618694
52.941176,7.381619
60.784314,55.546369
58.823529,34.659857
35.294118,56.701003
100,96.927642
70.588235,22.103208
29.411765,57.546361
45.098039,41.546427
45.098039,42.57735
100,31.134098
5.8823529,34.824805
31.372549,48.989695
68.627451,42.639206
66.666667,24.701135
100,82.412237
29.411765,21.031047
58.823529,8.165121
7.8431373,14.082622
64.705882,40.412411
33.333333,32.989761
66.666667,64.43293
19.607843,31.154717
47.058824,39.092828
60.784314,32.886669
45.098039,32.680484
27.45098,44.804145
84.313725,32.762958
43.137255,36.494901
35.294118,52.226795
31.372549,20.474349
52.941176,13.690871
19.607843,37.938194
80.392157,44.32992
35.294118,30.556781
82.352941,28.515553
29.411765,68.267966
60.784314,85.773048
5.8823529,64.762826
82.352941,51.257727
45.098039,28.185657
96.078431,63.319533
66.666667,27.257826
58.823529,22.165063
100,28.94854
62.745098,43.298997
80.392157,32.989761
7.8431373,95.381256
31.372549,31.938219
49.019608,33.896974
100,48.453615
43.137255,43.690748
13.72549,35.649544
60.784314,20.577441
64.705882,14.371281
56.862745,26.65989
96.078431,100
86.27451,42.597969
58.823529,9.7115063
62.745098,20.103216
58.823529,10.495008
72.54902,51.628859
37.254902,12.371289
68.627451,51.48453
70.588235,29.835135
43.137255,23.113513
45.098039,25.257834
21.568627,39.855712
54.901961,25.814533
35.294118,24.90732
41.176471,36.51552
70.588235,100
76.470588,37.340258
66.666667,24.206292
43.137255,57.051517
29.411765,20.144453
68.627451,14.103241
88.235294,14.845506
37.254902,63.525717
62.745098,69.072086
33.333333,71.381355
15.686275,18.721778
54.901961,48.061864
49.019608,17.525907
35.294118,42.268073
100,78.06174
66.666667,10.927996
43.137255,42.969101
50.980392,93.690541
35.294118,48.041245
78.431373,29.670187
88.235294,31.11348
23.529412,68.845283
49.019608,40.206226
21.568627,30.268123
60.784314,27.154733
29.411765,32.350588
86.27451,38.701078
41.176471,100
56.862745,34.453672
25.490196,40.845399
56.862745,100
100,36.350572
17.647059,19.360951
49.019608,37.340258
58.823529,86.948301
33.333333,36.556756
100,98.535882
84.313725,19.567136
100,39.443343
54.901961,35.402122
27.45098,38.412419
72.54902,51.195871
64.705882,30.515544
25.490196,68.103018
70.588235,43.175286
100,89.690558
19.607843,29.835135
25.490196,32.989761
62.745098,54.72163
76.470588,64.948392
17.647059,32.391825
78.431373,89.340044
70.588235,94.082292
19.607843,63.917468
70.588235,21.031047
78.431373,43.876314
35.294118,40.433029
66.666667,29.89699
50.980392,67.649412
82.352941,19.752702
100,21.072284
84.313725,16.247562
100,43.298997
41.176471,100
43.137255,46.927848
68.627451,100
17.647059,32.989761
19.607843,16.969208
84.313725,8.9692414
29.411765,24.680517
50.980392,100
54.901961,34.103158
68.627451,20.18569
29.411765,15.814574
80.392157,10.721811
19.607843,32.000074
62.745098,17.154775
25.490196,37.979431
47.058824,45.27837
37.254902,50.432988
64.705882,48.927839
94.117647,60.288617
56.862745,54.474208
41.176471,8.2475949
29.411765,18.391883
33.333333,14.371281
41.176471,100
50.980392,34.824805
37.254902,48.061864
82.352941,88.494687
64.705882,15.484678
21.568627,9.4022293
33.333333,16.659931
49.019608,45.525792
9.8039216,68.659717
37.254902,10.412534
31.372549,11.319747
45.098039,33.278419
84.313725,100
43.137255,44.866001
54.901961,41.36086
31.372549,100
19.607843,16.206325
56.862745,26.845456
78.431373,32.18564
58.823529,11.897064
25.490196,35.360885
35.294118,14.742413
100,73.60815
100,20.103216
88.235294,37.134074
68.627451,37.402114
82.352941,19.031056
52.941176,13.237265
29.411765,59.793774
23.529412,60.577276
43.137255,43.298997
64.705882,27.525866
35.294118,21.917642
43.137255,9.4847032
23.529412,26.969167
100,50.226803
33.333333,35.773255
78.431373,25.257834
56.862745,84.53594
80.392157,30.474307
35.294118,18.70116
70.588235,100
56.862745,51.237108
68.627451,43.010338
31.372549,60.536039
64.705882,41.587664
88.235294,11.979538
96.078431,22.247537
76.470588,41.010346
62.745098,33.732026
39.215686,20.371256
47.058824,62.288609
60.784314,8.9898598
78.431373,36.577375
31.372549,20.103216
84.313725,59.587589
33.333333,22.969184
15.686275,37.443351
49.019608,52.391743
84.313725,52.185558
27.45098,49.979382
76.470588,30.84544
56.862745,28.453697
74.509804,14.000148
100,64.267982
60.784314,100
90.196078,32.226877
58.823529,23.319698
47.058824,68.865902
74.509804,67.113331
80.392157,33.690789
52.941176,38.247471
84.313725,80.371009
50.980392,45.608266
82.352941,20.041361
31.372549,54.597919
76.470588,96.659601
47.058824,13.897056
54.901961,9.608414
62.745098,57.216465
33.333333,22.88671
37.254902,53.608233
27.45098,24.1032
56.862745,15.793955
31.372549,36.433046
100,20.330019
37.254902,46.597952
76.470588,77.628752
50.980392,56.701003
100,78.721531
88.235294,47.29898
66.666667,32.226877
54.901961,10.556864
100,0
74.509804,20.268164
37.254902,74.041138
27.45098,39.75262
98.039216,41.649519
43.137255,19.134148
88.235294,13.876438
15.686275,39.010355
45.098039,54.639156
49.019608,51.546385
9.8039216,39.835093
78.431373,100
100,100
29.411765,32.494918
86.27451,71.278263
37.254902,18.70116
100,51.175253
70.588235,30.288741
52.941176,64.70097
49.019608,44.783527
35.294118,13.752727
39.215686,33.40213
27.45098,14.268189
68.627451,47.29898
92.156863,57.999967
86.27451,25.360926
49.019608,27.051641
1.9607843,35.525833
5.8823529,28.721737
68.627451,31.958837
43.137255,29.134107
52.941176,16.618694
58.823529,30.412452
35.294118,46.824755
64.705882,28.701119
25.490196,85.75243
62.745098,7.8352254
25.490196,39.793857
80.392157,21.649601
94.117647,45.773213
17.647059,38.515511
33.333333,34.659857
47.058824,23.835159
58.823529,60.824698
50.980392,44.536105
64.705882,34.804186
84.313725,18.721778
74.509804,29.175344
72.54902,69.072086
66.666667,36.000058
80.392157,100
100,100
11.764706,42.04127
68.627451,29.505239
49.019608,30.598018
29.411765,74.226704
68.627451,100
72.54902,42.494876
86.27451,18.123843
7.8431373,22.680525
74.509804,55.979357
3.9215686,52.907205
92.156863,97.855473
66.666667,54.618538
54.901961,100
86.27451,15.629008
25.490196,32.32997
33.333333,46.742281
25.490196,65.958697
54.901961,12.391908
66.666667,44.989711
27.45098,12.371289
5.8823529,63.917468
5.8823529,43.938169
70.588235,70.041154
21.568627,31.773271
27.45098,27.835143
74.509804,18.598068
60.784314,20.845481
92.156863,25.85577
45.098039,36.391809
78.431373,38.494893
88.235294,61.979332
62.745098,33.752644
45.098039,31.814508
76.470588,10.763048
27.45098,22.144445
56.862745,7.5465668
52.941176,10.886759
25.490196,13.71149
49.019608,45.175278
62.745098,22.680525
49.019608,28.762974
37.254902,36.165006
62.745098,39.917567
66.666667,32.762958
27.45098,10.824904
45.098039,66.371067
76.470588,100
49.019608,45.587647
33.333333,52.453598
100,76.886487
62.745098,10.989852
54.901961,47.319599
74.509804,52.907205
37.254902,48.453615
66.666667,37.773246
33.333333,61.340159
49.019608,28.969159
100,8.6805828
56.862745,24.618661
5.8823529,47.29898
68.627451,20.45373
39.215686,26.556798
84.313725,24.412477
70.588235,42.247455
60.784314,100
31.372549,62.659742
100,30.412452
62.745098,32.680484
68.627451,93.917345
100,62.41232
33.333333,21.340324
49.019608,100
37.254902,33.505223
35.294118,26.268139
33.333333,53.402048
33.333333,17.938277
60.784314,22.680525
64.705882,34.123777
84.313725,33.113472
41.176471,25.628966
86.27451,45.154659
62.745098,25.732059
100,100
15.686275,16.14447
84.313725,7.4022375
62.745098,85.75243
84.313725,76.57721
100,19.031056
49.019608,32.742339
49.019608,14.845506
29.411765,51.443293
66.666667,19.257859
29.411765,56.88657
27.45098,33.628933
54.901961,63.958705
100,56.618529
64.705882,100
74.509804,46.453623
52.941176,15.46406
37.254902,16.247562
72.54902,22.391866
21.568627,65.360761
47.058824,59.092746
39.215686,8.3300687
37.254902,10.268205
100,29.381528
88.235294,15.587771
27.45098,23.732067
49.019608,8.7836751
29.411765,36.556756
33.333333,17.443433
43.137255,37.732009
35.294118,14.907361
88.235294,70.597853
21.568627,50.94845
56.862745,30.84544
29.411765,36.556756
84.313725,92.020445
70.588235,9.0929522
5.8823529,67.628793
82.352941,37.31964
23.529412,17.525907
52.941176,32.494918
50.980392,10.824904
49.019608,39.34025
52.941176,19.814557
47.058824,15.360968
13.72549,30.989769
9.8039216,46.783518
29.411765,9.7939802
56.862745,8.5362535
96.078431,27.938235
13.72549,22.433103
17.647059,46.453623
68.627451,16.783642
74.509804,16.886734
25.490196,25.464019
49.019608,6.8661573
33.333333,14.948598
100,48.865984
50.980392,100
100,98.845159
72.54902,32.103167
43.137255,45.195896
27.45098,34.247488
58.823529,21.958879
45.098039,29.587713
17.647059,25.752677
100,22.680525
29.411765,21.319706
21.568627,20.123835
100,52.70102
52.941176,11.113562
66.666667,33.072235
100,81.505025
21.568627,47.319599
52.941176,9.0310968
92.156863,100
84.313725,23.031039
60.784314,30.474307
21.568627,38.185616
66.666667,8.7630566
17.647059,63.855613
84.313725,81.958631
37.254902,30.783584
37.254902,46.288675
100,13.525924
31.372549,44.47425
5.8823529,50.701028
56.862745,65.463854
80.392157,38.144379
25.490196,35.1547
39.215686,51.75257
100,51.649478
43.137255,36.536138
78.431373,28.433079
100,27.237207
60.784314,37.979431
100,13.505305
31.372549,55.319566
64.705882,56.350489
41.176471,15.19602
56.862745,65.051484
43.137255,28.515553
33.333333,25.85577
15.686275,30.061938
13.72549,34.288725
43.137255,37.175311
41.176471,46.371149
60.784314,100
66.666667,38.309327
88.235294,76.804013
31.372549,74.226704
62.745098,22.494959
7.8431373,32.474299
66.666667,31.010388
37.254902,15.340349
84.313725,26.556798
56.862745,39.75262
41.176471,20.391875
54.901961,29.299054
62.745098,10.577482
15.686275,14.330044
100,60.061814
86.27451,58.76285
31.372549,43.422708
47.058824,35.525833
47.058824,24.804228
7.8431373,23.917633
58.823529,8.1032656
70.588235,14.721795
80.392157,43.298997
35.294118,26.886693
100,89.051385
50.980392,6.8249203
76.470588,21.690838
11.764706,41.546427
68.627451,27.60834
100,69.072086
19.607843,8.866149
96.078431,68.762809
52.941176,38.721696
31.372549,12.680566
58.823529,43.298997
33.333333,28.000091
45.098039,56.845333
15.686275,30.371215
62.745098,49.670104
64.705882,15.876429
45.098039,14.041385
56.862745,17.134156
80.392157,37.278403
58.823529,31.608323
74.509804,100
41.176471,34.165014
37.254902,46.577334
100,35.958821
35.294118,34.494909
78.431373,59.298931
39.215686,59.195838
35.294118,24.330003
37.254902,27.422774
27.45098,46.845374
49.019608,20.701152
86.27451,35.56707
19.607843,8.2888318
23.529412,25.257834
86.27451,12.082631
11.764706,23.546501
47.058824,100
52.941176,37.814483
45.098039,24.412477
64.705882,13.278502
78.431373,18.391883
35.294118,13.917675
39.215686,31.072243
45.098039,9.5259401
49.019608,82.78337
64.705882,42.433021
9.8039216,54.680393
74.509804,63.855613
25.490196,33.13409
19.607843,51.422675
39.215686,28.350605
37.254902,10.680575
37.254902,13.092936
70.588235,100
100,100
39.215686,36.433046
35.294118,55.979357
100,21.154758
35.294118,18.556831
66.666667,55.072144
100,83.99986
90.196078,25.690822
15.686275,23.917633
80.392157,55.731935
45.098039,72.515371
84.313725,20.45373
25.490196,9.5259401
70.588235,6.4537878
35.294118,28.701119
56.862745,45.298988
45.098039,44.618579
68.627451,55.608224
72.54902,25.340308
31.372549,53.443285
62.745098,38.515511
50.980392,9.4640847
49.019608,40.55674
56.862745,12.268197
74.509804,23.546501
5.8823529,55.154618
82.352941,100
17.647059,33.896974
100,55.628843
72.54902,19.670228
29.411765,58.63914
68.627451,62.453557
56.862745,24.618661
27.45098,26.494942
74.509804,45.649502
82.352941,10.577482
72.54902,30.268123
7.8431373,27.092878
39.215686,12.866133
52.941176,8.9898598
47.058824,24.824846
86.27451,8.8867675
31.372549,33.443367
62.745098,24.680517
33.333333,38.144379
39.215686,31.278428
1.9607843,35.56707
84.313725,18.721778
60.784314,15.855811
82.352941,33.896974
23.529412,24.701135
66.666667,41.36086
52.941176,34.206251
100,30.412452
17.647059,21.814549
72.54902,27.917617
90.196078,20.103216
70.588235,31.051625
96.078431,7.1754343
80.392157,30.453689
54.901961,96.14414
25.490196,71.793725
3.9215686,36.474283
76.470588,26.65989
66.666667,45.752595
27.45098,100
31.372549,61.525726
66.666667,31.505231
45.098039,8.8249121
58.823529,68.61848
13.72549,47.587639
29.411765,47.484546
33.333333,68.989612
54.901961,100
11.764706,32.123785
33.333333,100
35.294118,44.433013
25.490196,10.804285
29.411765,31.195954
25.490196,36.618612
21.568627,19.546517
27.45098,25.628966
72.54902,87.216341
68.627451,33.154709
5.8823529,45.876306
74.509804,94.39157
31.372549,30.412452
3.9215686,59.17522
84.313725,21.93826
100,100
84.313725,47.072177
54.901961,67.876215
47.058824,11.81459
25.490196,61.133975
31.372549,34.824805
78.431373,22.185682
49.019608,67.154568
27.45098,19.464043
82.352941,15.897048
31.372549,27.690814
100,16.742405
64.705882,19.051674
35.294118,56.824714
35.294118,30.639255
82.352941,44.969093
31.372549,40.474266
82.352941,20.618678
45.098039,44.06188
29.411765,77.422567
31.372549,11.01047
94.117647,25.897007
84.313725,54.268024
39.215686,43.938169
47.058824,18.721778
49.019608,41.77323
35.294118,39.257776
33.333333,55.979357
50.980392,45.876306
11.764706,62.494794
5.8823529,26.536179
78.431373,22.680525
68.627451,100
62.745098,50.886594
29.411765,10.824904
100,65.566946
64.705882,35.175319
7.8431373,37.030981
39.215686,99.999794
41.176471,22.680525
100,22.680525
37.254902,61.649436
47.058824,62.206135
60.784314,61.896858
66.666667,46.433004
25.490196,58.886561
47.058824,39.793857
35.294118,15.402205
33.333333,44.371157
66.666667,65.154577
70.588235,25.484637
68.627451,37.773246
47.058824,15.381586
100,53.608233
54.901961,35.793873
41.176471,43.587655
9.8039216,24.22691
49.019608,34.123777
58.823529,6.5362617
54.901961,17.525907
68.627451,24.618661
56.862745,26.288758
49.019608,17.299104
5.8823529,42.762916
74.509804,53.938128
100,48.453615
100,19.897031
52.941176,27.072259
66.666667,58.76285
29.411765,24.268147
76.470588,45.649502
11.764706,39.360869
60.784314,100
27.45098,22.74238
74.509804,15.46406
29.411765,16.247562
31.372549,11.340366
49.019608,10.680575
54.901961,37.134074
23.529412,32.989761
64.705882,23.649593
7.8431373,51.855662
72.54902,28.659882
86.27451,6.1445107
58.823529,10.824904
96.078431,28.000091
76.470588,100
68.627451,100
13.72549,44.103117
29.411765,45.01033
35.294118,52.474217
52.941176,43.134049
47.058824,18.824871
43.137255,40.886636
64.705882,78.639057
47.058824,16.94859
84.313725,100
74.509804,100
72.54902,45.731976
25.490196,100
58.823529,51.546385
43.137255,27.402155
33.333333,27.835143
66.666667,37.649535
7.8431373,44.659816
45.098039,33.567078
47.058824,39.587672
19.607843,26.000099
100,63.670047
47.058824,57.95873
25.490196,43.11343
74.509804,28.474316
21.568627,41.010346
52.941176,47.03094
80.392157,100
66.666667,29.134107
5.8823529,37.195929
25.490196,78.144214
11.764706,37.010363
31.372549,14.948598
33.333333,61.6082
70.588235,100
31.372549,88.412213
54.901961,56.288634
35.294118,40.206226
27.45098,25.17536
39.215686,39.07221
68.627451,13.773345
92.156863,30.226886
60.784314,71.649395
72.54902,26.989786
100,44.659816
66.666667,11.319747
58.823529,12.618711
29.411765,8.2888318
54.901961,17.092919
43.137255,36.061913
56.862745,41.876322
27.45098,20.103216
64.705882,34.185632
49.019608,65.834986
43.137255,69.072086
64.705882,33.257801
62.745098,45.340225
52.941176,41.463953
17.647059,51.360819
37.254902,62.577268
35.294118,22.494959
7.8431373,28.41246
31.372549,18.061987
62.745098,42.288692
49.019608,32.989761
17.647059,16.020759
72.54902,86.55655
82.352941,13.814582
64.705882,23.031039
92.156863,23.546501
86.27451,67.649412
54.901961,11.525932
1.9607843,86.535932
37.254902,94.226622
96.078431,10.824904
86.27451,43.835077
47.058824,67.195805
37.254902,10.226968
52.941176,100
49.019608,53.608233
80.392157,20.536204
66.666667,38.020668
58.823529,6.0620369
58.823529,19.443425
68.627451,19.443425
66.666667,49.422683
33.333333,8.2888318
33.333333,32.123785
33.333333,33.711407
43.137255,62.164898
80.392157,43.422708
94.117647,43.298997
92.156863,52.391743
49.019608,71.298881
45.098039,17.690855
68.627451,29.773279
50.980392,10.226968
49.019608,33.917592
82.352941,25.257834
35.294118,53.814417
33.333333,48.103101
27.45098,34.536146
70.588235,31.257809
58.823529,16.927971
41.176471,21.340324
82.352941,17.360959
94.117647,50.453606
35.294118,15.587771
86.27451,25.567111
60.784314,16.53622
64.705882,48.865984
80.392157,14.453755
80.392157,39.463961
62.745098,69.731877
52.941176,19.546517
47.058824,35.83511
33.333333,8.9280044
62.745098,20.907336
68.627451,43.030957
31.372549,26.206284
58.823529,40.123752
66.666667,28.701119
33.333333,15.113546
72.54902,15.814574
62.745098,33.484604
35.294118,74.226704
35.294118,17.75271
45.098039,28.391842
25.490196,65.628802
33.333333,31.299046
56.862745,46.618571
70.588235,44.907237
66.666667,37.567062
92.156863,100
88.235294,11.505313
70.588235,13.072317
54.901961,50.845357
100,26.598035
47.058824,91.752405
66.666667,20.309401
74.509804,18.659923
64.705882,36.536138
49.019608,100
31.372549,50.123711
58.823529,10.598101
68.627451,78.762768
9.8039216,30.391833
13.72549,100
60.784314,86.185418
21.568627,24.742372
50.980392,32.886669
47.058824,36.63923
21.568627,37.85572
100,83.505016
62.745098,38.144379
49.019608,36.165006
80.392157,37.938194
56.862745,48.020627
66.666667,31.79389
76.470588,5.7733783
88.235294,54.391734
31.372549,62.206135
58.823529,25.752677
33.333333,19.587754
49.019608,22.680525
37.254902,34.020684
5.8823529,100
50.980392,50.94845
68.627451,15.46406
31.372549,36.969126
100,100
27.45098,7.5259483
68.627451,28.866067
29.411765,16.061996
33.333333,26.680509
56.862745,10.020783
43.137255,57.42265
35.294118,57.855638
62.745098,30.268123
49.019608,99.999794
31.372549,86.886446
80.392157,80.680286
7.8431373,100
15.686275,66.494777
37.254902,12.371289
15.686275,14.639321
68.627451,34.453672
23.529412,27.381537
54.901961,11.216655
15.686275,9.7527433
43.137255,65.505091
84.313725,82.597804
31.372549,12.742422
94.117647,100
29.411765,36.969126
15.686275,17.670236
70.588235,50.041237
64.705882,37.257785
35.294118,42.597969
100,30.824821
37.254902,23.051658
29.411765,29.175344
49.019608,57.319557
33.333333,25.257834
39.215686,55.896883
29.411765,24.391858
66.666667,16.185706
3.9215686,26.288758
35.294118,12.536237
23.529412,63.958705
50.980392,16.886734
33.333333,80.659667
60.784314,19.402188
25.490196,100
31.372549,71.58754
50.980392,14.948598
21.568627,16.886734
72.54902,23.464027
88.235294,29.835135
92.156863,38.000049
29.411765,20.268164
60.784314,11.505313
62.745098,31.299046
74.509804,29.422765
84.313725,36.927889
64.705882,43.79384
17.647059,17.21663
29.411765,6.9692496
64.705882,53.195863
66.666667,66.32983
100,88.907056
35.294118,36.618612
72.54902,40.597977
15.686275,29.670187
47.058824,20.103216
68.627451,96.845168
27.45098,33.917592
29.411765,30.082556
84.313725,24.515569
68.627451,20.268164
66.666667,13.525924
60.784314,56.845333
47.058824,59.463878
33.333333,74.226704
68.627451,32.804195
62.745098,75.175154
66.666667,27.835143
58.823529,20.639296
49.019608,14.598084
15.686275,29.422765
84.313725,32.86605
100,100
31.372549,38.701078
49.019608,94.845176
19.607843,42.927864
86.27451,63.113348
47.058824,17.257867
11.764706,28.309368
31.372549,10.824904
29.411765,10.824904
31.372549,90.123546
39.215686,10.020783
9.8039216,18.391883
43.137255,10.309442
56.862745,31.958837
31.372549,40.783543
100,93.628686
13.72549,24.721754
35.294118,8.474398
70.588235,16.866116
68.627451,30.123793
66.666667,21.237232
86.27451,46.103109
50.980392,42.04127
25.490196,33.628933
25.490196,26.556798
31.372549,68.185492
92.156863,15.587771
31.372549,27.072259
37.254902,23.464027
39.215686,28.474316
9.8039216,100
29.411765,37.113455
31.372549,19.464043
96.078431,16.783642
64.705882,67.484464
37.254902,17.21663
33.333333,26.061954
56.862745,37.237166
52.941176,53.546377
78.431373,16.41251
31.372549,41.731993
58.823529,25.752677
31.372549,63.711284
70.588235,15.855811
5.8823529,50.288659
62.745098,11.134181
50.980392,11.01047
96.078431,100
54.901961,8.7012012
56.862745,43.608274
39.215686,10.824904
58.823529,43.051575
66.666667,39.134065
100,38.144379
29.411765,10.06202
50.980392,13.97953
56.862745,15.855811
54.901961,9.9383095
86.27451,55.175236
66.666667,25.257834
45.098039,48.061864
64.705882,35.608307
25.490196,8.8455305
35.294118,45.051567
90.196078,8.4537796
84.313725,70.267958
52.941176,23.525882
27.45098,22.659907
64.705882,13.278502
7.8431373,50.742265
39.215686,34.288725
100,15.587771
49.019608,43.298997
68.627451,30.907295
68.627451,58.76285
64.705882,40.948491
37.254902,43.134049
39.215686,42.84539
58.823529,63.752521
23.529412,46.680426
47.058824,14.948598
76.470588,36.927889
74.509804,28.927922
100,34.742331
49.019608,39.216539
21.568627,30.701111
11.764706,29.422765
49.019608,22.948565
15.686275,29.36091
21.568627,16.556839
54.901961,39.814475
23.529412,33.13409
72.54902,48.164956
74.509804,76.721539
58.823529,57.628835
41.176471,43.876314
72.54902,48.24743
84.313725,31.608323
19.607843,8.0414101
25.490196,52.041229
70.588235,55.917501
29.411765,32.639247
45.098039,40.721688
39.215686,15.154783
50.980392,43.422708
27.45098,16.247562
66.666667,22.598051
54.901961,37.958813
29.411765,40.144371
27.45098,20.474349
62.745098,20.618678
35.294118,56.371108
88.235294,57.298939
1.9607843,27.072259
100,63.48448
100,19.464043
64.705882,42.371165
64.705882,80.432864
31.372549,20.618678
45.098039,22.412485
23.529412,30.247504
70.588235,11.587787
60.784314,30.020701
39.215686,14.948598
62.745098,26.577416
29.411765,45.484555
35.294118,21.175377
52.941176,9.7527433
68.627451,37.505206
72.54902,16.14447
35.294118,10.165113
47.058824,33.175327
70.588235,16.41251
45.098039,37.752628
100,23.69083
25.490196,3.6909126
43.137255,18.206317
58.823529,47.154651
49.019608,43.237141
52.941176,100
60.784314,27.855761
33.333333,9.2785184
58.823529,49.175261
100,43.092812
66.666667,28.206275
100,30.494926
64.705882,9.5053216
47.058824,84.53594
86.27451,16.165088
60.784314,19.897031
54.901961,38.639222
58.823529,44.309302
88.235294,71.917435
68.627451,42.268073
52.941176,52.226795
62.745098,51.402056
27.45098,35.03099
29.411765,50.618554
66.666667,25.381545
68.627451,51.298964
100,29.89699
56.862745,27.484629
66.666667,10.556864
100,28.783593
74.509804,23.979489
29.411765,44.164973
62.745098,69.072086
52.941176,27.835143
94.117647,52.144321
52.941176,18.824871
68.627451,11.27851
80.392157,30.412452
49.019608,19.402188
35.294118,54.082457
39.215686,22.144445
25.490196,21.958879
39.215686,23.257842
47.058824,23.092894
70.588235,49.422683
80.392157,38.453656
29.411765,49.690723
23.529412,15.835192
66.666667,38.433037
62.745098,26.412468
92.156863,100
27.45098,45.27837
92.156863,42.701061
52.941176,63.711284
27.45098,21.40218
29.411765,54.45359
90.196078,27.505247
62.745098,78.989571
35.294118,10.866141
58.823529,54.206168
31.372549,27.46401
100,100
74.509804,21.546509
64.705882,35.1547
45.098039,28.268131
94.117647,23.752686
56.862745,20.886718
39.215686,2.0620534
45.098039,51.979373
21.568627,39.958804
49.019608,13.835201
68.627451,40.866017
70.588235,23.876396
17.647059,56.432963
7.8431373,23.732067
68.627451,39.87633
33.333333,31.64956
52.941176,55.979357
72.54902,16.886734
35.294118,30.453689
33.333333,31.154717
82.352941,7.2991452
54.901961,39.690764
80.392157,53.463903
66.666667,49.257735
41.176471,66.041171
66.666667,37.237166
43.137255,40.680451
7.8431373,32.391825
100,100
94.117647,100
41.176471,98.185368
52.941176,45.95878
45.098039,51.360819
66.666667,25.670203
33.333333,20.309401
98.039216,25.628966
43.137255,29.422765
82.352941,29.773279
60.784314,11.216655
56.862745,57.298939
37.254902,23.525882
33.333333,53.422666
60.784314,35.29903
78.431373,22.88671
94.117647,51.340201
80.392157,25.58773
31.372549,24.63928
41.176471,45.298988
68.627451,37.360877
64.705882,25.257834
31.372549,29.051633
70.588235,73.463821
29.411765,25.422782
84.313725,71.876198
62.745098,16.041377
54.901961,44.371157
78.431373,8.1032656
21.568627,8.1032656
66.666667,59.092746
11.764706,28.474316
47.058824,44.886619
21.568627,45.051567
41.176471,26.556798
68.627451,39.216539
62.745098,29.525858
60.784314,68.247347
62.745098,17.525907
7.8431373,17.21663
76.470588,28.206275
39.215686,46.288675
47.058824,22.762999
41.176471,59.402023
62.745098,23.031039
47.058824,12.330052
29.411765,77.917411
58.823529,56.969043
52.941176,23.237224
66.666667,34.329962
31.372549,27.484629
45.098039,94.370951
72.54902,15.46406
47.058824,27.092878
70.588235,45.505173
58.823529,14.680558
27.45098,32.989761
84.313725,33.835118
29.411765,18.226935
5.8823529,27.319681
100,85.855522
70.588235,63.051493
47.058824,10.824904
60.784314,29.505239
68.627451,52.536072
27.45098,49.154643
62.745098,18.598068
39.215686,24.659898
72.54902,9.4228477
33.333333,61.443252
21.568627,15.629008
52.941176,5.3403903
74.509804,34.08254
41.176471,7.9383178
84.313725,69.525693
33.333333,41.402097
70.588235,30.84544
64.705882,52.824731
70.588235,21.608365
45.098039,40.721688
58.823529,41.876322
88.235294,29.814516
49.019608,100
41.176471,57.814401
58.823529,34.639239
23.529412,22.000115
66.666667,32.639247
80.392157,84.845217
76.470588,11.855827
72.54902,11.54655
23.529412,27.60834
29.411765,12.618711
80.392157,41.09282
11.764706,20.226927
29.411765,17.525907
31.372549,29.938227
52.941176,24.1032
60.784314,34.783568
54.901961,32.659865
54.901961,17.278485
82.352941,33.67017
45.098039,16.247562
62.745098,27.175352
19.607843,34.185632
100,100
60.784314,61.381396
13.72549,79.236993
68.627451,46.350531
68.627451,11.855827
60.784314,15.031072
11.764706,62.577268
62.745098,66.494777
80.392157,49.402064
19.607843,73.566913
100,53.525759
29.411765,27.979472
82.352941,17.855803
100,12.969225
41.176471,100
62.745098,31.031006
76.470588,19.897031
62.745098,16.206325
27.45098,36.721704
88.235294,23.608356
50.980392,31.154717
33.333333,56.268015
41.176471,36.061913
52.941176,23.876396
100,52.762875
78.431373,15.567152
23.529412,38.412419
76.470588,28.165038
72.54902,33.732026
43.137255,9.4022293
31.372549,30.288741
27.45098,8.7630566
64.705882,28.866067
54.901961,33.463986
37.254902,45.051567
41.176471,100
66.666667,56.865951
31.372549,45.979398
62.745098,72.700937
86.27451,48.865984
29.411765,29.938227
25.490196,46.577334
86.27451,63.48448
100,20.103216
41.176471,41.670137
78.431373,90.226638
47.058824,100
88.235294,56.804096
29.411765,56.536056
41.176471,44.886619
66.666667,21.793931
49.019608,40.721688
49.019608,99.999794
70.588235,48.989695
33.333333,32.618628
50.980392,59.855629
31.372549,16.618694
66.666667,43.278378
45.098039,100
47.058824,46.041253
27.45098,39.010355
41.176471,39.628909
70.588235,31.484612
11.764706,25.876388
47.058824,12.804277
15.686275,28.206275
13.72549,70.865893
49.019608,35.195937
41.176471,17.855803
19.607843,9.958928
62.745098,17.690855
45.098039,31.299046
9.8039216,50.80412
62.745098,27.031023
33.333333,84.742125
100,42.536113
54.901961,27.711432
23.529412,25.257834
39.215686,59.257694
68.627451,30.041319
64.705882,31.010388
13.72549,20.45373
100,45.731976
66.666667,6.9486311
74.509804,9.9795465
25.490196,72.371042
45.098039,25.58773
72.54902,31.051625
100,56.701003
90.196078,15.19602
31.372549,36.061913
29.411765,12.598092
33.333333,49.958763
100,18.391883
49.019608,34.927897
17.647059,87.608092
86.27451,33.67017
100,73.422584
68.627451,32.371207
100,39.010355
58.823529,17.422815
88.235294,100
41.176471,49.257735
74.509804,36.082532
47.058824,52.597927
64.705882,35.83511
82.352941,10.824904
86.27451,77.092672
45.098039,30.412452
62.745098,99.50495
45.098039,16.247562
54.901961,20.330019
27.45098,12.247578
56.862745,37.546443
100,100
29.411765,48.762892
49.019608,69.072086
70.588235,85.937996
90.196078,40.185607
72.54902,34.969134
74.509804,26.639272
31.372549,17.340341
52.941176,52.680401
27.45098,20.391875
80.392157,49.030932
82.352941,44.47425
100,100
96.078431,47.587639
37.254902,26.288758
100,32.989761
41.176471,24.989794
64.705882,18.391883
54.901961,44.948474
66.666667,28.020709
35.294118,10.433153
72.54902,16.330036
45.098039,41.896941
72.54902,34.515528
82.352941,26.598035
3.9215686,100
31.372549,67.505082
23.529412,72.515371
47.058824,27.835143
52.941176,30.721729
66.666667,69.072086
68.627451,36.680467
49.019608,29.072251
58.823529,37.505206
45.098039,63.917468
72.54902,11.422839
80.392157,17.793947
45.098039,31.958837
39.215686,30.123793
70.588235,64.247364
68.627451,8.7836751
25.490196,15.216638
100,42.494876
86.27451,34.123777
56.862745,68.041163
9.8039216,46.927848
66.666667,36.433046
60.784314,44.824764
58.823529,35.773255
74.509804,10.907378
47.058824,100
45.098039,41.463953
100,69.072086
62.745098,48.453615
60.784314,34.453672
84.313725,42.123744
84.313725,95.896718
31.372549,44.701053
62.745098,28.226894
74.509804,41.23715
80.392157,40.783543
70.588235,31.711416
25.490196,15.979522
66.666667,36.165006
35.294118,13.113554
50.980392,100
56.862745,37.835102
29.411765,100
39.215686,29.381528
68.627451,32.59801
96.078431,47.71135
68.627451,11.979538
64.705882,42.453639
5.8823529,51.958755
50.980392,63.649428
3.9215686,30.618637
37.254902,31.896982
68.627451,26.247521
39.215686,43.298997
86.27451,42.701061
76.470588,70.144247
49.019608,28.000091
29.411765,11.897064
45.098039,26.969167
41.176471,100
62.745098,90.989522
96.078431,16.350654
58.823529,78.041121
9.8039216,25.464019
56.862745,31.38152
52.941176,43.773222
62.745098,11.031089
78.431373,5.7939967
29.411765,84.721506
33.333333,7.9383178
43.137255,24.082581
39.215686,19.546517
66.666667,100
52.941176,37.732009
56.862745,60.824698
80.392157,17.278485
64.705882,66.845291
90.196078,12.103249
74.509804,17.525907
84.313725,53.608233
21.568627,35.56707
100,47.010322
84.313725,67.876215
86.27451,53.030915
72.54902,81.092655
56.862745,38.53613
60.784314,38.206234
9.8039216,96.556509
80.392157,25.031031
62.745098,34.804186
62.745098,44.453631
96.078431,22.680525
78.431373,63.917468
37.254902,55.030907
68.627451,8.6599643
100,1.5465916
76.470588,55.113381
64.705882,60.206143
7.8431373,61.072119
62.745098,27.051641
66.666667,51.649478
64.705882,31.278428
74.509804,91.195706
39.215686,46.701045
64.705882,9.9176911
84.313725,20.330019
92.156863,48.680418
52.941176,29.525858
66.666667,37.649535
62.745098,26.92793
86.27451,30.762966
100,12.598092
70.588235,72.371042
47.058824,56.20616
49.019608,50.701028
49.019608,33.360893
50.980392,69.072086
52.941176,41.422716
64.705882,38.515511
47.058824,57.484505
100,22.412485
27.45098,22.515577
52.941176,74.309178
49.019608,44.762908
33.333333,32.989761
27.45098,18.907345
92.156863,42.391784
100,44.123736
33.333333,34.288725
56.862745,35.092845
41.176471,87.463763
90.196078,44.453631
19.607843,25.051649
50.980392,77.298856
84.313725,16.68055
29.411765,30.412452
64.705882,15.134164
100,33.072235
23.529412,12.185723
88.235294,29.134107
52.941176,22.2063
64.705882,35.175319
66.666667,86.82459
74.509804,100
72.54902,34.206251
60.784314,12.082631
82.352941,41.814467
17.647059,18.474357
58.823529,11.381603
100,53.608233
23.529412,29.031014
72.54902,69.237034
62.745098,100
68.627451,57.113373
41.176471,10.989852
25.490196,31.979456
25.490196,40.206226
100,34.927897
1.9607843,37.463969
11.764706,34.103158
35.294118,33.732026
33.333333,88.803964
35.294118,28.309368
54.901961,22.680525
100,58.061822
47.058824,24.453714
11.764706,15.793955
70.588235,100
70.588235,20.000124
100,27.402155
54.901961,54.597919
66.666667,55.422658
66.666667,33.608315
31.372549,46.597952
41.176471,40.927872
7.8431373,27.010404
27.45098,36.824797
56.862745,14.598084
70.588235,100
92.156863,59.566971
49.019608,51.113397
54.901961,47.97939
100,16.989827
25.490196,31.64956
15.686275,13.670253
100,46.391767
88.235294,55.484513
43.137255,65.360761
31.372549,40.866017
58.823529,25.195979
27.45098,31.711416
35.294118,12.371289
7.8431373,27.134115
23.529412,24.721754
29.411765,30.639255
3.9215686,39.443343
66.666667,35.092845
64.705882,45.092804
64.705882,61.6082
84.313725,69.546311
56.862745,20.391875
29.411765,54.247405
17.647059,55.999975
33.333333,34.412435
62.745098,36.247479
82.352941,14.433136
47.058824,42.288692
27.45098,28.185657
62.745098,16.783642
29.411765,36.144387
13.72549,53.91751
60.784314,34.659857
82.352941,25.649585
25.490196,100
47.058824,98.762686
49.019608,49.092787
68.627451,13.97953
60.784314,49.092787
70.588235,5.587812
82.352941,56.494819
58.823529,35.319648
84.313725,14.082622
74.509804,86.350366
23.529412,14.412518
9.8039216,30.103175
84.313725,29.649568
11.764706,22.659907
62.745098,33.257801
47.058824,81.257603
41.176471,36.886652
70.588235,30.16503
52.941176,34.453672
45.098039,58.680377
68.627451,36.226861
88.235294,20.020742
50.980392,34.701094
35.294118,100
92.156863,44.618579
35.294118,71.422592
29.411765,41.6289
72.54902,52.742257
49.019608,13.917675
66.666667,37.525825
43.137255,40.721688
70.588235,59.113364
49.019608,56.185542
31.372549,48.082482
70.588235,28.659882
25.490196,26.556798
58.823529,6.8661573
62.745098,7.3610006
45.098039,30.494926
52.941176,23.360935
9.8039216,94.51528
33.333333,30.556781
15.686275,16.165088
66.666667,16.123851
62.745098,5.9589445
50.980392,57.999967
45.098039,53.876273
58.823529,85.381297
13.72549,37.711391
82.352941,30.948532
88.235294,20.886718
25.490196,96.968878
23.529412,22.041352
86.27451,64.824681
47.058824,24.1032
100,51.546385
100,98.350316
45.098039,20.103216
19.607843,53.051534
62.745098,35.649544
27.45098,21.25785
60.784314,10.412534
45.098039,44.618579
66.666667,64.948392
27.45098,33.195946
70.588235,45.876306
49.019608,40.185607
25.490196,55.711317
25.490196,4.6393623
23.529412,24.556806
80.392157,30.103175
84.313725,40.721688
33.333333,21.299087
39.215686,67.649412
88.235294,69.072086
86.27451,32.226877
52.941176,43.381471
72.54902,10.721811
25.490196,41.587664
19.607843,45.257752
43.137255,19.897031
43.137255,48.453615
45.098039,12.742422
74.509804,29.587713
58.823529,28.969159
86.27451,40.041278
58.823529,7.0104866
23.529412,64.824681
52.941176,17.21663
66.666667,37.463969
9.8039216,70.63909
70.588235,40.577358
92.156863,23.134131
60.784314,100
56.862745,30.288741
27.45098,21.443417
58.823529,21.195995
15.686275,20.309401
11.764706,18.309409
31.372549,12.659948
19.607843,26.103191
68.627451,69.938062
66.666667,55.030907
15.686275,23.134131
76.470588,27.154733
78.431373,29.278436
33.333333,56.350489
31.372549,35.134082
70.588235,8.3300687
47.058824,35.711399
70.588235,36.288716
86.27451,69.298889
41.176471,46.597952
56.862745,55.381421
7.8431373,33.773263
66.666667,100
62.745098,57.381413
70.588235,41.876322
90.196078,55.113381
64.705882,23.464027
39.215686,57.773164
25.490196,50.288659
56.862745,64.185509
41.176471,70.041154
70.588235,27.835143
74.509804,28.206275
76.470588,27.278444
33.333333,32.226877
74.509804,9.0310968
37.254902,22.226919
5.8823529,57.566979
33.333333,27.19597
15.686275,37.381495
54.901961,19.402188
62.745098,100
37.254902,71.649395
29.411765,67.278279
62.745098,57.298939
66.666667,64.391693
86.27451,12.866133
33.333333,29.546476
27.45098,54.659775
25.490196,29.958846
80.392157,28.639263
88.235294,25.010412
56.862745,79.979258
35.294118,31.732034
19.607843,23.134131
68.627451,18.103224
70.588235,65.092721
45.098039,38.680459
84.313725,71.422592
21.568627,10.577482
11.764706,32.804195
54.901961,30.412452
52.941176,29.134107
96.078431,24.886701
31.372549,20.226927
33.333333,24.350621
76.470588,100
70.588235,23.546501
62.745098,21.40218
7.8431373,60.474184
33.333333,22.412485
29.411765,33.649552
29.411765,12.371289
60.784314,31.319665
45.098039,41.814467
82.352941,36.866034
35.294118,38.12376
86.27451,18.639305
54.901961,68.700954
45.098039,24.742372
56.862745,22.371248
88.235294,34.88666
7.8431373,65.793749
33.333333,47.938153
100,51.48453
66.666667,36.185624
45.098039,10.598101
88.235294,52.659783
17.647059,23.855778
64.705882,47.505165
29.411765,40.804162
9.8039216,17.690855
74.509804,89.690558
50.980392,63.752521
43.137255,17.525907
50.980392,42.886627
84.313725,26.000099
56.862745,37.134074
58.823529,54.329879
96.078431,35.175319
7.8431373,68.041163
9.8039216,7.8764624
49.019608,37.732009
37.254902,70.535998
37.254902,8.3300687
84.313725,9.608414
66.666667,17.75271
45.098039,21.897023
39.215686,52.185558
66.666667,17.855803
100,21.608365
74.509804,7.2166713
29.411765,35.56707
25.490196,50.123711
74.509804,48.721655
80.392157,16.845498
60.784314,36.206242
86.27451,19.732084
100,74.02052
5.8823529,40.226844
80.392157,9.5877955
31.372549,31.711416
86.27451,71.566921
27.45098,50.94845
19.607843,19.855794
41.176471,75.010206
60.784314,57.42265
78.431373,11.855827
29.411765,51.195871
29.411765,100
66.666667,35.587688
31.372549,36.144387
19.607843,50.371132
100,83.773057
25.490196,13.938293
52.941176,43.298997
23.529412,50.474225
7.8431373,12.783659
94.117647,50.53608
23.529412,26.082573
21.568627,100
35.294118,41.896941
60.784314,13.051699
37.254902,51.463911
41.176471,53.566996
47.058824,43.5258
52.941176,27.896998
29.411765,10.824904
60.784314,75.505049
0,26.12381
68.627451,100
31.372549,28.185657
62.745098,51.999992
47.058824,34.783568
49.019608,16.866116
64.705882,25.381545
60.784314,11.257892
45.098039,29.938227
96.078431,81.958631
100,99.999794
52.941176,30.989769
50.980392,15.917666
62.745098,28.742356
66.666667,41.134057
68.627451,17.196012
68.627451,24.989794
43.137255,40.907254
90.196078,46.701045
31.372549,10.783667
76.470588,8.4331611
39.215686,29.690805
47.058824,56.020594
70.588235,100
60.784314,34.866042
64.705882,23.773304
58.823529,42.061888
23.529412,62.082424
70.588235,71.278263
52.941176,49.443301
11.764706,28.020709
72.54902,19.299096
35.294118,100
33.333333,30.927914
49.019608,14.433136
15.686275,30.659874
31.372549,47.195888
70.588235,25.608348
37.254902,12.845514
37.254902,27.237207
52.941176,15.216638
80.392157,29.938227
13.72549,27.87638
86.27451,22.433103
47.058824,99.999794
29.411765,100
54.901961,12.556855
27.45098,26.309376
49.019608,10.824904
60.784314,46.391767
100,40.247463
100,50.185566
29.411765,41.525808
84.313725,74.123612
9.8039216,63.917468
84.313725,36.742323
33.333333,52.494835
84.313725,21.814549
31.372549,29.587713
58.823529,56.185542
7.8431373,27.732051
56.862745,37.608299
31.372549,53.340192
78.431373,32.247496
100,100
58.823529,41.814467
78.431373,9.5877955
7.8431373,34.948516
47.058824,16.41251
37.254902,78.453491
7.8431373,69.69064
31.372549,22.288774
29.411765,20.103216
39.215686,51.402056
41.176471,22.309393
66.666667,11.381603
21.568627,26.226902
5.8823529,35.319648
62.745098,26.598035
62.745098,86.164799
47.058824,28.866067
19.607843,43.855695
54.901961,28.866067
54.901961,36.185624
17.647059,24.123818
45.098039,36.866034
27.45098,81.546262
23.529412,36.969126
70.588235,33.567078
45.098039,55.25771
37.254902,42.123744
29.411765,35.56707
100,69.072086
25.490196,56.391726
70.588235,100
37.254902,33.216564
58.823529,25.608348
68.627451,31.732034
50.980392,14.701176
62.745098,28.000091
25.490196,33.732026
54.901961,18.206317
100,23.525882
72.54902,41.938178
68.627451,23.69083
27.45098,62.536031
29.411765,42.907246
31.372549,40.164989
58.823529,28.206275
31.372549,15.46406
100,14.041385
66.666667,30.536163
94.117647,100
49.019608,86.494695
60.784314,33.051616
49.019608,21.93826
68.627451,40.000041
68.627451,36.927889
62.745098,30.948532
68.627451,34.721712
60.784314,46.123727
68.627451,33.587697
100,56.88657
25.490196,36.082532
54.901961,20.309401
74.509804,100
15.686275,12.886751
84.313725,53.752562
49.019608,50.659791
13.72549,17.628999
49.019608,25.031031
13.72549,100
68.627451,41.876322
13.72549,31.525849
41.176471,26.000099
80.392157,57.237084
43.137255,43.731985
60.784314,20.433112
9.8039216,38.000049
70.588235,100
33.333333,82.061723
31.372549,43.072194
41.176471,28.494934
84.313725,53.175245
49.019608,25.876388
74.509804,53.402048
70.588235,26.866075
62.745098,33.278419
76.470588,29.484621
33.333333,13.649634
49.019608,22.350629
78.431373,9.5259401
64.705882,69.979299
39.215686,37.134074
27.45098,23.092894
86.27451,53.195863
96.078431,32.494918
49.019608,49.917526
62.745098,30.206267
31.372549,14.51561
45.098039,54.907196
52.941176,64.721589
47.058824,42.247455
100,52.845349
7.8431373,37.979431
56.862745,36.391809
35.294118,37.628917
56.862745,28.268131
31.372549,51.072161
43.137255,43.298997
15.686275,19.773321
68.627451,23.938252
82.352941,26.309376
23.529412,28.618645
47.058824,19.278477
41.176471,12.123868
78.431373,6.0001814
33.333333,13.773345
17.647059,32.165022
19.607843,31.402139
21.568627,39.711383
64.705882,18.742397
39.215686,23.195987
54.901961,70.350432
50.980392,36.309335
11.764706,17.917658
37.254902,7.0104866
100,60.742224
84.313725,19.938268
100,100
66.666667,20.247545
33.333333,20.969192
31.372549,11.876446
70.588235,100
17.647059,36.721704
64.705882,14.268189
37.254902,9.0104783
25.490196,30.84544
66.666667,10.598101
45.098039,89.690558
100,47.97939
70.588235,30.30936
41.176471,100
31.372549,83.669964
82.352941,25.257834
64.705882,25.257834
29.411765,52.391743
23.529412,25.464019
19.607843,32.18564
100,36.041295
33.333333,14.948598
43.137255,30.103175
74.509804,26.969167
100,98.020421
68.627451,35.56707
64.705882,35.958821
84.313725,31.814508
15.686275,68.742191
49.019608,34.000066
94.117647,62.206135
100,30.412452
27.45098,50.94845
80.392157,33.855737
94.117647,44.041262
33.333333,12.556855
19.607843,44.453631
62.745098,28.371223
70.588235,64.226745
25.490196,32.948524
64.705882,26.206284
72.54902,13.44345
68.627451,23.505264
50.980392,22.680525
9.8039216,96.185377
7.8431373,30.061938
35.294118,21.793931
7.8431373,38.989736
66.666667,44.164973
90.196078,30.288741
43.137255,28.556789
62.745098,11.732117
29.411765,51.319582
21.568627,11.216655
70.588235,42.04127
37.254902,30.742347
66.666667,46.391767
13.72549,21.958879
68.627451,26.350613
68.627451,100
70.588235,48.000008
78.431373,7.5671853
80.392157,12.247578
58.823529,28.020709
62.745098,14.721795
58.823529,37.525825
80.392157,35.03099
37.254902,18.948582
27.45098,29.484621
60.784314,20.041361
78.431373,57.95873
80.392157,17.319722
56.862745,100
29.411765,16.103233
31.372549,12.948606
52.941176,12.495
60.784314,29.917609
60.784314,38.3918
66.666667,34.824805
5.8823529,44.268065
56.862745,9.5259401
66.666667,71.443211
64.705882,90.783337
60.784314,30.742347
27.45098,24.391858
17.647059,36.927889
27.45098,23.670212
29.411765,14.948598
70.588235,30.927914
47.058824,6.28884
66.666667,14.618703
66.666667,100
60.784314,18.16508
37.254902,18.618686
54.901961,26.268139
31.372549,11.216655
90.196078,8.8455305
37.254902,47.463928
70.588235,54.18555
43.137255,46.742281
1.9607843,33.463986
78.431373,16.061996
70.588235,9.2372815
76.470588,12.371289
86.27451,19.464043
15.686275,37.463969
70.588235,48.000008
72.54902,28.783593
64.705882,44.927856
31.372549,24.866083
82.352941,17.010445
13.72549,31.031006
64.705882,90.391586
68.627451,45.340225
64.705882,40.886636
94.117647,27.773288
50.980392,100
56.862745,26.329995
74.509804,37.216548
60.784314,55.814409
13.72549,17.958895
64.705882,42.268073
25.490196,25.154742
54.901961,38.144379
54.901961,84.102952
86.27451,83.958623
76.470588,38.721696
31.372549,30.412452
70.588235,100
100,11.319747
56.862745,26.12381
78.431373,5.5259566
60.784314,100
70.588235,22.494959
74.509804,18.536212
68.627451,37.58768
60.784314,40.721688
27.45098,32.639247
19.607843,27.154733
19.607843,33.278419
62.745098,51.21649
17.647059,30.556781
33.333333,32.989761
72.54902,13.402213
68.627451,40.371174
70.588235,38.577367
72.54902,26.247521
62.745098,45.484555
76.470588,47.896916
84.313725,74.185467
66.666667,61.525726
41.176471,74.474126
49.019608,28.474316
43.137255,28.494934
35.294118,87.113249
25.490196,10.309442
13.72549,29.051633
60.784314,15.237257
56.862745,5.6702859
100,10.824904
58.823529,29.690805
76.470588,25.319689
5.8823529,49.690723
72.54902,27.649577
66.666667,35.051608
29.411765,37.814483
33.333333,63.505099
33.333333,37.278403
41.176471,58.76285
68.627451,19.876413
68.627451,42.453639
68.627451,28.329986
100,41.381479
88.235294,17.381578
68.627451,71.85558
100,66.474159
50.980392,20.371256
25.490196,15.299112
13.72549,46.907229
31.372549,32.226877
27.45098,5.6702859
92.156863,52.268032
47.058824,43.876314
49.019608,54.515445
33.333333,100
23.529412,24.556806
60.784314,64.783444
47.058824,36.041295
58.823529,57.01028
100,54.350498
74.509804,7.9383178
96.078431,100
9.8039216,27.175352
29.411765,63.422625
56.862745,52.824731
60.784314,7.8970808
13.72549,26.494942
35.294118,42.020651
47.058824,56.391726
86.27451,29.381528
43.137255,11.134181
70.588235,38.474274
15.686275,22.639288
78.431373,8.866149
31.372549,11.69088
70.588235,22.680525
39.215686,100
31.372549,42.762916
68.627451,32.515536
47.058824,100
31.372549,25.257834
100,39.773238
29.411765,36.969126
54.901961,37.876339
43.137255,17.525907
17.647059,36.433046
33.333333,62.020569
27.45098,26.041336
21.568627,18.103224
43.137255,100
11.764706,43.5258
88.235294,100
31.372549,12.804277
58.823529,46.433004
21.568627,20.742389
49.019608,7.1135789
64.705882,64.824681
62.745098,33.835118
68.627451,17.257867
23.529412,22.350629
62.745098,43.298997
64.705882,47.71135
100,41.23715
70.588235,79.381322
52.941176,44.762908
66.666667,34.824805
76.470588,19.91765
66.666667,36.680467
52.941176,28.165038
43.137255,45.979398
100,38.783551
66.666667,100
1.9607843,28.226894
54.901961,51.608241
52.941176,7.5671853
33.333333,71.773106
76.470588,36.474283
72.54902,28.41246
31.372549,61.340159
92.156863,38.144379
29.411765,39.402106
66.666667,11.031089
86.27451,43.484563
39.215686,100
56.862745,69.463837
50.980392,35.56707
19.607843,65.938079
19.607843,22.639288
66.666667,32.082548
29.411765,90.123546
45.098039,18.123843
100,31.38152
92.156863,17.031064
49.019608,8.2888318
56.862745,32.020693
68.627451,48.123719
15.686275,18.391883
66.666667,30.16503
82.352941,28.329986
7.8431373,16.763024
96.078431,30.989769
100,87.979225
70.588235,41.876322
19.607843,28.94854
52.941176,10.412534
80.392157,32.268114
88.235294,50.123711
31.372549,45.298988
64.705882,67.257661
66.666667,54.247405
100,100
9.8039216,26.433087
100,9.2785184
50.980392,18.391883
56.862745,8.5774904
70.588235,35.29903
43.137255,40.577358
64.705882,44.762908
78.431373,33.154709
68.627451,30.268123
58.823529,100
31.372549,35.958821
54.901961,25.97948
60.784314,35.257793
9.8039216,32.659865
70.588235,44.824764
100,58.948417
100,7.381619
7.8431373,20.639296
50.980392,24.247529
29.411765,55.628843
49.019608,35.670162
70.588235,15.835192
64.705882,20.845481
60.784314,49.752578
31.372549,29.134107
58.823529,7.5671853
68.627451,88.061699
62.745098,63.690665
37.254902,9.5465586
27.45098,40.164989
17.647059,20.804244
78.431373,70.762801
56.862745,24.804228
23.529412,58.329863
49.019608,22.041352
78.431373,14.556847
35.294118,78.102977
72.54902,75.999893
56.862745,42.433021
70.588235,14.701176
31.372549,65.319524
45.098039,18.70116
76.470588,100
100,58.76285
70.588235,20.103216
100,26.762982
58.823529,38.144379
86.27451,36.309335
72.54902,34.804186
33.333333,12.536237
68.627451,33.278419
50.980392,42.969101
29.411765,28.123802
9.8039216,43.298997
31.372549,13.670253
82.352941,41.195913
31.372549,32.000074
100,69.072086
39.215686,87.422526
27.45098,42.144362
31.372549,27.567103
35.294118,35.422741
62.745098,64.70097
49.019608,69.319508
90.196078,22.845473
86.27451,45.319607
76.470588,8.3094503
100,94.845176
54.901961,43.237141
100,89.690558
70.588235,36.721704
66.666667,51.835044
29.411765,49.525775
100,23.175368
80.392157,22.309393
29.411765,54.536064
92.156863,100
27.45098,25.897007
29.411765,24.515569
72.54902,13.113554
49.019608,43.298997
49.019608,28.103183
52.941176,56.88657
64.705882,84.309137
78.431373,23.319698
29.411765,14.886743
31.372549,100
23.529412,51.793807
31.372549,26.103191
35.294118,12.598092
100,100
54.901961,42.84539
45.098039,56.783477
84.313725,32.082548
49.019608,46.391767
23.529412,37.814483
7.8431373,35.56707
90.196078,53.50514
41.176471,70.226721
74.509804,38.144379
62.745098,55.835027
90.196078,37.752628
100,58.659758
86.27451,32.32997
68.627451,30.639255
29.411765,23.979489
60.784314,22.762999
43.137255,11.649643
72.54902,9.7321248
15.686275,30.412452
45.098039,100
49.019608,16.433128
74.509804,51.030924
47.058824,14.866124
21.568627,31.979456
27.45098,51.340201
80.392157,77.979266
64.705882,11.752735
29.411765,14.866124
50.980392,44.59796
62.745098,51.48453
92.156863,10.639338
21.568627,13.29912
23.529412,27.051641
68.627451,28.226894
19.607843,62.041187
49.019608,42.824772
72.54902,15.814574
64.705882,62.247372
33.333333,21.464035
66.666667,25.690822
27.45098,38.845407
29.411765,55.999975
58.823529,12.041394
31.372549,13.814582
25.490196,33.690789
68.627451,9.7115063
64.705882,100
60.784314,8.8042936
13.72549,49.649486
35.294118,31.546468
64.705882,30.412452
56.862745,9.608414
88.235294,30.412452
60.784314,12.391908
39.215686,16.453747
62.745098,45.876306
35.294118,29.62895
35.294118,25.85577
17.647059,20.288782
35.294118,36.020676
84.313725,50.103092
43.137255,44.618579
66.666667,59.958722
100,53.752562
54.901961,37.175311
49.019608,82.474093
43.137255,34.762949
49.019608,100
33.333333,33.917592
66.666667,31.072243
31.372549,23.752686
100,69.072086
80.392157,45.360844
90.196078,20.783626
50.980392,20.144453
50.980392,21.567128
11.764706,16.556839
66.666667,41.6289
41.176471,29.835135
84.313725,49.237117
50.980392,100
37.254902,36.866034
45.098039,38.721696
31.372549,26.618653
92.156863,31.711416
68.627451,27.381537
33.333333,14.474373
9.8039216,51.298964
13.72549,65.711275
82.352941,33.030998
15.686275,22.680525
31.372549,22.907328
100,37.278403
62.745098,71.010223
33.333333,69.360745
49.019608,48.041245
49.019608,29.422765
62.745098,25.257834
19.607843,17.525907
56.862745,46.020635
13.72549,24.041344
43.137255,23.938252
68.627451,28.701119
47.058824,10.680575
13.72549,9.7321248
100,28.061946
31.372549,18.845489
66.666667,29.546476
31.372549,67.319516
78.431373,42.783535
100,23.010421
60.784314,36.63923
80.392157,46.433004
13.72549,62.536031
45.098039,52.845349
76.470588,12.062012
21.568627,79.381322
68.627451,44.59796
43.137255,29.89699
50.980392,52.886586
39.215686,29.134107
50.980392,100
43.137255,25.897007
66.666667,46.577334
100,20.103216
60.784314,35.56707
45.098039,49.381446
50.980392,16.330036
92.156863,47.44331
43.137255,44.453631
100,100
90.196078,34.041303
58.823529,17.75271
82.352941,14.680558
27.45098,46.123727
23.529412,22.371248
33.333333,10.495008
68.627451,36.165006
19.607843,13.092936
58.823529,20.969192
74.509804,8.123884
33.333333,51.711333
68.627451,27.835143
76.470588,30.84544
50.980392,33.175327
64.705882,35.56707
76.470588,30.412452
74.509804,32.989761
35.294118,38.433037
100,47.175269
60.784314,18.309409
49.019608,14.948598
15.686275,100
72.54902,28.969159
31.372549,30.989769
68.627451,0
37.254902,66.164882
60.784314,6.8661573
100,100
7.8431373,57.917493
9.8039216,57.670071
80.392157,29.381528
88.235294,38.824788
60.784314,29.505239
60.784314,15.113546
100,10.000165
60.784314,93.133843
68.627451,9.3403739
39.215686,33.340275
100,100
21.568627,7.1135789
78.431373,24.886701
23.529412,27.3403
23.529412,69.072086
37.254902,51.113397
64.705882,9.8558356
43.137255,8.7630566
74.509804,6.8661573
70.588235,29.793898
45.098039,31.340283
54.901961,36.618612
45.098039,43.690748
62.745098,100
60.784314,40.659832
64.705882,34.762949
41.176471,17.402196
58.823529,52.309269
68.627451,33.917592
66.666667,29.89699
13.72549,23.855778
74.509804,56.515437
70.588235,11.773354
17.647059,16.742405
37.254902,59.793774
47.058824,29.773279
19.607843,58.432955
58.823529,100
45.098039,54.18555
35.294118,66.494777
58.823529,33.154709
54.901961,33.505223
68.627451,59.216457
27.45098,30.948532
84.313725,36.989744
76.470588,83.99986
70.588235,41.896941
74.509804,25.732059
68.627451,11.95892
31.372549,9.567177
37.254902,45.670121
100,82.391619
15.686275,59.731919
41.176471,100
31.372549,70.535998
76.470588,69.958681
29.411765,29.175344
88.235294,100
5.8823529,35.360885
11.764706,19.567136
27.45098,29.587713
50.980392,51.731952
70.588235,41.443334
41.176471,18.948582
58.823529,16.00014
3.9215686,75.752471
45.098039,17.257867
72.54902,76.659684
39.215686,34.309343
49.019608,6.721828
86.27451,54.164931
60.784314,8.8867675
49.019608,85.75243
78.431373,26.907312
66.666667,32.845432
84.313725,28.000091
35.294118,25.257834
58.823529,35.896965
43.137255,21.876405
100,22.680525
17.647059,27.443392
47.058824,9.2785184
47.058824,62.762834
100,12.76304
43.137255,20.350638
39.215686,60.886553
47.058824,45.773213
64.705882,24.123818
27.45098,26.92793
43.137255,39.484579
31.372549,33.195946
90.196078,42.515495
78.431373,25.567111
39.215686,12.804277
68.627451,42.659824
80.392157,45.154659
43.137255,27.567103
100,66.804054
21.568627,76.535973
17.647059,12.041394
58.823529,36.659849
100,44.907237
47.058824,24.556806
43.137255,45.01033
74.509804,61.690673
52.941176,29.917609
66.666667,51.896899
82.352941,62.68036
80.392157,62.020569
62.745098,34.721712
76.470588,36.556756
62.745098,25.257834
15.686275,58.061822
52.941176,51.360819
100,45.876306
29.411765,43.298997
70.588235,42.453639
62.745098,20.103216
68.627451,70.927749
39.215686,27.525866
62.745098,25.381545
98.039216,60.226762
70.588235,22.680525
43.137255,61.443252
68.627451,16.763024
50.980392,42.824772
35.294118,29.876372
33.333333,44.536105
82.352941,9.4640847
23.529412,29.216581
60.784314,7.072342
62.745098,11.608406
56.862745,34.288725
62.745098,88.803964
23.529412,19.23724
68.627451,23.010421
19.607843,44.907237
58.823529,22.247537
19.607843,34.680476
49.019608,44.288683
50.980392,67.154568
66.666667,30.886677
60.784314,21.092903
62.745098,34.701094
60.784314,63.133966
100,38.144379
29.411765,48.350522
39.215686,37.896957
19.607843,12.556855
43.137255,89.958598
15.686275,39.463961
39.215686,18.082606
66.666667,36.866034
47.058824,15.010454
41.176471,11.54655
60.784314,36.082532
88.235294,22.824854
84.313725,35.628925
100,100
66.666667,32.350588
100,12.371289
27.45098,26.433087
54.901961,18.948582
62.745098,71.896817
68.627451,34.577383
78.431373,45.072185
66.666667,17.525907
27.45098,48.845366
72.54902,100
68.627451,41.731993
21.568627,22.350629
88.235294,34.556765
60.784314,100
31.372549,8.8249121
25.490196,29.237199
49.019608,4.4537961
76.470588,60.577276
68.627451,22.061971
49.019608,15.092927
78.431373,22.536196
27.45098,30.453689
25.490196,48.51547
43.137255,35.29903
86.27451,35.711399
90.196078,18.577449
86.27451,17.443433
17.647059,8.9486229
54.901961,30.886677
23.529412,39.134065
23.529412,57.525742
72.54902,29.917609
21.568627,24.020726
74.509804,45.670121
66.666667,66.041171
25.490196,28.350605
41.176471,22.762999
64.705882,41.855704
33.333333,51.030924
66.666667,46.742281
100,19.50528
66.666667,41.36086
43.137255,40.845399
29.411765,25.525874
52.941176,74.865877
60.784314,7.9176993
29.411765,21.443417
88.235294,29.237199
94.117647,64.783444
80.392157,15.360968
52.941176,34.391817
98.039216,52.329887
56.862745,43.587655
47.058824,29.257817
43.137255,100
64.705882,7.381619
27.45098,37.876339
54.901961,74.453507
100,36.082532
37.254902,52.742257
27.45098,23.402172
56.862745,13.670253
45.098039,63.917468
100,69.072086
62.745098,35.010371
27.45098,27.443392
56.862745,30.061938
68.627451,4.6393623
50.980392,28.598026
49.019608,43.855695
54.901961,33.855737
9.8039216,76.783395
43.137255,11.402221
64.705882,35.03099
39.215686,48.371141
66.666667,84.927691
70.588235,28.103183
58.823529,14.618703
64.705882,12.618711
74.509804,31.505231
100,69.072086
88.235294,60.700987
29.411765,27.587721
78.431373,19.422807
39.215686,40.721688
27.45098,64.536023
49.019608,47.814442
58.823529,20.556822
100,100
68.627451,36.618612
56.862745,52.989678
29.411765,51.030924
23.529412,24.886701
60.784314,38.144379
52.941176,34.494909
31.372549,58.206152
72.54902,30.536163
45.098039,100
37.254902,33.257801
29.411765,33.917592
68.627451,20.598059
100,34.701094
23.529412,32.659865
49.019608,34.907279
96.078431,50.845357
39.215686,48.948458
7.8431373,36.989744
21.568627,24.433095
50.980392,13.897056
52.941176,19.360951
27.45098,26.474324
60.784314,38.762933
88.235294,33.505223
43.137255,53.608233
100,16.824879
27.45098,46.041253
52.941176,100
49.019608,65.505091
31.372549,21.505272
96.078431,31.567086
86.27451,38.350564
66.666667,21.793931
50.980392,72.164857
100,81.958631
70.588235,29.917609
45.098039,11.113562
90.196078,100
80.392157,39.670146
47.058824,17.092919
64.705882,49.030932
19.607843,40.082515
66.666667,25.031031
70.588235,21.917642
64.705882,90.680245
21.568627,53.608233
47.058824,8.9486229
66.666667,8.5981089
33.333333,41.793848
64.705882,17.958895
82.352941,20.103216
100,9.5465586
41.176471,69.319508
9.8039216,34.701094
49.019608,29.134107
68.627451,43.773222
82.352941,50.701028
45.098039,32.412444
80.392157,48.453615
90.196078,40.041278
70.588235,48.597944
47.058824,20.969192
90.196078,20.556822
100,38.309327
62.745098,29.752661
88.235294,50.927831
58.823529,100
50.980392,59.793774
72.54902,54.804104
84.313725,17.48467
29.411765,17.051682
64.705882,21.917642
84.313725,40.907254
84.313725,15.629008
66.666667,31.216572
23.529412,53.381429
49.019608,24.123818
43.137255,12.474382
62.745098,27.835143
66.666667,64.8453
25.490196,26.453705
23.529412,74.577218
39.215686,34.165014
90.196078,16.94859
60.784314,11.938301
64.705882,19.752702
58.823529,42.98972
5.8823529,41.463953
64.705882,10.226968
47.058824,67.13395
35.294118,7.2166713
66.666667,49.19588
70.588235,100
49.019608,35.56707
27.45098,34.288725
49.019608,48.020627
58.823529,43.051575
86.27451,34.598002
60.784314,22.804236
21.568627,15.876429
66.666667,65.463854
31.372549,10.701193
52.941176,42.927864
37.254902,95.010124
23.529412,27.175352
37.254902,29.649568
88.235294,32.804195
13.72549,35.56707
47.058824,47.958771
58.823529,22.783617
100,20.433112
33.333333,13.876438
82.352941,15.216638
72.54902,11.443458
64.705882,41.855704
25.490196,60.597894
100,21.649601
52.941176,11.113562
29.411765,68.061781
64.705882,33.381512
56.862745,33.195946
60.784314,31.195954
64.705882,69.938062
64.705882,21.340324
31.372549,16.783642
47.058824,10.20635
68.627451,43.360852
37.254902,36.247479
54.901961,36.90727
7.8431373,25.835151
3.9215686,15.979522
74.509804,58.185533
62.745098,25.567111
33.333333,28.433079
35.294118,12.907369
41.176471,37.711391
96.078431,8.0826471
45.098039,29.422765
62.745098,33.072235
56.862745,76.04113
60.784314,17.360959
70.588235,57.566979
60.784314,24.742372
5.8823529,54.804104
47.058824,48.24743
54.901961,17.793947
78.431373,96.638983
74.509804,23.15475
80.392157,27.690814
68.627451,32.18564
31.372549,34.288725
45.098039,22.041352
64.705882,26.65989
58.823529,4.4744145
37.254902,12.701185
29.411765,29.010396
66.666667,8.8455305
70.588235,44.020643
49.019608,6.7630649
88.235294,69.525693
29.411765,37.525825
84.313725,41.319623
52.941176,37.896957
50.980392,17.010445
84.313725,43.134049
13.72549,19.464043
74.509804,28.041328
64.705882,35.56707
23.529412,23.546501
37.254902,89.999835
27.45098,52.082466
47.058824,63.917468
31.372549,41.608282
68.627451,39.34025
29.411765,86.247273
45.098039,8.5981089
100,19.154766
56.862745,23.876396
11.764706,34.371198
60.784314,43.649511
100,57.237084
39.215686,14.721795
19.607843,16.494984
37.254902,83.484398
84.313725,70.309195
68.627451,100
74.509804,12.288815
84.313725,27.752669
29.411765,21.443417
27.45098,12.639329
25.490196,28.927922
47.058824,29.855753
92.156863,100
31.372549,55.835027
21.568627,55.752554
39.215686,9.958928
88.235294,25.195979
11.764706,24.144437
88.235294,53.608233
62.745098,27.938235
68.627451,36.927889
70.588235,100
25.490196,41.443334
33.333333,28.742356
92.156863,11.340366
49.019608,48.268048
62.745098,13.670253
78.431373,71.484447
27.45098,80.371009
31.372549,14.391899
74.509804,19.319714
68.627451,65.855605
64.705882,29.443384
33.333333,30.329978
100,86.350366
56.862745,100
5.8823529,23.649593
70.588235,11.587787
41.176471,53.896891
7.8431373,61.979332
56.862745,17.732092
35.294118,24.866083
70.588235,18.226935
33.333333,27.917617
88.235294,2.4538043
29.411765,22.412485
27.45098,19.38157
31.372549,52.082466
39.215686,64.824681
47.058824,100
76.470588,20.309401
47.058824,29.216581
49.019608,16.556839
96.078431,50.164948
35.294118,40.907254
70.588235,32.412444
31.372549,100
56.862745,29.917609
100,95.236927
13.72549,53.608233
56.862745,16.474365
100,71.05146
50.980392,15.340349
64.705882,75.62876
31.372549,37.402114
64.705882,41.793848
45.098039,20.598059
49.019608,45.896924
66.666667,47.257743
60.784314,13.690871
39.215686,16.309417
68.627451,9.6908879
58.823529,17.257867
9.8039216,100
52.941176,8.2269764
88.235294,84.329755
58.823529,20.515586
100,8.2682133
92.156863,26.433087
80.392157,37.402114
100,100
15.686275,66.845291
58.823529,43.938169
29.411765,11.381603
33.333333,13.402213
78.431373,25.917625
66.666667,53.154626
100,49.278353
43.137255,40.597977
52.941176,63.649428
27.45098,10.247587
31.372549,34.165014
31.372549,7.9383178
23.529412,43.608274
27.45098,19.835176
76.470588,37.814483
100,100
33.333333,14.494992
49.019608,18.16508
29.411765,26.948549
29.411765,18.288791
66.666667,100
52.941176,53.113389
50.980392,58.989654
62.745098,77.25762
60.784314,11.051707
52.941176,9.2372815
54.901961,17.525907
68.627451,32.103167
74.509804,28.515553
54.901961,40.701069
66.666667,38.26809
43.137255,68.721572
58.823529,42.103125
70.588235,42.329929
47.058824,62.577268
7.8431373,17.051682
47.058824,28.721737
74.509804,100
27.45098,22.762999
29.411765,14.948598
15.686275,40.041278
56.862745,34.701094
96.078431,100
45.098039,18.16508
54.901961,53.670088
92.156863,67.175187
54.901961,60.39171
33.333333,35.443359
29.411765,39.525816
64.705882,48.453615
43.137255,28.453697
29.411765,35.938202
100,10.969233
45.098039,27.896998
54.901961,25.897007
5.8823529,14.330044
23.529412,27.979472
84.313725,29.299054
60.784314,40.515503
78.431373,11.484695
43.137255,100
64.705882,29.546476
7.8431373,23.876396
47.058824,35.56707
80.392157,36.474283
56.862745,31.051625
58.823529,8.0207917
100,25.793914
13.72549,52.742257
64.705882,23.360935
58.823529,46.927848
68.627451,74.865877
60.784314,5.4641012
23.529412,52.144321
100,52.742257
27.45098,65.030866
47.058824,7.7527515
62.745098,28.123802
88.235294,40.721688
19.607843,41.09282
45.098039,31.587705
52.941176,69.773114
64.705882,15.958903
86.27451,35.670162
45.098039,60.680368
54.901961,32.659865
56.862745,77.834937
66.666667,25.897007
19.607843,15.422823
68.627451,30.020701
35.294118,66.206119
37.254902,40.577358
58.823529,75.278246
60.784314,66.164882
78.431373,14.268189
29.411765,33.051616
29.411765,100
64.705882,35.587688
41.176471,9.8352172
66.666667,31.608323
88.235294,27.752669
11.764706,53.50514
54.901961,31.9176
92.156863,36.061913
70.588235,100
90.196078,60.886553
47.058824,23.711449
64.705882,11.876446
100,27.051641
56.862745,26.288758
27.45098,15.855811
100,24.680517
49.019608,45.855687
37.254902,94.845176
72.54902,15.010454
43.137255,36.433046
49.019608,14.123859
60.784314,11.299129
52.941176,66.86591
31.372549,24.268147
60.784314,52.082466
35.294118,26.969167
74.509804,31.855745
47.058824,9.3403739
88.235294,100
35.294118,50.164948
27.45098,40.866017
37.254902,100
21.568627,38.907262
86.27451,21.732075
64.705882,32.618628
58.823529,16.330036
72.54902,33.54646
27.45098,46.453623
58.823529,11.072325
84.313725,41.835085
52.941176,35.546451
64.705882,100
96.078431,30.329978
43.137255,11.670261
43.137255,18.598068
90.196078,23.010421
58.823529,18.9692
90.196078,32.226877
60.784314,9.3816108
31.372549,20.618678
82.352941,100
54.901961,17.443433
49.019608,19.484662
66.666667,36.474283
43.137255,59.072128
33.333333,44.556723
19.607843,52.453598
45.098039,43.876314
15.686275,79.216374
72.54902,29.381528
45.098039,16.474365
92.156863,21.40218
31.372549,40.164989
50.980392,38.886644
58.823529,33.773263
92.156863,64.865918
47.058824,22.989802
49.019608,38.350564
100,100
70.588235,12.804277
11.764706,30.412452
41.176471,100
17.647059,46.618571
17.647059,10.989852
54.901961,32.824813
90.196078,16.082614
66.666667,91.443128
74.509804,85.608101
100,31.463994
88.235294,30.494926
82.352941,40.845399
33.333333,28.701119
92.156863,51.257727
68.627451,40.866017
35.294118,30.412452
60.784314,26.907312
62.745098,36.927889
25.490196,57.752545
66.666667,69.113323
64.705882,37.649535
35.294118,41.443334
3.9215686,53.608233
88.235294,47.814442
41.176471,7.0517235
68.627451,29.608332
50.980392,46.041253
43.137255,100
100,25.649585
74.509804,40.721688
60.784314,45.340225
25.490196,11.711498
23.529412,34.948516
66.666667,97.999802
31.372549,55.876264
68.627451,26.350613
84.313725,26.39185
98.039216,45.237133
70.588235,23.443408
96.078431,32.536154
29.411765,73.649387
54.901961,22.041352
52.941176,44.845382
43.137255,26.288758
45.098039,52.412361
66.666667,51.030924
96.078431,39.443343
29.411765,20.103216
7.8431373,35.628925
21.568627,26.494942
100,20.948573
64.705882,19.113529
58.823529,35.092845
60.784314,37.608299
82.352941,18.330028
29.411765,29.09287
37.254902,21.649601
17.647059,12.886751
19.607843,22.103208
80.392157,50.597936
84.313725,19.628991
64.705882,6.9898681
31.372549,19.525899
19.607843,31.38152
76.470588,16.453747
54.901961,99.999794
70.588235,33.154709
39.215686,82.742133
50.980392,43.958788
33.333333,16.494984
88.235294,39.443343
41.176471,23.010421
62.745098,47.670113
90.196078,10.969233
27.45098,38.144379
21.568627,57.298939
70.588235,11.443458
35.294118,31.711416
47.058824,71.401974
68.627451,66.391685
82.352941,68.20611
47.058824,12.618711
54.901961,63.670047
25.490196,38.3918
47.058824,59.546352
64.705882,37.010363
45.098039,28.309368
9.8039216,35.56707
5.8823529,36.041295
54.901961,29.422765
19.607843,17.525907
64.705882,25.464019
39.215686,52.96906
58.823529,30.762966
49.019608,53.608233
94.117647,44.288683
78.431373,100
94.117647,70.10301
50.980392,11.484695
15.686275,30.453689
47.058824,8.0207917
33.333333,11.732117
74.509804,16.453747
41.176471,32.247496
70.588235,9.4228477
3.9215686,57.195847
31.372549,100
58.823529,100
80.392157,35.443359
68.627451,42.164981
90.196078,26.082573
27.45098,100
39.215686,18.041369
70.588235,32.247496
100,99.669898
68.627451,34.247488
35.294118,29.917609
31.372549,22.041352
21.568627,21.484654
29.411765,44.577342
41.176471,14.948598
29.411765,39.443343
47.058824,22.598051
41.176471,18.02075
70.588235,47.051559
64.705882,100
23.529412,28.969159
54.901961,67.360753
9.8039216,47.83506
29.411765,68.515388
47.058824,34.804186
35.294118,74.14423
58.823529,100
31.372549,15.319731
29.411765,87.628711
25.490196,24.824846
58.823529,65.896842
29.411765,100
52.941176,51.876281
33.333333,27.19597
56.862745,60.536039
35.294118,7.8764624
41.176471,84.53594
7.8431373,41.257768
25.490196,16.659931
80.392157,60.639131
100,37.628917
58.823529,81.855539
33.333333,10.969233
37.254902,28.391842
35.294118,38.577367
94.117647,69.360745
66.666667,30.927914
27.45098,100
74.509804,17.072301
19.607843,7.2991452
43.137255,13.793964
43.137255,43.298997
76.470588,74.082375
45.098039,27.113496
68.627451,22.103208
47.058824,50.783502
62.745098,19.175385
52.941176,24.866083
52.941176,30.804203
19.607843,32.948524
70.588235,13.525924
82.352941,16.845498
66.666667,67.010239
100,77.340093
27.45098,9.958928
27.45098,63.999942
84.313725,16.845498
54.901961,8.3506872
98.039216,70.515379
31.372549,45.731976
9.8039216,39.175302
19.607843,23.42279
96.078431,29.62895
54.901961,75.77309
33.333333,28.474316
43.137255,29.402147
76.470588,18.412501
82.352941,34.226869
68.627451,13.154791
68.627451,37.0516
70.588235,65.979316
100,87.814277
29.411765,100
58.823529,27.835143
100,46.680426
86.27451,30.618637
100,100
21.568627,39.154684
94.117647,18.536212
64.705882,18.824871
100,99.999794
100,33.195946
50.980392,93.9792
100,38.144379
21.568627,8.123884
19.607843,30.041319
21.568627,50.742265
72.54902,51.278345
37.254902,6.7012095
27.45098,45.216515
74.509804,71.752488
76.470588,35.56707
29.411765,12.824896
23.529412,25.154742
92.156863,74.226704
39.215686,69.072086
13.72549,51.567004
94.117647,21.237232
70.588235,61.835003
7.8431373,23.010421
78.431373,28.742356
78.431373,9.9795465
76.470588,100
62.745098,11.360984
39.215686,36.78356
15.686275,29.319673
100,12.371289
100,28.866067
68.627451,17.525907
9.8039216,20.886718
29.411765,64.020561
50.980392,75.051443
100,49.752578
84.313725,17.48467
64.705882,26.845456
100,37.773246
78.431373,16.330036
66.666667,54.907196
29.411765,35.56707
64.705882,25.257834
29.411765,30.247504
86.27451,49.422683
47.058824,31.031006
39.215686,22.680525
70.588235,35.443359
74.509804,28.989777
49.019608,32.845432
47.058824,69.072086
100,70.37105
33.333333,17.814566
31.372549,89.834887
50.980392,50.185566
47.058824,42.948483
62.745098,40.618595
66.666667,38.206234
58.823529,82.78337
23.529412,66.577251
17.647059,20.845481
45.098039,51.896899
17.647059,41.670137
54.901961,78.226688
43.137255,27.814524
64.705882,12.206341
76.470588,36.247479
82.352941,25.958862
76.470588,35.938202
49.019608,33.54646
31.372549,41.546427
100,65.690657
31.372549,13.154791
45.098039,29.340291
29.411765,20.824863
70.588235,50.783502
60.784314,14.103241
70.588235,33.299038
39.215686,9.6908879
29.411765,19.464043
68.627451,100
66.666667,13.773345
90.196078,54.907196
64.705882,51.958755
54.901961,13.134173
50.980392,16.742405
58.823529,89.690558
74.509804,5.6702859
31.372549,44.762908
49.019608,17.092919
66.666667,21.525891
11.764706,24.556806
64.705882,42.433021
27.45098,27.505247
35.294118,43.608274
100,40.164989
47.058824,9.9176911
52.941176,34.412435
33.333333,32.350588
43.137255,9.1135707
7.8431373,54.659775
49.019608,9.3403739
56.862745,13.958912
56.862745,9.5259401
27.45098,15.917666
64.705882,12.082631
82.352941,16.391891
50.980392,33.443367
58.823529,100
33.333333,47.175269
58.823529,28.783593
100,37.958813
19.607843,11.938301
62.745098,15.237257
66.666667,16.618694
