5.4046493,18.391883
12.810926,61.505107
1.1623175,37.814483
12.816013,55.237092
3.1893789,30.288741
11.193347,19.938268
6.7297421,39.670146
4.8807162,27.938235
11.264561,58.474192
7.5359886,32.515536
6.6737881,36.000058
6.7755227,17.75271
6.6737881,24.742372
9.8097563,42.371165
2.5179307,24.618661
10.216695,32.989761
2.5942316,35.56707
3.7209421,7.9383178
4.2448751,10.082639
11.178086,19.257859
5.1070756,65.670038
3.6827916,37.381495
6.6229208,27.835143
2.7748105,11.95892
3.7362022,13.732108
6.2210692,26.103191
3.7362022,100
3.6980518,17.360959
4.09736,47.03094
6.9993387,28.701119
4.6162063,27.835143
4.4178239,34.536146
3.8582837,41.030965
2.3475253,100
15.074521,41.195913
4.537362,85.690574
3.5632535,44.907237
12.409075,32.350588
4.3898469,16.433128
7.4215372,11.567169
2.2457907,41.835085
3.2631365,20.103216
2.7341167,20.742389
6.882344,21.175377
4.9849942,28.886685
6.4677756,83.505016
7.406277,30.721729
6.3838445,63.340151
3.9040643,27.175352
2.9452159,25.567111
3.8201333,60.577276
1.0427794,14.639321
3.6548146,39.010355
8.6677857,51.917518
4.6009461,27.773288
7.3757567,71.752488
3.3216339,18.824871
3.5098428,25.257834
10.883056,100
9.0442037,80.371009
2.9579328,52.02061
6.7678926,81.484406
8.3142581,24.123818
13.907116,83.669964
6.4347118,42.061888
2.72903,16.41251
6.198179,36.721704
4.6034895,57.566979
11.216237,40.845399
2.5204741,54.144313
3.8430236,10.226968
4.593316,35.010371
6.2134391,10.989852
7.2485884,57.979349
4.5755125,95.669915
6.7577191,22.659907
3.6115774,39.814475
6.6000305,40.989728
7.4393408,33.319656
3.029147,49.381446
4.0236024,31.299046
6.0125134,68.226729
2.1516863,36.247479
7.2460451,47.154651
6.8416501,31.958837
8.9373824,41.855704
1.124167,27.835143
8.4744901,53.381429
1.4370009,40.721688
6.8136731,51.402056
2.9350425,63.010256
5.3995625,31.257809
7.1900911,42.927864
7.8055852,14.041385
9.9801618,51.030924
38.219136,89.773032
11.595198,100
11.913119,67.731886
8.0548349,21.051666
4.0744697,16.845498
3.9015209,28.515553
4.209268,74.865877
7.406277,22.659907
11.511267,62.68036
18.627601,95.278164
1.9863676,23.010421
3.9193245,87.484382
3.1893789,89.690558
7.8920596,85.381297
5.4682334,84.989546
1.7879851,27.752669
2.7798972,64.577259
12.960985,53.216482
2.5713414,85.21635
4.5704258,73.690624
2.1389694,88.865819
9.01877,35.83511
2.9757363,28.804211
3.4106516,35.56707
6.0608373,41.09282
5.9234956,8.3300687
5.7073096,11.422839
5.8395646,46.185583
12.981332,36.391809
3.5785137,35.83511
8.4261661,34.598002
5.1910067,34.247488
5.0104278,40.000041
5.0282313,19.031056
8.7924106,15.422823
7.2765654,72.907122
4.0566662,16.14447
3.3597843,32.948524
17.361005,26.474324
4.3771301,79.381322
5.7429167,76.968961
1.2080981,43.051575
4.013429,23.711449
8.2328704,18.9692
2.9172389,39.463961
6.2465029,19.773321
7.5715957,28.288749
5.7352866,100
16.63106,13.092936
4.2296149,28.989777
7.538532,49.690723
2.6578158,28.866067
4.2957424,32.845432
4.5322753,50.824739
3.5047561,30.268123
3.2860268,18.16508
0.5137596,15.587771
11.340862,62.783452
9.4689455,52.226795
9.863167,25.917625
5.2367872,83.505016
5.1248792,47.546402
4.9137799,70.845275
1.2233583,26.556798
6.4474287,70.309195
2.3551554,35.56707
2.5509945,11.917683
8.0421181,13.402213
33.396917,70.041154
9.723282,69.608167
2.9172389,28.783593
8.5584211,69.360745
2.7544636,53.814417
7.8742561,37.690772
3.1029045,23.587738
2.9070655,13.670253
4.1405972,31.773271
3.8989776,16.969208
5.6132051,48.639181
2.5815148,60.164907
5.5852281,63.649428
9.5808536,41.77323
2.1313393,32.000074
6.8365634,94.78332
7.594486,31.855745
5.5928582,26.474324
16.074063,41.030965
4.5424488,22.494959
6.2643064,42.412402
8.6296353,21.340324
3.0647541,9.5053216
0.49341269,42.020651
2.2203571,8.9280044
30.075284,18.309409
5.1477695,23.484645
3.2275294,55.319566
7.3757567,35.525833
3.55308,100
3.9981688,31.835126
4.2067247,37.154692
2.4416298,22.88671
4.3160893,32.288733
1.5539956,11.979538
7.3732133,40.082515
4.1914645,25.773296
7.4189938,39.443343
5.493667,33.340275
7.5919426,43.608274
5.109619,15.340349
4.9163233,12.288815
18.378351,33.917592
12.950811,56.88657
4.3923903,70.618472
5.7556336,92.020445
2.4314563,10.886759
0.84439697,28.474316
4.2041813,74.432889
5.1045323,32.06193
2.8867186,50.371132
10.445597,22.721762
3.4894959,17.092919
3.7031385,32.804195
5.9972532,17.525907
8.438883,54.350498
4.9468437,100
3.5912305,14.206333
5.4427997,68.288584
3.8633705,100
3.2860268,30.927914
4.8705428,53.876273
4.1914645,33.876355
1.3734168,43.773222
13.408617,33.463986
4.3491531,46.164964
5.3054581,97.937947
38.80411,53.072152
3.2987436,57.051517
3.9294979,27.587721
9.1001577,56.432963
5.577598,97.195682
16.811638,83.298832
2.5052139,28.206275
4.7382878,63.133966
10.148024,58.618521
4.6619869,25.690822
3.9778219,32.886669
8.3956458,17.814566
6.6839615,18.43312
5.2952846,16.020759
15.646778,52.886586
8.9017753,46.824755
1.1953813,16.247562
3.7641793,100
11.017854,18.618686
4.7611781,77.360712
6.065924,25.257834
11.910575,39.835093
3.8582837,14.494992
11.078895,18.598068
2.9909965,24.453714
29.647998,46.144346
1.0936467,24.948557
4.9900809,21.608365
1.9990844,78.700913
2.5840582,100
5.0129712,30.680492
25.69561,15.649626
7.1392238,14.948598
6.2465029,100
8.2405005,86.082325
2.708683,34.185632
3.4666056,41.257768
8.1972633,52.329887
5.4427997,83.711201
5.2317005,17.402196
9.234956,79.752455
10.109873,53.030915
0.30266036,30.412452
1.7828984,40.226844
4.6772471,18.9692
25.914339,39.010355
3.4818658,100
3.8710006,20.103216
4.3440663,26.866075
1.0020856,19.072292
8.4083626,53.319574
9.6266341,77.587515
13.889313,54.082457
6.2312427,45.587647
3.6522712,5.0311133
4.9544738,30.721729
6.0226868,75.319483
7.3325195,53.752562
8.7313699,89.979217
1.9558472,15.525915
5.7810672,83.773057
22.765654,100
2.9630195,27.896998
5.9184089,28.082565
8.2430439,31.299046
2.4975838,15.237257
3.2707666,45.092804
0.8062465,86.247273
6.6330943,42.84539
7.5614222,71.58754
1.7498347,29.670187
12.495549,71.010223
2.8104176,41.587664
7.4317107,97.731762
4.4483443,17.113538
4.3237194,13.237265
4.1177069,68.247347
10.641436,48.061864
5.437713,60.515421
9.9496414,100
5.6895061,46.433004
2.1644031,5.0723502
5.793784,21.031047
6.4576021,14.948598
15.211862,17.938277
9.674958,19.23724
8.2099802,28.082565
2.9121522,16.123851
2.5509945,36.206242
5.5928582,54.618538
5.1960934,37.649535
3.7387456,33.113472
1.6811638,48.000008
15.585737,18.082606
16.183427,18.268172
6.7933262,100
0.62566763,19.464043
9.234956,36.721704
1.9939977,34.577383
2.2152704,23.010421
4.893433,100
4.6111196,9.0517153
4.3923903,18.103224
2.428913,8.2475949
2.9833664,17.196012
5.6233786,14.824887
6.6127473,27.793906
1.3072893,22.680525
4.0007121,51.48453
1.0911033,45.01033
5.5089272,11.670261
8.4821201,38.185616
6.8518236,99.999794
5.8115876,73.60815
3.4233684,58.268007
9.6673279,71.443211
2.9121522,11.443458
4.0617529,21.793931
4.4203673,62.845308
6.9281245,18.989819
0.39422148,30.412452
6.2337861,40.350555
7.8640826,61.010264
5.5623379,19.897031
7.6478966,9.4847032
8.2455873,78.412254
3.6319243,12.598092
5.3664988,18.598068
13.187344,28.721737
2.6044051,33.855737
2.7213999,30.927914
5.9336691,33.793881
5.9006053,16.371273
4.8044153,14.65994
15.908744,14.165096
6.2744799,9.7115063
4.4559744,58.412336
8.9170355,55.773172
5.3690422,59.7113
3.2198993,22.680525
0.14497177,69.072086
8.1235058,67.834978
4.2626787,18.103224
7.7801516,35.56707
8.3829289,65.360761
25.069943,57.979349
4.8120454,100
5.3843024,31.237191
2.9579328,31.195954
4.6619869,23.670212
4.4992116,28.701119
4.3288061,39.793857
21.041253,59.195838
10.336233,38.061905
4.7713515,22.226919
1.2182715,15.525915
9.1637418,38.907262
4.3186327,46.123727
6.9866219,35.175319
0.43745867,61.340159
4.0388626,9.0723337
1.1496007,35.56707
16.483544,42.597969
2.624752,43.731985
6.4957526,27.360918
4.3262628,12.185723
3.6064907,71.195789
5.6640724,54.45359
2.9096088,35.175319
4.725571,39.587672
2.8765451,11.113562
4.265222,38.144379
3.0469505,29.381528
3.6929651,15.072309
5.2266138,17.690855
4.565339,35.525833
6.0964444,71.340118
9.9140343,43.690748
3.5098428,100
5.4682334,13.629016
8.5736813,29.195962
3.029147,15.360968
25.517575,19.23724
4.7993286,20.103216
7.6072028,74.886495
6.449972,19.154766
3.9498449,17.278485
20.145989,25.608348
1.4395442,13.29912
7.2740221,54.247405
12.650694,38.515511
3.9905387,23.299079
4.8069586,40.721688
5.3080014,11.773354
8.5813114,31.257809
3.3979348,17.814566
2.4797803,35.010371
4.4076504,17.278485
0.956305,13.97953
11.857165,72.762793
5.5343609,44.783527
6.0964444,47.546402
6.3736711,36.309335
4.2575919,17.690855
3.4666056,29.257817
7.0959866,60.288617
4.397477,50.474225
4.2168981,52.515454
9.2374994,29.134107
17.612798,100
31.809858,50.123711
16.824355,24.247529
5.9947098,10.783667
6.3304339,38.721696
10.003052,43.690748
3.169032,18.391883
5.7225698,31.9176
9.7283687,8.8455305
1.3556132,9.8558356
3.7896129,11.608406
14.474287,32.06193
5.8090442,38.061905
9.3392339,12.76304
7.594486,52.16494
4.3440663,28.226894
2.4950404,44.639197
4.3313495,58.76285
2.3576988,21.525891
3.6344677,46.412386
14.929549,9.6496509
1.9075233,7.2166713
5.7683504,21.525891
5.3843024,18.948582
5.9794496,11.175418
7.4952948,30.103175
7.8742561,57.298939
7.0705529,22.515577
5.9234956,37.237166
9.8504502,32.165022
4.8578259,9.0310968
4.1405972,21.649601
7.0247724,12.350671
4.2575919,30.84544
12.088611,84.721506
3.9981688,100
6.3634976,29.773279
5.8395646,71.85558
11.71728,37.010363
6.5186429,24.804228
3.7870695,10.886759
7.6402665,46.948466
10.905946,64.43293
4.0846432,9.6496509
4.3873035,40.350555
1.7167709,16.927971
5.0790986,16.701168
3.769266,35.56707
3.1385116,46.268057
1.0987334,52.329887
3.9345847,27.938235
4.2118114,100
8.3829289,86.55655
13.36538,45.81445
4.0363192,40.907254
12.716822,42.226836
7.8030419,92.061682
0.24161961,8.2475949
3.5429066,43.298997
10.519355,34.371198
9.6851315,49.670104
5.7251132,42.288692
5.4707767,5.6909044
6.226156,7.4022375
5.0867287,15.773337
3.7667226,39.732001
3.7311155,21.752694
3.9473015,29.216581
2.5535378,35.56707
9.8606236,57.298939
0.91306781,10.06202
2.9909965,5.8764706
12.612544,25.422782
12.286993,22.165063
0.54173661,13.670253
6.037947,43.11343
7.406277,33.732026
3.657358,7.3403821
10.529528,32.804195
7.7369144,25.773296
3.3903047,59.113364
5.6793326,71.072078
6.394018,66.721581
7.0069688,61.154593
4.0312325,17.175393
4.2728521,44.515487
4.2728521,25.793914
3.9320413,11.608406
2.2585076,52.96906
0.38150465,30.412452
4.2881123,25.031031
5.4682334,17.917658
9.4180782,9.6496509
2.8638283,24.556806
6.1320515,100
5.5140139,100
2.0346915,37.381495
5.0409482,48.494852
5.8293911,53.999984
10.822015,57.628835
3.7107686,32.618628
4.6441833,30.948532
6.5669668,73.195781
4.3211761,26.206284
14.761687,53.278337
4.7026807,26.000099
4.8552826,9.1341891
7.1137901,100
4.013429,29.484621
3.5657968,37.195929
6.5949438,19.732084
7.8157587,52.453598
6.9561015,34.907279
4.0795564,53.113389
6.4321685,36.618612
6.8518236,34.969134
7.1188769,20.969192
5.0027977,30.598018
4.2321583,21.40218
2.512844,53.175245
3.7387456,19.587754
7.154484,54.371116
9.8021263,72.144239
2.100819,64.453549
3.8074165,30.371215
10.730454,20.824863
5.1782898,51.896899
4.4279974,100
6.3355206,21.897023
5.6844193,22.989802
6.6305509,36.556756
14.596368,100
15.873137,40.721688
14.1818,100
3.0266036,12.618711
13.858792,30.412452
1.4064805,25.257834
2.380589,37.402114
4.0820998,33.587697
3.7183987,55.484513
7.8157587,50.618554
4.397477,39.814475
6.5847703,13.340357
4.1507706,44.804145
6.0786408,47.608257
5.5419909,21.25785
6.0252302,32.886669
7.4367974,26.433087
0.096647846,8.2475949
5.5648812,29.855753
8.634722,47.340217
8.7084796,10.515627
3.9320413,23.15475
4.4992116,16.845498
2.7366601,42.948483
1.856656,10.969233
2.6018617,100
4.6619869,61.938095
10.928837,56.783477
0.30774709,25.257834
3.6675314,42.371165
2.9579328,26.12381
2.1465995,28.866067
4.6009461,35.732018
5.5725113,40.536122
2.5586245,33.360893
2.9757363,34.639239
3.4030215,61.711292
8.5431609,36.226861
4.5017549,23.319698
5.1986368,43.773222
5.6920494,14.78365
6.2871967,14.020767
2.8536548,45.835069
2.6018617,7.9176993
8.062465,93.133843
7.2282415,36.824797
0.49086932,35.56707
2.9121522,9.9795465
4.7891551,32.59801
6.2744799,50
4.8959764,11.81459
8.9882497,44.185591
0.63075436,100
3.5632535,18.474357
2.8460247,12.515618
4.0108856,12.123868
8.6677857,78.041121
5.5572511,60.288617
4.0515794,39.299013
2.7697238,51.257727
1.8515693,15.237257
3.1385116,17.587763
3.8837174,33.649552
3.5759703,42.783535
21.987385,62.536031
8.5685945,43.298997
3.5759703,57.999967
2.0321481,9.216663
6.9204944,24.948557
14.202147,100
3.8303067,81.401932
7.7394578,14.577466
15.087237,19.23724
4.6518134,27.505247
1.5641691,30.30936
0.78589959,35.56707
10.066636,33.835118
0.25433644,32.989761
4.1049901,40.391792
4.6950506,34.536146
5.9082354,25.257834
7.3198026,49.31959
5.0409482,30.948532
7.4240806,33.278419
5.1859199,29.195962
7.978534,24.577424
5.8243044,16.474365
8.9551859,26.247521
9.9521847,13.360976
5.625922,66.845291
2.7875273,22.536196
0.956305,42.144362
6.0048833,66.783436
6.1117046,20.45373
7.5512488,21.051666
6.6458111,59.814393
3.4894959,21.340324
3.5200163,53.711325
5.2851111,33.319656
3.7896129,18.391883
6.8976042,76.804013
7.9887075,52.886586
4.4203673,52.721638
5.8548248,19.567136
6.2337861,36.391809
8.5100972,15.752719
8.8458213,54.18555
3.5022127,44.701053
2.9146956,17.21663
7.9709039,100
6.0277735,15.175401
9.6953049,26.804219
8.2989979,31.463994
14.158909,26.371231
8.822931,17.340341
11.167913,34.783568
8.2583041,15.051691
6.0760975,20.536204
3.4030215,19.938268
9.7741492,100
1.4420876,16.391891
7.4393408,13.938293
1.6862506,43.030957
5.2342439,11.01047
3.7438323,31.278428
3.2198993,22.391866
7.3961036,45.670121
3.6192075,47.690731
4.6492701,26.144428
7.3019991,31.670179
3.8455669,8.9486229
4.1940078,41.319623
3.7463757,35.257793
6.4804924,28.453697
6.1320515,49.938145
5.1045323,19.484662
7.1315937,69.072086
17.594995,100
2.6145786,45.752595
4.0439493,11.154799
5.8115876,30.783584
11.4604,77.484423
7.3630398,15.134164
6.861997,100
5.1706597,35.56707
7.3808434,24.783609
6.0303169,55.298947
2.2839412,14.948598
4.3288061,53.608233
7.134137,32.453681
3.7616359,25.257834
6.6559845,54.907196
8.390559,21.484654
8.1743731,26.39185
7.5436187,36.433046
9.7258253,86.535932
3.0062567,30.247504
2.6425556,21.072284
4.3796734,37.237166
3.336894,100
4.593316,22.020734
3.581057,41.010346
7.7826949,57.01028
10.903403,9.1960446
0.54682334,25.257834
8.0166845,85.937996
4.9264968,75.216391
8.8966885,28.598026
4.3516964,23.134131
2.5153874,8.866149
8.2913678,75.62876
8.1692863,35.958821
13.207691,30.000082
7.350323,20.371256
14.588738,29.402147
21.974668,59.072128
6.5160995,64.865918
4.4279974,20.824863
8.9500992,14.948598
11.401902,53.546377
13.095783,15.629008
10.671957,22.082589
7.8996897,55.463895
7.7470878,27.237207
4.9900809,55.876264
12.637978,75.546286
4.2168981,100
10.219238,50.989687
5.5063838,70.865893
5.46569,48.453615
4.949387,25.628966
14.904115,32.082548
6.0582939,100
3.8506536,47.134032
2.484867,52.70102
3.7565492,52.948441
3.8837174,46.206201
9.346864,11.154799
0.055954016,10.824904
9.5655934,100
6.4754057,81.092655
3.169032,18.742397
6.7068518,39.278395
7.5232718,78.989571
7.4673178,39.010355
4.265222,45.484555
6.0888143,43.010338
9.1128745,48.453615
6.0557505,14.65994
5.8421079,27.484629
5.3029147,14.721795
3.0138868,31.319665
3.7819828,37.567062
7.8462791,41.711374
3.7056819,58.3711
1.9558472,53.938128
7.1926344,47.896916
3.8760873,63.257677
10.460858,36.288716
3.769266,36.37119
13.469658,29.010396
3.1283382,20.474349
2.1593163,40.061897
5.6742459,7.381619
3.7768961,20.103216
9.5503332,45.484555
4.0948166,20.742389
6.3278905,14.577466
9.2400427,37.505206
12.01231,93.9792
13.881683,44.453631
4.4661478,11.340366
4.4051071,27.670195
3.9625617,29.855753
6.2922834,100
4.8730861,24.701135
6.8492802,64.762826
7.2613053,23.216605
4.5017549,30.412452
15.827356,25.360926
5.4300829,35.1547
3.4945826,37.195929
3.4716924,18.371264
6.2286993,43.463944
3.7438323,25.690822
2.7620937,19.031056
19.301592,64.721589
31.736101,42.474258
11.872425,48.948458
5.6233786,35.340267
5.8395646,34.515528
6.861997,33.690789
5.7785238,10.701193
6.0328603,53.752562
3.1588585,29.62895
12.286993,15.278494
4.8629127,39.422724
8.4007325,31.587705
5.653899,32.453681
7.8971463,27.319681
7.5181851,78.927716
6.6483544,33.855737
4.6619869,49.752578
2.9172389,30.598018
11.966529,57.95873
5.8395646,24.123818
3.5327331,14.206333
5.8421079,16.598076
9.3901012,52.886586
10.951727,51.958755
3.4437153,20.639296
4.1405972,23.938252
6.477949,33.979448
4.5170151,18.16508
3.7107686,8.2063579
4.5500788,17.525907
6.394018,22.866091
11.287451,100
5.0638384,21.608365
3.9116944,10.824904
5.1503128,26.268139
4.621293,22.866091
5.8700849,86.742117
7.3579531,79.381322
8.4541431,33.257801
9.0060532,25.649585
3.469149,27.835143
8.8814284,35.092845
7.1163335,73.938046
7.7369144,52.16494
9.4333384,45.175278
5.0460349,75.257628
3.8633705,45.876306
3.5836004,30.907295
10.259932,53.649469
3.9701918,48.288667
3.7540058,43.298997
1.8261356,9.5465586
2.5153874,69.072086
5.7276565,15.938285
3.8710006,16.247562
5.7327433,28.598026
5.9845363,28.268131
3.0037133,7.6290407
14.815097,67.876215
8.3981891,69.525693
4.0948166,15.360968
8.7440867,47.525783
5.9921664,16.350654
1.9253268,64.721589
2.8027875,49.752578
5.9412992,32.020693
5.765807,17.525907
12.365838,41.711374
4.397477,43.463944
6.2515896,42.927864
0.67653492,27.835143
6.8365634,57.649453
6.55425,45.381462
1.9939977,25.402163
2.1313393,50.164948
4.9875375,40.412411
27.397121,100
6.3228038,11.113562
3.9574749,42.30931
8.7262831,34.927897
14.530241,72.041146
6.2465029,17.340341
7.1697441,14.226952
7.4952948,24.1032
2.708683,25.58773
3.2758533,41.876322
3.1105346,64.267982
3.0952744,41.381479
7.6707869,36.020676
7.5029249,62.989637
7.2028079,71.917435
3.5200163,15.360968
3.985452,34.123777
3.3419808,25.319689
3.2656798,25.793914
4.8781728,23.464027
4.5144717,100
5.6437255,36.309335
16.033369,91.195706
6.0684674,45.257752
3.5836004,25.525874
7.9709039,11.27851
9.6800448,51.21649
4.9366702,43.855695
7.0832697,69.628785
5.3741289,25.649585
2.6298388,71.257644
3.5963172,54.597919
14.517524,33.711407
11.773234,51.340201
4.2474185,12.474382
9.3214304,33.092853
5.7785238,30.494926
6.4703189,14.51561
5.9311257,16.907353
3.3394374,59.999959
9.1001577,48.164956
7.4571443,44.845382
8.3676688,21.484654
4.3440663,61.793766
3.3725011,87.649329
3.4284552,40.474266
5.1274226,60.350473
7.1951778,37.237166
11.976703,17.855803
10.443054,20.103216
15.758686,29.690805
5.5267308,14.948598
4.1863777,11.917683
4.613663,44.948474
3.4386286,45.195896
5.3207182,23.237224
7.2307849,99.133818
10.079353,16.556839
9.4689455,100
6.6280075,11.340366
2.8714584,43.298997
4.4330841,100
9.2476728,37.030981
1.0020856,14.948598
3.3953914,28.618645
2.0830154,6.5362617
27.287756,36.63923
3.7005951,11.134181
3.3063737,10.598101
7.3961036,29.567095
7.9378402,56.783477
6.3304339,40.927872
8.2939112,23.484645
10.483748,42.907246
3.141055,33.505223
1.3657867,59.835011
3.141055,10.371297
4.0108856,17.21663
10.252302,66.742199
5.9641894,51.402056
7.0476626,30.783584
6.5237296,29.711424
2.2864846,35.340267
16.496261,80.08235
5.0180579,75.175154
1.9253268,51.030924
8.118419,100
9.0111399,100
11.099242,71.505066
6.205809,39.855712
10.852536,100
8.1413093,37.814483
3.3903047,44.453631
4.9544738,15.031072
7.7979551,45.979398
3.3623277,33.711407
2.3653289,15.938285
2.2712244,66.86591
3.8582837,100
6.0862709,27.072259
5.1401394,33.113472
2.8612849,46.391767
6.7526324,54.98967
4.8018719,29.855753
3.2783967,6.9280127
4.9468437,36.701086
4.7662648,15.216638
6.3991047,57.896875
7.9098632,21.340324
14.743883,14.371281
1.7701816,52.082466
12.098784,54.061839
9.4740322,64.391693
1.1979246,94.845176
3.4309985,57.298939
7.1672008,80.453483
4.7484613,43.876314
9.0772674,54.18555
10.519355,51.340201
4.4025637,51.525767
4.2881123,35.03099
11.104329,23.092894
4.4636045,91.298799
11.549418,26.474324
5.2189837,12.76304
15.27036,63.237059
26.712956,21.897023
13.604456,34.288725
2.4518032,11.752735
5.9870797,25.525874
1.9507605,11.752735
3.4030215,24.824846
8.6118317,30.474307
2.6196653,24.701135
9.0518338,52.453598
6.6508978,10.309442
10.519355,46.804137
8.2684775,47.216506
1.0020856,32.556773
2.2610509,75.566905
22.246808,31.711416
10.964444,44.701053
8.0192278,20.288782
7.8208454,25.257834
4.0795564,12.474382
3.9015209,29.010396
9.3138003,43.237141
10.170914,45.27837
8.3956458,16.206325
2.6730759,51.175253
4.7942418,35.505214
1.0554962,71.278263
4.565339,31.031006
1.828679,15.402205
6.1600285,15.608389
7.5868559,13.897056
4.7433745,7.9383178
6.6788748,36.433046
7.5741391,22.453722
3.7743527,74.453507
15.598454,29.216581
38.00295,60.474184
23.836411,28.226894
11.333232,55.793791
4.0312325,66.350448
14.76423,29.773279
2.4416298,64.536023
2.0397782,27.237207
13.390813,34.453672
13.413704,39.257776
2.3017447,33.855737
7.1850043,71.133933
4.1660308,24.969175
2.9452159,30.783584
7.678417,82.391619
0.48578259,25.257834
14.685386,82.845225
3.7285722,36.206242
9.9242077,50.185566
3.9167811,7.7939885
4.3745867,15.979522
4.593316,32.989761
2.6094918,49.030932
6.9764484,16.474365
7.0069688,41.09282
3.4360853,17.072301
3.9015209,100
5.3232616,26.948549
10.125134,49.525775
0.75792258,21.814549
2.9146956,33.340275
5.1859199,25.814533
13.922377,42.701061
0.89017753,25.257834
6.6839615,74.453507
4.1889211,12.268197
2.2508775,12.474382
3.8862607,44.721671
14.064805,67.628793
8.8661682,76.164841
4.4279974,29.546476
6.3813012,100
17.483087,32.123785
4.5348187,44.041262
0.76046594,10.433153
20.232464,29.175344
13.983417,26.969167
10.196348,69.319508
7.790325,40.577358
2.596775,8.123884
6.0760975,34.453672
4.5551656,28.474316
5.0180579,48.78351
8.2583041,15.010454
4.5017549,16.309417
5.2088102,67.711267
2.7442901,19.278477
3.6319243,30.082556
5.6284653,31.237191
16.717534,20.701152
2.2737677,31.11348
13.250928,20.330019
8.1031589,41.917559
2.5331909,18.041369
5.8166743,31.299046
3.0164301,100
2.2890279,60.824698
16.280075,11.134181
5.2367872,17.092919
8.4515998,86.391603
0.67144819,30.783584
4.0108856,41.195913
5.7454601,17.21663
6.2643064,20.845481
3.2555064,72.350423
10.097157,28.123802
6.5415331,38.845407
3.5912305,8.5981089
2.757007,48.453615
1.1979246,25.257834
2.6094918,53.608233
6.3406074,29.876372
2.9070655,20.474349
12.762602,48.185574
7.4927514,55.979357
2.4670634,15.092927
0.14751513,10.824904
7.3198026,50.164948
1.9482171,24.288766
3.8074165,46.08249
15.367007,51.463911
6.806043,40.474266
1.612493,23.979489
3.3394374,17.443433
4.181291,14.185715
5.0740119,31.257809
6.8187599,14.51561
2.9070655,31.031006
7.3401495,81.29884
2.2864846,29.09287
4.5170151,100
3.169032,25.85577
2.3042881,24.1032
9.046747,81.690591
8.8483646,43.958788
3.3496109,23.42279
12.449769,65.938079
4.6034895,17.340341
7.7572613,67.010239
4.593316,49.46392
8.0650084,23.546501
10.768605,58.886561
5.5012971,8.4331611
7.4546009,34.288725
5.5750547,11.031089
2.5738847,18.103224
8.2583041,15.979522
5.5191007,27.958854
4.9036065,61.958714
3.797243,68.041163
3.6700748,22.948565
9.2603896,8.7630566
5.5140139,100
5.5877715,32.32997
2.812961,15.216638
6.7170253,15.711482
2.9909965,34.020684
3.3267206,33.505223
3.7946996,35.56707
9.4994659,25.97948
6.3456941,36.721704
5.4962104,40.412411
7.1010733,33.690789
2.4746935,36.597993
5.3893891,9.1754261
5.3029147,38.556748
16.529325,26.39185
6.4754057,24.618661
1.4395442,19.051674
21.048883,24.680517
11.885142,19.216622
2.8740017,44.59796
5.4758635,48.597944
5.1986368,100
4.5577089,8.3094503
11.259474,36.226861
2.100819,13.546542
10.768605,22.061971
3.7056819,45.876306
9.1383082,13.154791
6.9739051,28.701119
5.109619,45.01033
6.3838445,57.319557
6.610204,8.5774904
1.9329569,28.701119
13.975787,19.897031
26.430642,81.711209
11.417163,62.700979
12.945725,40.866017
10.610916,16.721787
0.04069383,69.072086
5.2749377,100
4.209268,9.9383095
4.8629127,11.134181
5.3130882,19.196003
7.510555,100
6.5008393,21.031047
4.8985198,29.958846
5.053665,30.000082
12.749886,34.412435
2.1669464,63.917468
5.4427997,14.824887
3.1232514,60.474184
8.7924106,35.29903
2.701053,11.154799
5.5292741,17.299104
4.2474185,29.835135
3.9320413,10.824904
4.8069586,43.917551
15.995218,77.711226
10.618546,55.030907
0.048323923,32.989761
5.7200265,53.030915
3.8786307,28.247512
13.6833,27.958854
5.6360954,91.030759
1.6201231,35.876347
0.67653492,29.134107
0.23907625,6.7012095
4.3796734,17.649618
6.9764484,2.4538043
5.5826848,36.680467
6.3558675,88.061699
5.0180579,81.505025
6.7704359,59.154601
3.9422148,68.391677
2.2864846,10.165113
4.6314665,32.556773
7.5588789,25.113505
5.7047663,65.195814
4.0541228,27.422774
9.1917188,41.77323
3.6827916,10.598101
8.0929854,25.257834
1.5311053,39.257776
5.4275395,47.03094
1.8032453,23.917633
4.1660308,100
11.625719,30.639255
10.186174,27.690814
4.1151635,11.938301
9.2578463,39.257776
21.265069,39.814475
2.5815148,15.092927
23.075945,100
2.9070655,21.711457
5.0104278,66.432922
8.5558777,34.247488
3.2275294,44.721671
7.4520576,27.299063
4.509385,14.103241
5.521644,31.876363
6.0277735,28.577408
11.933466,44.701053
9.423165,58.886561
16.1173,100
1.884633,15.113546
10.176001,100
2.0601251,6.9073942
6.0633806,41.896941
3.2733099,50.474225
2.1516863,16.247562
2.896892,30.412452
21.857673,13.587779
1.9761941,44.350539
5.269851,100
3.5047561,22.247537
0.47052241,100
15.824813,100
10.013225,44.144354
4.0108856,43.484563
24.019533,40.804162
7.0095122,33.958829
4.809502,50.020618
7.9378402,31.505231
7.1239636,25.85577
4.4610611,41.917559
5.6742459,100
2.4263696,43.030957
8.0497482,48.886603
9.9674449,15.381586
8.4541431,31.195954
3.9676484,22.680525
17.594995,32.226877
5.2851111,16.041377
37.934279,52.536072
8.5177272,44.453631
4.9595605,62.206135
14.214863,39.917567
3.581057,45.443318
8.4999237,69.381363
4.9722773,57.566979
7.6377232,60.639131
5.9972532,9.0310968
0.72994557,20.391875
7.6962206,63.48448
4.5119284,61.835003
7.7038507,56.144305
2.0906455,17.154775
3.0316903,100
2.7061397,46.556715
2.6985096,32.226877
5.8955186,38.907262
6.8492802,40.886636
4.6340099,25.257834
5.0511216,19.484662
8.3854723,42.948483
7.0985299,30.082556
3.8837174,15.7321
6.0328603,11.855827
8.7135663,54.845341
4.837479,33.154709
7.0171423,25.71144
2.4594333,35.134082
2.0575818,16.886734
4.5780559,48.020627
3.7641793,29.525858
7.1570273,10.433153
4.265222,29.979464
10.585482,100
3.6420978,33.257801
8.2328704,45.752595
3.7819828,29.958846
0.8138766,47.175269
10.506638,56.288634
5.0104278,100
1.1750343,26.309376
7.4724045,36.536138
6.5491632,22.804236
2.3831324,15.031072
6.5796836,65.793749
6.4804924,100
5.597945,21.546509
5.1604863,96.638983
8.0497482,16.00014
5.2444173,23.113513
2.18475,20.701152
3.7311155,29.793898
6.3228038,67.979307
6.1854621,33.257801
9.5477898,36.020676
8.7161097,34.989753
6.2643064,58.103059
18.065517,70.721564
1.144514,86.061707
9.2578463,20.474349
2.5662546,35.814491
6.0303169,31.443375
4.3008291,56.185542
4.3313495,25.257834
4.5831426,51.113397
15.382268,23.216605
5.4300829,11.154799
3.9116944,25.464019
10.972074,56.020594
3.2962002,25.072268
10.018312,67.81436
21.771199,48.989695
11.681673,71.608158
12.228496,33.381512
5.7963274,17.773329
6.1295081,36.309335
1.8897197,12.886751
5.2062668,51.731952
3.9549316,34.783568
3.8074165,21.092903
1.8668294,8.9280044
8.4973803,65.834986
2.1211659,23.175368
9.4562287,28.866067
16.877766,57.835019
5.7429167,100
0.96139173,25.257834
7.838649,57.381413
3.6751615,26.412468
3.308917,96.515272
4.6314665,37.505206
2.1796633,19.670228
2.8383946,20.103216
4.2016379,41.154676
12.373468,52.082466
4.9468437,33.505223
7.2765654,64.989629
3.1868355,25.484637
4.537362,11.897064
7.0349458,48.453615
5.3664988,21.732075
4.7230276,35.56707
3.5734269,43.298997
4.2041813,32.989761
1.2742255,27.319681
1.1114502,30.412452
14.690473,38.701078
4.2194415,100
6.1244214,100
1.2131848,19.072292
12.337861,39.917567
5.3003713,28.742356
6.5389898,38.989736
5.0053411,18.783634
8.7873239,43.608274
4.0210591,38.412419
6.9866219,46.536097
7.8233888,84.53594
4.2830256,29.340291
2.8561982,30.412452
4.7891551,51.690715
7.9861641,36.041295
6.0481205,42.268073
11.737627,19.278477
6.5491632,51.567004
2.3271784,50.53608
5.2952846,62.556649
5.9641894,40.185607
1.2996592,31.463994
18.874307,15.113546
6.9077776,44.701053
3.3725011,56.824714
8.034488,44.680434
3.141055,31.134098
9.5757668,76.659684
4.5399054,30.680492
4.1965512,63.999942
13.126303,20.515586
11.635892,37.628917
21.682181,45.95878
2.9375858,28.866067
8.9246655,22.453722
5.1859199,82.989555
3.769266,65.237051
6.3787578,51.958755
6.7831528,21.010429
3.329264,100
30.141411,52.845349
7.5207284,52.329887
17.691643,51.010305
10.430337,17.340341
2.0499517,41.525808
4.4890381,52.989678
4.0668396,48.453615
4.2703088,35.360885
5.3385218,46.22682
3.2148126,100
2.2635943,21.814549
5.025688,66.103026
6.8162165,14.824887
3.9752785,44.59796
4.4686912,37.278403
0.17803551,48.453615
6.5415331,32.618628
7.6097462,14.51561
7.9352968,11.464076
4.9341269,40.02066
2.8307645,50.164948
5.2876545,9.0723337
9.1917188,28.474316
2.6959662,78.164832
8.1235058,44.206209
3.7946996,70.37105
3.9549316,9.7939802
8.1133323,26.65989
8.5431609,30.371215
4.8196755,32.494918
0.97156519,14.948598
4.5449921,33.979448
2.9655628,27.010404
11.21878,49.134024
4.7993286,100
6.4576021,56.288634
3.9396714,11.608406
8.5965715,30.866058
11.544331,55.649461
4.2677654,54.742248
18.337657,22.185682
8.6423521,15.979522
3.085101,16.94859
4.3389796,17.48467
9.5401597,35.195937
4.0261458,24.90732
5.1579429,36.742323
4.7611781,8.2888318
5.0587517,46.412386
9.7665192,21.67022
14.151279,39.175302
0.31029045,20.103216
7.1443105,16.845498
3.8379368,14.92798
9.6673279,25.154742
5.3461519,46.989703
9.8326466,5.3610088
3.9574749,26.577416
6.8136731,21.340324
4.0261458,98.618356
8.4897502,100
10.275192,83.340069
5.7047663,29.546476
4.9671906,22.989802
7.4469709,96.041047
5.7022229,48.762892
6.00997,18.16508
13.93255,25.257834
10.679587,24.556806
6.8772572,22.680525
12.309884,24.330003
4.2245282,43.711366
10.463401,23.876396
7.7852383,43.237141
7.2816522,100
7.2994557,11.897064
9.2298693,15.134164
21.107381,48.907221
4.92141,45.27837
6.121878,8.866149
7.8284755,29.216581
3.2504197,61.979332
2.4797803,58.76285
4.1863777,66.020552
4.7459179,56.824714
7.6351798,37.85572
11.541787,43.422708
5.2189837,56.845333
2.4797803,32.721721
3.713312,15.484678
4.1889211,43.298997
6.8950608,33.773263
12.653238,61.298922
5.6513556,52.329887
13.225495,33.216564
4.3288061,100
4.5856859,53.298955
5.1732031,78.86586
2.9731929,19.587754
5.8166743,30.412452
4.3949336,54.494827
12.526069,30.494926
0.8850908,38.144379
5.7174831,17.443433
15.318684,29.010396
3.5429066,36.680467
7.2562185,61.133975
4.3033725,20.886718
4.4839514,11.95892
1.09619,30.412452
3.6497279,46.577334
2.5789715,37.278403
7.1748309,31.031006
6.2643064,41.072202
7.1850043,29.402147
7.1239636,23.464027
4.8171321,29.773279
3.3674144,41.876322
5.0409482,44.59796
3.0266036,11.051707
2.8231344,31.855745
6.8467369,18.907345
5.4275395,88.535924
4.1380538,11.092944
5.954016,24.22691
2.9375858,23.134131
4.2982858,51.030924
11.231497,17.732092
7.7725215,23.876396
6.8162165,31.855745
4.013429,100
5.4606033,34.824805
5.8828018,100
1.7320311,11.340366
4.9315835,34.824805
4.2067247,34.494909
3.2173559,99.999794
7.4189938,15.154783
48.913983,28.41246
11.18826,100
1.3301796,10.721811
5.0129712,52.762875
1.4395442,24.886701
7.0324025,22.762999
6.0404904,36.10315
1.068213,32.412444
5.2825678,36.247479
2.6578158,36.866034
3.6115774,38.639222
6.9230378,35.29903
0.096647846,7.7321331
4.0083422,47.134032
5.2367872,13.196028
6.6814182,100
3.336894,100
5.3207182,11.031089
8.3193448,43.835077
3.0800142,45.154659
10.92375,34.845423
3.9396714,23.979489
4.537362,44.618579
4.013429,36.309335
9.3290605,31.876363
9.6978483,10.041402
6.2922834,78.102977
4.1634875,10.927996
5.8370212,7.5465668
2.9452159,29.546476
4.7459179,13.17541
2.0499517,32.59801
6.0048833,26.103191
4.2804822,31.340283
7.0985299,45.422699
5.8268478,34.845423
8.2023501,46.824755
8.4363396,55.319566
2.3551554,26.721745
3.085101,20.598059
1.0478661,61.051501
2.3093748,13.422831
7.706394,85.75243
3.5327331,33.360893
8.550791,24.412477
9.1433949,69.360745
0.37387456,20.103216
1.4268274,48.453615
8.5457043,59.958722
4.4839514,50.577317
4.969734,19.690847
5.1248792,20.8661
24.306933,62.659742
8.766977,23.835159
6.0201434,33.443367
5.6335521,11.979538
6.3329773,29.010396
5.3563253,100
14.677756,21.40218
3.0622107,17.793947
2.9197823,79.072045
9.095071,78.350399
2.428913,28.536171
3.7031385,29.979464
6.2388728,21.649601
4.8349357,100
5.1121624,34.103158
3.0088,14.680558
4.0057989,39.195921
5.6182919,27.402155
6.6966784,21.299087
5.6793326,17.525907
4.5984028,44.082499
5.1223358,75.876182
3.3903047,68.20611
7.8208454,15.690863
3.3775879,47.237125
5.109619,35.628925
7.4011903,36.206242
8.1362226,38.742314
5.9031487,9.0104783
5.5267308,93.9792
11.21878,39.835093
4.565339,100
3.9752785,20.391875
5.297828,42.84539
3.5225596,13.464068
8.8839717,44.47425
4.2753955,29.938227
9.8987741,11.340366
4.1456839,11.69088
3.55308,29.917609
11.653696,16.165088
3.8938908,22.866091
3.252963,11.81459
5.5801414,100
18.431762,10.639338
7.7954118,67.010239
9.3010835,27.938235
15.590824,33.793881
6.4626888,99.071963
7.2053512,74.226704
4.4229106,40.268081
5.3080014,9.6290325
3.8608271,40.639214
12.187802,18.16508
2.1491429,38.53613
4.5246452,20.330019
21.394781,15.979522
5.2164403,100
0.20092578,25.257834
6.8136731,41.402097
5.297828,72.515371
4.0439493,30.927914
6.806043,11.381603
2.5484511,9.1960446
2.1872934,35.29903
4.3796734,69.814351
13.090696,56.185542
3.8379368,69.072086
4.041406,11.360984
4.2626787,45.835069
15.150822,18.598068
14.634519,42.515495
9.3417773,67.587556
6.7729793,100
4.1202503,11.031089
4.8603693,45.876306
5.6081184,79.896784
4.4229106,98.102894
8.46686,60.24738
4.2753955,28.41246
14.108042,26.247521
11.686759,23.917633
4.6670736,20.969192
5.5903149,64.948392
4.92141,20.45373
4.9010631,23.402172
8.8559947,100
9.3824711,28.226894
5.1426827,25.732059
7.9352968,58.432955
16.483544,48.082482
7.1315937,69.83497
3.5276464,34.701094
17.518694,16.68055
3.2707666,25.58773
21.092121,53.938128
4.3313495,28.701119
5.1248792,16.041377
10.153111,37.505206
3.9676484,16.123851
14.105499,72.556608
3.1181647,36.494901
3.2962002,21.13414
4.0566662,40.927872
11.953813,46.164964
3.2555064,23.278461
5.0409482,17.958895
12.363294,67.422609
5.7886973,28.659882
12.833817,44.59796
6.7475457,52.70102
13.220408,18.9692
0.84694033,14.948598
4.9443003,56.226778
5.681876,63.319533
7.6809604,100
2.9706496,13.402213
0.80878987,14.948598
3.55308,86.247273
5.4453431,46.185583
4.9951676,24.969175
3.8201333,24.63928
11.124676,34.020684
10.974617,55.958738
8.4312529,24.391858
9.3316038,20.247545
3.9625617,16.659931
13.937637,39.051592
7.1799176,74.680311
13.523068,24.020726
3.1385116,22.103208
3.7794394,34.536146
3.1435984,14.948598
5.2673076,73.525676
3.993082,36.866034
5.6945928,30.288741
5.5445343,44.288683
6.6814182,29.587713
2.7213999,46.948466
3.3979348,74.5566
6.7678926,30.391833
2.2813978,36.165006
12.175085,66.639107
7.2307849,52.041229
4.341523,28.268131
6.4016481,32.659865
3.6446411,51.340201
6.0760975,52.123703
2.8536548,35.443359
7.5181851,36.453664
8.1921766,72.12362
3.6522712,32.041311
12.406531,29.422765
8.2862811,17.010445
4.3110026,23.649593
5.2851111,34.927897
3.2580497,44.164973
5.8751717,39.113447
5.6920494,32.474299
0.31283382,31.958837
8.8051274,53.608233
15.916374,18.144461
4.2041813,26.969167
2.9579328,34.226869
7.2536752,25.031031
20.832697,4.1239005
14.092782,51.793807
34.488021,34.61862
4.7408312,67.278279
8.3752988,27.092878
1.144514,43.505181
2.5535378,73.773098
6.4728623,16.598076
14.601455,64.247364
6.6152907,65.546328
6.9561015,34.742331
5.1248792,95.896718
2.980823,8.5568719
4.09736,27.051641
7.2714787,30.082556
2.9350425,13.381594
15.010936,16.041377
2.9630195,31.608323
7.4647744,94.535899
4.9061499,31.567086
2.6679892,24.453714
7.0552927,28.556789
16.610713,26.680509
5.1757465,16.701168
7.4418841,10.824904
9.5452465,100
4.5755125,18.041369
21.631314,25.237216
23.340455,30.5774
4.0185157,26.000099
6.2490462,50.94845
11.816471,12.22696
6.0989877,36.866034
3.8379368,18.330028
2.6756193,12.701185
15.911287,100
13.039829,32.18564
3.8684572,74.680311
4.6569001,100
6.8111298,12.371289
6.8238466,24.556806
13.004222,27.092878
2.072842,15.546534
19.7009,61.072119
2.9019787,28.206275
7.0145989,33.979448
3.6166641,51.030924
0.92578463,48.453615
6.8798006,15.773337
20.626685,49.154643
1.5641691,49.072169
3.0088,32.123785
9.0518338,14.824887
6.55425,19.50528
9.1637418,38.742314
8.3778422,41.670137
7.818302,21.154758
3.4640623,61.670055
10.323516,57.711308
4.5526222,8.6805828
2.6832494,36.433046
4.8400224,48.24743
8.3193448,28.041328
9.6927616,26.309376
3.8786307,21.567128
2.1796633,26.556798
6.4016481,80.535957
6.4576021,42.288692
9.591027,46.639189
8.2532174,100
9.2832799,15.876429
2.2585076,10.969233
10.755888,53.072152
11.256931,31.195954
1.7650949,43.298997
6.2439595,13.917675
3.8277634,25.402163
4.2448751,8.6187273
5.5343609,40.618595
1.8490259,100
4.3771301,30.123793
6.3304339,26.969167
8.1438527,32.268114
2.8205911,29.505239
13.858792,17.855803
3.8938908,27.031023
5.4733201,21.649601
12.111501,45.257752
4.9188667,55.855646
9.4206216,17.525907
10.735541,52.041229
8.7898672,66.32983
6.2465029,14.845506
3.3546976,65.319524
5.3436085,15.237257
4.0083422,24.680517
2.701053,9.5877955
9.6520678,71.876198
4.0312325,16.350654
10.460858,31.773271
11.951269,34.866042
7.6936772,9.6908879
6.0226868,56.123686
8.0243146,42.742298
10.595656,31.9176
5.409736,21.237232
7.1570273,40.391792
2.6171219,25.010412
7.5741391,41.917559
5.4911237,22.123826
3.2656798,7.2991452
8.0039676,83.834912
2.7417468,64.391693
8.6983061,44.927856
6.9281245,37.608299
3.197009,59.216457
2.4975838,84.927691
25.71087,100
11.712193,72.700937
7.0654662,16.701168
4.5678824,70.267958
7.7496312,37.443351
3.8786307,43.711366
0.88254743,22.680525
14.336945,52.577309
6.5466199,23.793922
5.4962104,17.113538
5.7836106,52.96906
5.1350526,44.618579
5.6411822,18.412501
8.3676688,68.824665
5.325805,35.628925
2.3195483,49.567012
2.4111094,42.412402
6.7144819,41.793848
8.4236228,46.08249
9.2858233,50.701028
8.4897502,53.608233
2.2559642,28.866067
7.462231,11.525932
8.5914848,41.030965
3.6192075,14.907361
2.268681,19.732084
5.3410652,66.412303
17.099039,50.845357
2.6730759,31.031006
5.8599115,32.06193
2.9045221,28.165038
5.6742459,14.474373
8.0599217,26.061954
9.7894094,21.773312
7.2333282,59.608208
6.4397986,23.814541
10.65161,15.113546
8.2837377,79.381322
0.41711176,22.680525
4.0515794,48.78351
0.076300931,43.298997
10.768605,31.031006
9.8860573,19.092911
0.5137596,6.7012095
12.752429,29.051633
5.3436085,29.979464
5.9769063,20.927955
5.2927412,65.195814
10.125134,40.907254
9.6113739,16.927971
8.4083626,33.195946
7.9759906,30.824821
11.208607,47.44331
4.4915815,30.123793
11.615545,39.546435
2.8536548,16.41251
7.5130983,38.80417
4.753548,17.814566
1.940587,47.958771
9.646981,37.814483
4.5856859,64.247364
4.1329671,67.463846
3.4360853,24.061963
6.2693932,77.7937
8.6525256,27.154733
5.5343609,20.680533
6.7653492,46.721663
6.8314767,60.536039
6.6280075,17.958895
8.5100972,43.79384
6.9535582,10.866141
9.1128745,24.350621
5.4478865,18.02075
8.8839717,87.278197
4.3745867,48.865984
5.7301999,92.041064
1.772725,16.330036
0.91561117,41.09282
0.071214202,100
3.6878783,11.979538
6.1040745,30.762966
8.1133323,45.154659
3.1512284,13.670253
3.6726181,33.54646
12.752429,15.360968
4.6543568,35.257793
7.8539092,22.61867
8.9780762,100
5.7963274,36.000058
0.67907828,15.587771
0.26196653,53.608233
1.2538786,33.855737
2.8205911,23.319698
12.510809,63.340151
0.11953813,14.948598
6.1574851,68.432914
5.3512386,22.494959
10.842362,55.195855
3.0088,37.505206
2.0194313,24.824846
3.1817488,14.721795
5.9591027,71.484447
8.0802686,51.711333
3.2911135,44.59796
3.0952744,32.082548
8.1769164,43.649511
9.8987741,72.886504
5.053665,15.46406
4.3008291,100
1.4802381,47.113414
2.8358513,43.237141
1.2869424,16.00014
7.2256982,22.288774
3.3521542,12.639329
3.0774709,26.247521
3.0011699,30.412452
7.9251234,40.082515
7.406277,69.072086
6.9179511,33.711407
2.9782797,16.041377
1.8413958,29.381528
7.3884735,57.525742
4.7560914,22.000115
0.8062465,15.46406
2.9859098,15.917666
4.6670736,12.268197
9.29091,46.000016
6.5186429,14.020767
3.9294979,17.938277
2.8536548,32.886669
9.8097563,34.948516
14.130932,25.608348
19.006562,35.360885
6.9713617,32.144404
4.0286892,3.0929769
6.5008393,99.999794
2.7315733,61.051501
3.497126,49.030932
4.621293,42.783535
3.4920393,44.123736
4.7382878,8.5981089
1.472608,14.041385
5.0206013,23.051658
5.9006053,55.587606
11.071265,100
10.557505,55.917501
6.638181,77.546278
1.8770029,15.051691
4.153314,15.237257
4.0261458,74.226704
3.2631365,36.474283
5.2749377,43.876314
18.29442,22.948565
15.662038,39.175302
4.8858029,17.031064
3.3419808,63.917468
8.522814,61.979332
9.8453634,67.278279
4.6797904,48.618562
4.837479,75.340102
3.4818658,23.69083
22.925886,31.773271
7.8335622,54.659775
8.446513,32.391825
7.3554097,39.814475
1.0351493,25.525874
4.3389796,28.94854
7.3172593,34.659857
3.2326161,30.30936
2.5459077,41.917559
2.3907625,15.629008
24.937688,47.752587
2.3933059,20.824863
4.209268,28.350605
3.9473015,15.835192
4.0897299,50.53608
0.8494837,21.93826
4.8908897,23.649593
5.8370212,75.711234
1.940587,14.948598
2.7417468,62.041187
2.1084491,48.24743
7.3452363,48.865984
2.0168879,23.979489
3.2198993,21.40218
9.8199298,100
12.355664,28.226894
17.394069,88.30912
3.4945826,57.773164
5.6996795,63.958705
13.311969,25.525874
2.7646371,53.835036
5.3232616,67.979307
9.1764586,74.061756
0.56462689,30.927914
22.468081,61.443252
8.0039676,10.247587
23.653289,38.061905
5.0155145,25.257834
5.6055751,48.556707
0.95121827,15.629008
5.5521644,69.072086
4.5399054,16.742405
8.4821201,49.216498
6.778066,32.59801
1.3098326,18.824871
4.7662648,26.103191
77.315733,40.680451
4.9875375,50.226803
9.179002,44.536105
2.2483341,10.763048
2.6069485,40.474266
3.0749275,16.474365
5.1706597,73.07207
3.6420978,7.0104866
5.3690422,100
14.939722,27.092878
8.110789,100
5.577598,78.948334
8.222697,11.629024
5.9362124,23.835159
3.8710006,29.340291
9.1968055,60.742224
9.8886006,56.88657
1.3454397,30.412452
0.50612951,22.680525
4.0439493,19.670228
4.5729691,54.762867
3.9066077,65.690657
3.2097258,16.350654
12.055547,37.979431
7.1087034,100
4.9849942,100
9.3799278,14.268189
5.6895061,38.907262
8.906862,66.391685
13.304339,61.19583
3.8455669,45.381462
5.2647642,6.0826553
2.6374688,32.350588
6.0328603,38.206234
0.83676688,11.402221
8.4719467,100
5.2342439,21.484654
7.9759906,25.85577
6.5745969,75.690616
5.5470777,43.855695
1.6353833,19.670228
15.954525,33.732026
5.2088102,30.927914
3.3953914,40.969109
6.6814182,29.237199
4.2143547,100
10.806755,19.752702
25.677807,26.041336
4.3796734,79.381322
4.8323923,24.165055
3.6242942,28.762974
10.732998,100
0.78081286,20.103216
5.7734371,94.762702
6.4041915,100
4.613663,44.494868
4.6899639,64.288601
3.6064907,15.629008
3.4767791,56.185542
8.5914848,35.257793
4.7637215,23.484645
5.7530902,20.061979
7.7089374,75.422576
2.5077573,28.82483
6.6229208,36.866034
17.427133,42.84539
4.8552826,52.103084
1.5641691,34.639239
3.8404802,31.340283
4.9748207,27.60834
2.4390864,29.134107
2.9909965,100
5.9311257,44.103117
11.045831,22.433103
6.2515896,33.092853
7.6021161,34.412435
9.1128745,64.948392
2.6679892,19.897031
8.794954,30.123793
5.2240704,15.917666
1.0911033,12.845514
7.0044255,13.814582
6.6585279,41.154676
1.1216237,22.680525
4.9010631,39.34025
8.9373824,40.845399
4.041406,26.969167
15.738339,24.37124
7.3554097,73.60815
5.249504,8.2475949
2.8383946,68.288584
5.3919324,15.835192
8.9526426,46.639189
9.0543771,43.938169
3.2122692,29.113488
5.3741289,53.092771
6.9637316,80.309153
3.5785137,30.907295
3.5759703,33.938211
5.9692762,55.443277
9.1611984,26.556798
5.6615291,22.598051
13.156824,26.721745
6.0964444,57.505124
8.4592299,51.793807
5.9158655,100
9.3799278,42.824772
4.2296149,13.010462
19.123557,49.649486
15.28562,22.082589
5.7963274,53.608233
5.2876545,30.082556
3.5327331,25.257834
9.2273259,39.567053
5.4173661,15.319731
3.6675314,46.268057
5.926039,8.7218197
5.1401394,73.133925
6.4194517,29.649568
5.1604863,58.597903
7.4596877,100
22.930973,51.278345
3.0316903,58.536047
34.091256,35.649544
4.4585177,38.680459
6.28211,50.94845
0.13734168,100
2.100819,27.051641
4.2296149,38.3918
1.64047,30.412452
3.5403632,30.268123
5.4478865,21.340324
8.1718297,27.814524
6.6203774,51.546385
5.8853451,36.165006
0.8138766,8.123884
4.865456,43.463944
7.6250064,65.484472
7.8869729,28.165038
28.671346,31.525849
16.336029,45.896924
14.217407,24.783609
1.7752683,23.319698
7.9658172,90.803955
5.4758635,52.061847
3.7616359,16.41251
3.1283382,100
5.7963274,15.443441
6.8848873,78.453491
0.30520372,20.103216
1.8795463,100
6.1066178,36.866034
2.4314563,13.97953
5.2927412,69.876207
3.741289,60.061814
5.5648812,92.948277
7.8259321,18.061987
4.9722773,38.783551
4.9722773,46.433004
12.991505,69.463837
3.3775879,51.793807
3.6777049,19.299096
8.6677857,31.051625
9.1179612,56.185542
3.1054479,32.577391
6.6152907,27.938235
1.7015108,7.8970808
2.6145786,34.804186
3.4996694,17.587763
0.54173661,12.123868
1.5743425,19.464043
4.6772471,100
5.2927412,93.566831
4.4000203,46.22682
27.076657,54.268024
6.5033827,28.989777
6.3075436,21.732075
11.284908,50.103092
2.9096088,22.041352
15.779033,83.546253
2.1745765,20.103216
4.8578259,22.680525
3.4844092,38.577367
5.2927412,11.154799
10.382013,14.536229
18.469912,37.072218
14.20469,66.371067
5.9947098,82.412237
2.6578158,6.7424464
4.4458009,45.731976
19.853502,38.618604
12.523526,87.608092
4.3160893,27.278444
11.101785,36.51552
4.0032555,23.649593
9.0543771,100
8.6372654,61.690673
4.8222188,45.01033
2.2483341,14.24757
6.9739051,16.742405
2.8867186,16.00014
2.2661376,22.041352
5.353782,100
6.1473117,33.195946
2.6552724,21.010429
2.9935399,25.897007
10.547332,89.690558
5.1248792,52.061847
6.4652322,61.814384
5.8446513,29.567095
8.8280177,41.051583
3.1105346,33.299038
5.8471947,24.268147
3.0698408,24.598043
16.084236,69.752496
12.180172,54.020602
4.725571,9.608414
5.2317005,10.907378
3.9193245,25.525874
8.3803856,17.360959
12.790579,33.876355
11.816471,48.24743
3.1207081,59.917485
4.8705428,25.835151
1.7396612,14.082622
4.265222,95.773007
5.7912407,5.7939967
2.6730759,25.092886
2.9833664,5.6702859
3.7336589,36.37119
10.211608,9.6908879
3.1181647,20.268164
3.5479933,38.701078
7.0196856,18.680542
5.7276565,35.917584
6.0201434,29.587713
2.6781627,12.76304
20.242637,41.938178
6.9586449,40.866017
0.15514523,53.608233
3.0189735,20.103216
5.46569,15.525915
7.1214202,65.896842
5.9896231,69.628785
7.2841955,40.02066
18.693728,31.195954
44.094308,43.340234
7.050206,100
2.8434814,14.886743
2.4950404,26.824838
3.8430236,18.082606
7.838649,37.0516
32.656798,73.401965
7.1366804,86.96892
5.73783,30.886677
4.5170151,26.226902
5.1604863,31.938219
7.6021161,12.062012
4.4229106,45.319607
10.9619,28.494934
4.9061499,52.845349
8.0802686,42.824772
4.2041813,57.092754
3.0825576,68.61848
4.4356274,29.237199
0.50867287,10.989852
4.5602523,39.628909
10.10733,29.917609
3.6217509,30.247504
10.303169,21.051666
3.4767791,28.226894
11.429879,27.587721
11.572308,25.010412
9.151025,100
18.241009,57.360794
3.5556234,37.814483
3.1614019,19.175385
5.1986368,24.288766
10.781322,14.330044
8.9094054,100
3.2326161,14.371281
8.1743731,8.1857394
8.5965715,75.690616
3.6751615,51.670096
10.463401,27.87638
1.7498347,9.7939802
4.3720433,14.206333
9.1027011,78.886479
2.8104176,33.896974
5.1197925,46.536097
6.2185259,54.515445
3.7260288,15.608389
4.3491531,30.30936
1.6506435,100
6.1091612,22.536196
6.9026909,43.567037
6.1066178,27.19597
27.776082,54.907196
5.4606033,31.525849
12.169998,17.21663
8.0115977,93.793634
9.9903352,52.371124
4.341523,66.020552
5.7225698,26.000099
4.4458009,17.649618
4.3211761,32.309351
4.1634875,33.154709
1.396307,7.2166713
3.0113434,10.082639
3.9473015,8.0620286
4.8807162,35.814491
1.0758431,5.6702859
3.7463757,36.412427
4.4585177,31.257809
4.5475355,19.154766
5.4148227,81.257603
20.52495,42.329929
2.0168879,32.989761
3.0800142,100
6.9561015,73.360728
3.5886871,14.948598
6.366041,55.979357
14.258101,38.185616
2.3551554,46.948466
2.8155043,41.402097
3.0164301,22.824854
3.3826746,9.9795465
6.9815352,14.474373
41.065161,17.072301
6.5618801,53.896891
4.9951676,43.051575
5.8344778,78.86586
24.164505,41.958796
4.669617,5.4641012
3.9396714,31.567086
2.7824406,11.979538
4.5780559,20.680533
3.9676484,63.773139
0.14751513,10.824904
3.2326161,53.608233
11.139936,82.350382
1.5997762,30.412452
5.1197925,25.608348
1.1063635,19.072292
7.9302101,100
5.4402564,42.288692
3.0062567,36.866034
0.61803754,7.4847114
3.9244112,28.742356
7.2791088,16.165088
2.5382776,20.103216
5.2774811,43.298997
18.988758,46.247438
1.9939977,42.04127
3.6929651,11.360984
1.9990844,30.84544
3.5072995,21.319706
7.2791088,20.288782
10.702477,51.030924
9.0925276,65.422617
8.5711379,8.7836751
9.4435119,59.855629
6.5618801,32.824813
4.893433,11.649643
30.189735,53.876273
5.6335521,19.876413
3.1537718,47.175269
2.0448649,20.391875
3.7362022,23.051658
3.4818658,47.072177
5.3512386,16.556839
7.7216542,35.56707
4.8145887,25.257834
7.8971463,8.9898598
3.497126,35.56707
8.6805026,14.309426
1.7930719,30.886677
8.6601557,100
6.6814182,19.402188
11.368839,33.175327
6.2185259,24.330003
1.1928379,39.855712
6.3406074,37.732009
2.4111094,27.134115
2.4085661,81.711209
2.0906455,41.23715
10.292996,11.484695
13.121217,49.19588
9.5605066,43.381471
6.1066178,49.154643
4.7382878,49.567012
6.5186429,13.567161
2.0957322,19.051674
4.8349357,37.443351
6.8976042,29.381528
3.2911135,100
3.657358,9.9795465
3.8353935,16.330036
5.0027977,9.7527433
6.6534412,69.072086
14.459026,47.092795
35.688489,98.185368
4.6797904,28.886685
3.9473015,53.113389
4.1609441,19.752702
6.9026909,100
7.9124065,100
5.8421079,13.381594
3.9498449,31.876363
4.7001373,22.762999
15.428048,23.897015
4.1126202,43.134049
8.1057022,35.670162
12.360751,62.061806
6.3711277,46.659808
4.9188667,14.062004
4.7077674,11.752735
1.0351493,65.979316
4.7510046,24.969175
2.240704,33.67017
4.9773641,82.412237
10.501551,39.154684
15.608627,100
3.1614019,65.876223
17.416959,16.14447
3.4030215,78.102977
4.0083422,10.680575
5.4046493,30.84544
7.9709039,32.226877
7.1850043,100
4.3440663,17.75271
8.0497482,14.598084
6.5974872,14.536229
11.162826,18.618686
4.6314665,39.628909
9.7436289,42.206218
5.8166743,43.567037
3.5708836,8.6187273
4.2499618,5.3403903
4.8807162,36.886652
3.385218,44.866001
12.426878,100
5.3105448,12.206341
3.1792055,27.092878
5.9285823,39.299013
7.3070858,52.43298
2.8256778,100
2.296658,19.216622
3.3801312,100
3.2326161,52.43298
6.5466199,49.360827
2.1872934,13.567161
14.370009,57.793782
3.2605931,37.278403
2.9350425,26.556798
10.93901,19.773321
0.65618801,12.701185
2.8892619,27.979472
8.3600387,43.505181
3.1334249,84.2679
6.9001475,26.969167
27.119894,29.793898
17.063432,39.979423
5.6030317,39.917567
4.0820998,10.247587
4.7332011,37.278403
7.3401495,10.659956
2.7392034,18.845489
3.4589755,33.567078
7.5207284,71.463829
3.3012869,56.061831
45.10911,2.7424629
7.3019991,35.608307
2.45689,46.247438
3.8913475,54.391734
3.4742357,19.464043
2.4518032,100
1.7930719,14.103241
22.488428,52.123703
1.3759601,10.391916
4.3389796,91.216325
5.7734371,27.958854
0.72485884,30.412452
3.6929651,41.876322
5.1706597,19.443425
5.8726283,32.247496
11.600285,22.000115
3.1868355,43.690748
5.9489292,18.350646
6.00997,44.164973
1.1775777,29.546476
8.9806196,28.226894
2.9350425,16.474365
5.0155145,40.206226
5.4606033,10.47439
4.7459179,50.618554
5.2723943,100
9.7614324,66.164882
3.9498449,10.824904
5.8192177,49.422683
5.5343609,47.484546
5.3664988,58.453573
0.6994252,32.989761
8.2659342,34.680476
3.336894,26.721745
16.570019,28.268131
3.7362022,78.371017
6.8009563,69.15456
16.931177,21.092903
10.898316,100
5.9234956,67.154568
25.342083,32.226877
3.4030215,8.6805828
7.1519406,60.680368
5.9107788,20.18569
5.3461519,48.639181
0.2212727,11.855827
7.1010733,42.701061
3.9956254,22.680525
4.5348187,51.896899
9.8936874,78.556583
10.832189,42.474258
3.1919223,26.65989
5.7505468,25.608348
14.682842,75.216391
10.287909,22.680525
13.551045,16.371273
5.6030317,40.494885
19.019279,66.680344
8.8941452,36.433046
10.816929,34.061921
7.9098632,69.793733
2.2839412,58.020585
2.4696068,16.474365
5.0587517,31.257809
5.0282313,41.793848
21.842413,94.370951
4.593316,16.783642
0.025433644,10.824904
15.608627,76.783395
9.0874409,55.360803
1.8413958,89.690558
4.5984028,21.40218
2.7875273,27.010404
6.7933262,16.989827
6.7043085,46.391767
7.1392238,12.165104
4.6772471,80.35039
3.609034,34.020684
3.8328501,61.525726
4.2677654,100
1.3200061,29.670187
2.1211659,36.618612
5.0129712,10.701193
6.8162165,16.371273
7.0959866,32.206259
18.813266,32.762958
3.6319243,100
3.2173559,39.546435
2.7442901,24.474332
2.7239432,24.330003
4.5119284,18.000132
4.3644132,28.020709
6.9459281,34.721712
5.8166743,25.628966
5.8141309,31.9176
2.1415128,12.371289
8.9399257,48.226811
8.7974973,11.01047
4.0541228,35.670162
3.0240602,16.845498
9.8987741,25.195979
4.92141,54.309261
10.618546,11.95892
5.2901979,35.113463
3.9193245,21.195995
4.5907727,23.505264
5.241874,24.309384
5.5852281,29.175344
4.9163233,26.721745
7.3045424,18.474357
3.6599013,33.237183
2.868915,31.463994
7.0807264,12.536237
1.8083321,21.876405
4.9570171,41.896941
4.0337759,65.443235
4.0566662,100
4.7306577,42.824772
4.1889211,32.103167
1.6048629,21.93826
3.113078,100
15.870594,54.969052
2.7595503,32.989761
9.9623582,57.133991
5.0765553,37.237166
2.3882191,11.319747
6.83402,58.969035
3.7158553,17.711473
36.654967,23.628975
4.7052241,8.1032656
5.5572511,10.907378
4.7891551,8.9692414
8.7211964,36.165006
6.5033827,31.402139
3.6751615,100
10.862709,34.824805
7.3172593,18.639305
2.72903,44.515487
3.9244112,100
2.8587415,22.288774
3.5301897,65.855605
6.1702019,44.288683
3.0393204,35.896965
5.2469607,64.474167
5.8751717,100
1.2538786,8.3919242
3.6446411,11.855827
3.4488021,32.123785
5.6488122,30.061938
2.4212829,16.041377
7.4266239,46.123727
1.0911033,43.298997
5.1884633,15.010454
4.5907727,22.88671
6.4423419,77.092672
0.85202706,43.298997
5.3410652,16.598076
6.3584109,53.608233
7.3910168,100
4.7128542,10.288824
8.2252403,98.556501
9.9674449,22.412485
12.302253,29.051633
5.6717025,63.793758
14.031741,77.979266
4.3262628,17.525907
2.3195483,83.257595
4.7052241,8.6599643
5.6742459,37.092837
11.508724,27.051641
3.7387456,30.082556
6.093901,35.422741
4.6543568,33.010379
3.3165471,44.47425
0.38659138,53.608233
3.3546976,51.154634
10.544789,91.175088
4.3211761,23.443408
8.6601557,69.298889
33.03576,38.000049
6.5567933,49.73196
4.4966682,53.216482
17.574648,31.608323
10.768605,19.855794
4.1889211,22.433103
16.590366,86.82459
2.5789715,28.103183
3.4894959,23.793922
13.200061,28.226894
9.4129915,63.670047
6.9204944,10.515627
5.7607203,48.453615
1.8134188,30.412452
7.7241976,71.3195
3.6446411,40.742306
6.861997,78.721531
6.7856961,57.752545
2.6934229,30.288741
0.98682537,69.072086
14.606542,89.979217
0.36624447,14.309426
10.763518,84.53594
4.1278804,27.257826
4.425454,41.896941
8.0141411,23.917633
6.2159825,26.92793
10.445597,48.453615
5.898062,14.721795
11.872425,26.247521
3.0672974,10.103257
7.7725215,83.05141
4.8323923,32.989761
6.2566763,30.412452
2.4594333,8.7836751
0.99445547,33.628933
5.9438425,82.474093
16.788748,30.701111
2.6145786,12.123868
8.4210794,18.70116
2.1440562,1.5465916
8.0853553,20.103216
12.075894,29.587713
3.7946996,11.464076
3.6522712,8.3300687
2.8536548,16.247562
7.4444275,32.701102
6.9052342,100
0.40439493,35.56707
5.2469607,18.536212
6.3406074,36.536138
12.818556,69.319508
3.3546976,44.268065
5.2088102,31.732034
7.8055852,20.082598
9.1942622,63.711284
2.4111094,34.453672
5.297828,16.00014
6.0913576,29.340291
3.6497279,47.56702
5.1477695,11.979538
7.3019991,51.628859
16.379266,22.350629
4.2448751,30.680492
7.078183,72.309186
6.2185259,28.000091
18.253726,39.484579
3.0316903,17.917658
1.5107584,41.09282
4.3516964,36.453664
1.3276362,8.2475949
6.1854621,20.474349
5.2164403,83.072029
19.690727,19.876413
10.183631,20.165071
2.3627855,34.536146
16.150364,36.866034
5.2367872,100
5.6869627,16.866116
8.7873239,68.391677
4.8730861,79.855547
3.6217509,28.14442
5.1172491,8.0620286
5.5648812,18.309409
11.404446,100
1.6633603,17.89704
2.7112264,100
13.019482,42.927864
3.1893789,45.27837
7.4647744,37.31964
8.6830459,46.701045
4.7153975,9.2785184
10.234498,36.453664
1.9075233,8.474398
3.0316903,35.216556
5.4046493,41.670137
4.09736,53.958747
4.5348187,38.144379
1.9711074,5.1548241
1.4929549,38.144379
3.9778219,34.103158
12.498092,28.309368
4.7993286,28.659882
25.474337,100
5.2062668,46.556715
8.9144921,26.185665
4.8832596,21.216614
3.0927311,32.762958
10.064093,55.051526
4.2601353,60.948408
6.0252302,63.422625
6.9866219,31.154717
4.4661478,40.164989
16.93372,26.515561
2.8027875,43.298997
9.1662852,8.7424382
15.438222,21.93826
16.150364,34.371198
0.87491734,10.06202
6.3991047,32.989761
3.8430236,34.969134
8.4007325,48.371141
21.656748,23.628975
7.3554097,43.278378
2.0601251,100
4.3720433,100
3.3801312,15.587771
5.8522814,38.886644
5.1223358,40.144371
8.1031589,29.402147
6.1676586,69.628785
3.9625617,37.958813
4.7764383,43.690748
7.6631568,33.257801
0.076300931,20.103216
7.3884735,25.97948
3.497126,26.103191
2.72903,16.701168
5.2851111,17.175393
1.2055547,61.896858
8.7059362,58.020585
5.9133221,51.030924
4.9341269,10.701193
8.2913678,49.525775
5.2113536,74.226704
16.292792,19.732084
0.99699883,8.2475949
4.1762043,50.041237
4.6085762,52.247413
8.7389999,21.752694
13.985961,30.329978
2.3933059,12.701185
8.6779592,77.505041
20.952236,56.969043
8.0650084,34.474291
28.363599,100
7.1010733,40.907254
2.0067145,33.628933
3.28094,14.494992
4.8247622,14.309426
3.3801312,32.474299
3.2173559,31.11348
6.1727453,17.031064
6.4143649,16.247562
2.5815148,17.340341
7.2892823,95.278164
6.966275,42.020651
5.7454601,27.525866
3.5937738,47.381454
15.590824,35.628925
3.7946996,34.288725
5.3690422,45.27837
3.4615189,36.309335
7.154484,75.505049
12.289537,30.989769
4.6009461,26.041336
5.3385218,29.835135
4.1838344,100
2.9375858,13.484687
32.328704,45.298988
2.1542296,48.453615
30.840836,51.443293
9.1637418,30.041319
7.4876647,49.670104
4.0210591,57.484505
11.877512,20.763007
14.110585,88.886438
23.259067,77.298856
5.0663818,45.484555
5.0765553,18.02075
2.7341167,28.639263
6.093901,11.299129
1.8490259,23.979489
4.1456839,8.123884
10.758431,55.649461
9.9877919,62.515412
12.009767,50.80412
1.0453228,36.041295
9.0213134,50.742265
3.6497279,29.649568
8.7517168,39.690764
6.9815352,65.628802
3.036777,30.412452
6.7958696,98.391553
8.2328704,66.391685
7.7750649,50.350514
1.36833,100
9.8046696,78.639057
3.5937738,61.979332
8.19472,43.690748
4.3491531,34.824805
4.1838344,26.762982
0.17040541,20.103216
2.9706496,13.773345
2.3271784,27.835143
3.8201333,16.41251
2.7239432,36.536138
14.029198,100
4.8196755,100
2.100819,12.062012
7.8004985,100
0.33318073,10.824904
11.025485,47.876297
9.2832799,85.257587
4.0948166,26.165047
4.9112366,26.329995
2.7875273,29.134107
5.3639554,27.46401
5.5623379,63.154585
16.458111,52.804112
5.8014141,12.22696
4.8959764,62.989637
1.668447,38.144379
3.9498449,50.53608
6.7399156,8.6187273
6.3533242,8.2682133
3.6192075,35.752636
8.062465,47.051559
1.0427794,51.896899
5.493667,13.773345
4.5602523,14.701176
41.296607,20.886718
4.4610611,73.484439
3.2580497,17.917658
7.866626,7.5671853
4.1584007,63.525717
4.4178239,37.814483
1.9990844,9.6702694
3.329264,21.628983
9.4842057,41.896941
3.6166641,57.773164
4.0846432,21.855786
2.8561982,26.12381
5.6488122,34.556765
5.6717025,100
13.156824,50.061855
7.7750649,20.804244
6.1117046,88.474068
4.3923903,11.092944
7.5283585,29.031014
4.949387,46.886611
8.0370314,13.464068
9.0569205,87.298815
4.3771301,100
4.5246452,57.484505
4.4915815,57.917493
7.3096292,33.40213
5.0511216,30.350596
1.4548044,24.391858
5.4071926,56.701003
4.153314,29.299054
6.1066178,13.402213
3.8557404,11.299129
4.4636045,34.020684
15.545043,52.391743
3.853197,17.031064
5.2469607,19.897031
8.7262831,10.824904
6.2414161,37.835102
6.694135,28.288749
7.790325,53.793799
7.4749479,80.721523
4.893433,31.154717
6.2490462,73.07207
4.7637215,43.5258
9.3773844,46.268057
6.7271987,9.8764541
10.323516,50.185566
6.7195686,27.319681
7.4291673,14.598084
4.1863777,10.247587
5.0943588,55.092763
13.533242,93.401883
3.9549316,42.185599
6.0354036,100
6.1167913,25.71144
6.5796836,74.5566
14.588738,100
6.1651152,29.546476
5.9489292,31.11348
2.6069485,14.701176
17.411872,47.072177
4.1914645,63.072111
9.5477898,24.309384
12.241213,13.360976
9.3239738,39.154684
5.5674246,43.814458
5.1299659,33.54646
14.125846,36.165006
10.743171,63.917468
0.81896332,25.257834
0.61295081,32.989761
8.19472,27.587721
1.5463655,5.938326
2.4518032,19.23724
5.7047663,17.835184
1.3250928,66.494777
5.0511216,38.453656
3.5607101,52.371124
11.704563,51.154634
5.7505468,32.536154
10.890686,33.855737
5.8802584,28.371223
10.244672,26.041336
2.372959,16.371273
2.484867,11.81459
5.4580599,63.711284
7.9963376,45.319607
7.3147159,55.154618
2.7595503,28.989777
5.2647642,64.391693
3.141055,35.56707
3.7260288,55.979357
17.526324,41.938178
11.689303,23.15475
3.8735439,26.041336
16.137647,42.57735
5.4402564,100
4.2626787,30.5774
3.3419808,100
8.7084796,47.71135
13.482374,57.546361
7.0120555,31.072243
5.8828018,27.402155
6.6152907,41.113439
19.014192,100
4.4864947,17.257867
3.7540058,31.9176
7.4317107,65.216432
8.4058192,21.010429
12.505723,69.649404
4.7204843,15.010454
3.5352765,68.432914
5.2189837,27.835143
10.031029,100
5.9794496,55.319566
2.8943486,24.268147
4.6721603,35.03099
1.4217407,38.721696
8.494837,41.793848
2.1796633,18.577449
4.6187497,46.391767
3.5836004,12.536237
10.883056,44.701053
0.98428201,19.422807
6.1905489,13.690871
3.0062567,31.051625
4.4178239,14.742413
3.385218,18.763015
8.1209624,74.886495
12.134391,35.010371
19.672923,56.618529
3.7311155,6.8043018
4.4407142,31.752653
6.7017651,11.216655
6.4397986,29.134107
3.5276464,7.0517235
6.0862709,24.948557
6.6407244,14.020767
7.5258151,24.000107
6.8136731,20.845481
6.4143649,12.639329
3.4030215,32.371207
6.2643064,34.804186
7.9022331,88.803964
5.6233786,7.6496592
11.20352,31.711416
4.5068417,48.288667
6.8492802,24.206292
6.7984129,25.752677
14.654865,32.618628
2.2000102,30.536163
27.519202,15.092927
6.3965614,35.958821
4.5780559,32.680484
5.6895061,57.814401
4.3923903,31.340283
5.1223358,36.556756
0.47560914,9.2785184
3.1283382,30.412452
2.3068315,12.866133
1.1826644,35.56707
6.28211,44.226828
13.596826,99.051344
6.910321,13.752727
8.0421181,51.75257
12.973702,29.835135
3.4309985,31.505231
8.4617732,37.793865
11.409533,22.556814
1.9176967,29.072251
4.6263798,14.453755
3.4106516,36.061913
3.5022127,16.474365
8.606745,56.721622
5.0969022,100
2.5153874,26.65989
6.854367,72.6597
4.5856859,13.17541
9.507096,41.36086
3.965105,40.02066
4.0185157,27.752669
8.8356478,37.154692
10.613459,46.453623
3.9167811,8.4331611
41.149092,26.144428
3.6115774,29.299054
6.8721705,13.876438
19.777201,53.072152
6.3304339,60.164907
10.65924,69.505074
6.5084694,36.659849
8.5838547,32.206259
5.7149397,30.762966
4.4458009,18.763015
6.5974872,9.3609923
3.2682232,10.412534
3.3419808,42.268073
3.2936568,6.7012095
6.9789918,31.278428
4.4559744,52.742257
2.7824406,19.958887
10.336233,100
4.92141,14.948598
11.610458,56.494819
1.7065975,10.515627
7.2180681,67.298898
5.3283483,21.979497
6.7297421,28.185657
5.6157485,23.938252
12.175085,8.9486229
2.2915713,40.02066
4.997711,18.927963
3.5454499,15.979522
8.1870899,17.010445
3.4335419,37.505206
4.5984028,19.938268
6.8263899,100
4.3567832,12.22696
6.121878,16.330036
3.7590925,39.319632
8.0141411,100
11.635892,25.814533
13.07798,56.268015
7.6478966,11.835209
4.3771301,31.79389
3.5657968,8.5362535
4.8044153,13.814582
10.6745,74.371034
8.4210794,36.061913
10.432881,76.927724
5.5725113,44.350539
2.3627855,28.866067
0.35098428,20.103216
4.4941248,63.855613
5.1503128,65.133958
7.9632738,81.958631
2.980823,29.505239
3.3597843,33.608315
0.99699883,28.701119
5.2851111,51.443293
30.454245,36.989744
3.0062567,63.36077
28.869729,100
4.013429,30.391833
4.8883463,56.041212
25.12844,31.463994
4.4025637,24.061963
3.9727351,36.165006
2.8816318,30.247504
4.041406,16.41251
5.9514726,37.113455
9.591027,37.732009
4.1431405,50.886594
4.4458009,17.381578
13.708734,57.01028
4.1151635,31.278428
7.1214202,25.010412
5.5623379,59.298931
6.8696271,67.092713
5.2037235,16.041377
1.8057887,21.525891
10.341319,54.907196
4.5907727,29.09287
4.2957424,10.639338
13.713821,59.17522
3.4894959,43.25776
8.2379572,38.061905
20.212117,21.67022
1.500585,21.814549
2.5001272,24.63928
6.2490462,30.618637
9.975075,76.804013
5.709853,32.577391
4.837479,29.010396
2.6501857,37.175311
3.169032,23.546501
6.6636146,46.927848
9.1891754,61.690673
9.1332214,31.092861
8.4694033,44.577342
3.3648711,21.237232
51.762552,46.164964
4.0566662,30.474307
4.9188667,31.958837
5.3308917,67.608175
3.2834834,93.319409
3.2936568,16.206325
4.4279974,55.876264
6.7628058,50
1.9456737,35.092845
0.010173457,8.2475949
3.3241772,15.19602
6.9688184,22.041352
5.9489292,29.299054
3.6878783,31.051625
4.8018719,34.88666
6.4143649,50.041237
3.1741187,32.989761
3.0037133,95.587441
10.661783,45.443318
5.8700849,16.969208
5.1426827,99.814228
4.5984028,40.927872
6.1956356,23.546501
9.8173864,35.711399
21.237092,25.835151
8.5457043,59.566971
2.5738847,20.165071
10.39473,39.278395
5.4834936,19.897031
8.8000407,54.618538
4.6187497,29.381528
0.96393509,12.598092
1.5768859,65.979316
6.7068518,63.340151
4.3262628,71.649395
3.8557404,37.505206
7.9429269,63.917468
6.2414161,9.4022293
8.1362226,30.247504
3.085101,16.68055
3.6726181,100
31.016328,23.567119
0.64092782,69.072086
3.5301897,35.876347
3.8786307,16.206325
4.9799074,10.103257
1.2462485,58.76285
2.8841752,27.072259
4.0185157,19.23724
8.9475558,51.402056
14.392899,18.866108
16.10204,30.082556
9.5986571,28.927922
5.3461519,20.886718
10.000509,46.948466
5.9362124,23.257842
8.6932194,25.835151
14.387812,46.123727
3.8837174,33.030998
2.8078743,47.381454
2.8561982,18.824871
3.8888041,23.175368
9.5783102,35.29903
11.208607,28.804211
4.865456,21.216614
3.329264,10.082639
2.9197823,42.391784
2.3322651,21.93826
7.2791088,56.226778
15.514523,14.330044
7.2155247,54.72163
8.7033928,34.453672
1.8235922,24.391858
10.125134,53.608233
1.9176967,64.783444
5.765807,72.061765
12.599827,25.567111
11.236584,70.948367
0.8494837,51.030924
4.9773641,66.680344
4.6721603,17.525907
6.5466199,72.39166
3.2402462,26.515561
11.821558,44.866001
10.015769,100
5.0892721,78.762768
6.882344,13.03108
4.425454,20.350638
3.1715754,20.577441
5.569968,30.701111
3.7183987,37.0516
0.87491734,25.257834
6.149855,30.948532
12.673585,10.309442
5.3512386,27.690814
6.121878,14.989835
4.9341269,7.7321331
0.99954219,40.721688
4.8858029,8.2682133
2.9960832,57.15461
3.0647541,69.773114
0.44763213,8.7630566
4.7433745,35.257793
3.9193245,53.113389
5.6310087,17.010445
3.4182817,71.257644
11.24167,63.030874
11.686759,14.123859
9.01877,56.762859
5.954016,59.319549
18.04517,58.76285
1.2894857,28.41246
18.291876,35.938202
7.0044255,34.35058
4.6823338,21.649601
6.9561015,100
4.6823338,19.793939
4.669617,44.164973
10.697391,50.618554
1.5031283,65.525709
16.330943,66.391685
22.371433,100
5.0638384,39.546435
11.340862,41.793848
5.8802584,12.123868
4.4330841,26.556798
5.7607203,16.53622
27.605677,25.195979
1.9075233,83.133884
1.4904115,35.29903
2.9223257,35.463977
3.637011,8.7836751
3.1893789,22.020734
3.3012869,19.072292
6.8416501,36.309335
14.349662,61.237067
4.3466097,27.835143
5.9997965,16.165088
5.6767893,100
2.2050969,49.237117
4.3084592,19.031056
4.949387,47.134032
6.2617631,69.072086
6.6432677,52.948441
9.2883667,53.566996
6.4092782,13.154791
3.3826746,65.793749
5.6742459,31.773271
2.6120352,42.247455
6.6432677,24.618661
11.119589,92.49467
6.4118216,45.27837
15.211862,19.897031
5.9591027,25.71144
3.5886871,58.76285
4.1711176,43.505181
5.4122794,36.536138
3.9396714,20.701152
3.4640623,57.484505
6.6025739,19.525899
4.7967852,25.938244
5.6360954,46.783518
3.9803652,38.061905
4.7204843,61.340159
11.696933,90.824574
3.3165471,12.433145
5.6233786,31.979456
5.7454601,68.412295
10.684674,9.4434662
10.877969,12.556855
4.0820998,17.525907
2.0982756,33.13409
1.9939977,28.268131
1.6913373,47.360836
4.2168981,34.845423
6.9739051,30.30936
13.487461,55.319566
12.121675,65.175195
4.809502,8.0620286
5.1121624,32.989761
6.5110128,33.793881
2.9884531,12.062012
3.7743527,27.917617
5.7301999,82.535948
21.806806,35.896965
7.8539092,73.958664
4.3745867,10.536245
6.00997,43.484563
4.5907727,30.824821
4.6569001,76.123604
5.4122794,100
4.1863777,30.412452
4.2397884,13.484687
3.2911135,8.123884
2.3373518,11.855827
18.650491,100
4.3491531,9.3609923
3.0800142,49.608249
7.7216542,26.783601
3.8074165,40.948491
10.254845,88.144173
8.6754158,35.484596
1.8591993,45.072185
5.3486953,14.948598
5.8370212,100
12.643064,100
4.1380538,33.67017
23.828781,36.020676
9.3112569,100
8.0878987,42.433021
14.451396,35.216556
4.593316,29.257817
5.221527,25.752677
2.7442901,20.433112
3.7718093,25.97948
4.6060329,45.979398
5.1325093,26.866075
2.0448649,55.587606
2.2000102,45.27837
6.2973702,11.422839
6.4601455,42.969101
9.2400427,45.855687
14.214863,83.05141
0.35607101,43.298997
7.8081286,20.742389
6.1269647,50.721647
11.256931,56.041212
7.622463,30.886677
6.0608373,42.412402
2.8231344,7.381619
4.5602523,28.41246
2.7519202,21.567128
18.274073,66.474159
5.6030317,20.103216
4.8247622,10.907378
2.4136528,5.4434827
3.5276464,55.319566
9.891144,46.680426
9.8707971,30.103175
2.3424386,14.330044
24.736762,100
3.8303067,72.288568
4.181291,32.371207
4.3059159,25.58773
1.996541,41.587664
4.0846432,36.123769
6.5924004,14.041385
1.9914543,8.9073859
4.4076504,53.77318
3.9167811,30.762966
2.4746935,12.948606
3.2631365,29.299054
3.2580497,26.020717
4.8781728,26.762982
2.5001272,9.4640847
5.381759,30.84544
7.7420011,34.783568
10.203978,78.74215
4.5882293,27.237207
8.0777252,45.793832
5.9565593,32.886669
3.2580497,53.608233
11.005138,29.938227
3.4284552,32.18564
6.8034997,100
5.5063838,12.309434
4.92141,73.07207
14.761687,30.536163
5.577598,10.618719
9.779236,59.835011
5.0307747,14.721795
10.043746,19.897031
1.6760771,20.103216
2.6756193,46.391767
5.6615291,69.072086
22.206114,31.628942
10.585482,16.53622
7.0527494,44.618579
6.2083524,61.793766
14.428506,44.927856
9.8021263,30.886677
23.841498,61.896858
4.0337759,34.969134
4.4203673,7.4847114
0.34335419,25.257834
3.5683402,35.56707
1.1038201,14.51561
5.4962104,58.247389
7.2256982,11.154799
12.589654,14.577466
4.5144717,100
3.7107686,30.123793
4.8425657,34.701094
6.8594537,14.330044
9.6088306,19.876413
3.3318073,15.773337
9.1459382,100
5.4427997,19.91765
9.5376164,100
1.2996592,17.525907
6.9154077,12.000157
9.3672109,25.732059
4.0617529,16.845498
4.4356274,34.701094
4.7993286,97.62867
7.0934432,18.144461
15.476372,38.020668
2.7519202,21.422798
10.214151,22.680525
6.065924,36.597993
3.4030215,33.917592
12.676128,32.618628
15.038913,60.824698
13.189888,49.608249
2.1160791,42.020651
13.187344,48.948458
2.5306475,79.381322
11.338318,16.309417
10.295539,56.247397
4.4279974,32.59801
1.3301796,22.680525
1.7269444,25.897007
8.6881327,32.247496
15.463655,47.814442
7.4393408,18.123843
5.2774811,14.391899
8.3880157,40.948491
6.4423419,62.762834
17.391526,37.793865
6.8263899,51.319582
1.7345745,23.979489
12.793123,16.453747
7.5309019,34.948516
5.7276565,44.969093
20.265527,100
4.3847602,5.9589445
6.3329773,100
4.7738949,100
11.381556,43.690748
5.0892721,63.21644
5.0663818,31.175335
4.5424488,25.031031
4.3033725,49.958763
10.730454,23.42279
2.6222087,43.690748
3.9752785,28.989777
3.8913475,23.897015
0.31537718,43.298997
0.53664988,35.56707
5.3766723,34.185632
4.3008291,29.835135
10.056463,36.37119
4.837479,44.824764
16.346203,51.587622
3.2198993,10.350679
5.7556336,35.319648
3.2046391,11.876446
4.7789816,100
3.2758533,8.165121
9.0721807,30.000082
9.6495244,43.958788
4.8603693,19.732084
8.3218882,47.896916
5.6564423,55.484513
4.4051071,28.721737
0.33826746,12.371289
5.926039,87.113249
3.2504197,44.144354
6.8263899,20.144453
5.9870797,90.803955
6.1930922,32.309351
5.3029147,42.804153
5.9896231,21.40218
7.7699781,26.000099
2.6222087,40.927872
3.6064907,13.525924
5.9133221,52.989678
11.98179,56.268015
12.490462,9.5053216
2.3882191,64.082416
7.5588789,80.680286
9.8097563,43.79384
3.9142378,24.969175
4.9086932,25.732059
4.0541228,17.711473
6.6178341,56.185542
4.1990946,30.536163
5.5801414,37.505206
16.244468,39.546435
6.3355206,18.391883
6.2744799,12.804277
5.1248792,18.9692
22.061142,50.927831
2.8333079,16.94859
3.82522,100
0.22635943,100
4.6950506,36.144387
8.4566865,35.134082
5.8649982,44.32992
7.810672,26.742364
6.3050003,27.257826
8.1921766,70.886512
7.3172593,72.103002
10.422707,24.577424
5.4453431,52.515454
7.4011903,48.989695
4.4737779,7.8764624
5.6132051,13.154791
2.4314563,71.649395
7.9047764,72.597845
7.6046594,34.701094
1.4420876,35.56707
5.1070756,10.495008
4.4101938,39.278395
0.46543568,48.453615
14.863421,100
10.585482,42.020651
7.5868559,10.350679
3.0088,8.474398
6.0074266,42.494876
11.867338,69.876207
1.4522611,100
2.3271784,84.53594
5.3639554,19.876413
1.116537,30.412452
6.1422249,14.556847
4.1304237,20.041361
5.6411822,42.164981
5.7022229,33.938211
8.8203876,54.618538
5.4478865,29.649568
4.8959764,28.247512
3.1868355,30.412452
2.1923801,28.14442
6.9332113,20.618678
5.9667328,10.515627
9.046747,30.701111
8.6398087,31.257809
6.1295081,9.8558356
10.046289,64.70097
8.5329874,41.567045
7.4546009,100
1.1775777,35.773255
5.025688,40.659832
5.5191007,34.206251
2.924869,12.082631
6.6178341,34.969134
3.5683402,16.330036
5.3359784,15.649626
1.8668294,13.381594
6.1269647,32.474299
2.4111094,22.680525
8.7618902,29.299054
9.5248995,26.866075
3.9345847,28.94854
5.4402564,33.54646
4.3059159,79.236993
5.5954016,43.134049
4.1711176,30.701111
9.4460552,42.453639
7.9709039,22.453722
7.6351798,15.46406
8.090442,61.835003
26.323821,20.226927
5.4453431,100
2.9782797,19.876413
3.8862607,77.484423
8.0828119,54.082457
4.013429,17.443433
7.7394578,53.195863
3.0647541,39.649527
2.8638283,28.783593
9.1179612,48.453615
3.0800142,28.268131
4.1126202,10.824904
4.7560914,100
2.7519202,11.237273
29.355511,27.917617
3.6675314,30.84544
5.9845363,100
3.4157383,23.587738
8.3752988,17.917658
4.7891551,44.041262
2.4518032,35.670162
4.5322753,36.000058
3.8862607,75.62876
5.8014141,48.865984
15.57302,24.659898
3.4106516,35.56707
4.4279974,7.814607
5.5063838,17.051682
6.0023399,42.144362
7.0196856,34.721712
2.0118012,62.432938
2.6629025,27.835143
4.8171321,14.948598
4.9392136,19.897031
8.19472,38.082523
10.623633,10.433153
4.5348187,48.701036
5.4860369,51.443293
11.887685,19.484662
2.2890279,31.711416
10.984791,70.123628
5.2164403,27.031023
7.2435017,53.463903
3.1054479,17.525907
4.8400224,44.247446
3.0469505,7.7321331
2.9884531,100
12.152195,24.288766
3.8633705,28.845448
14.825271,40.82478
7.4698611,13.196028
5.1528562,31.732034
3.2377028,30.618637
1.5031283,10.515627
1.4954982,14.577466
4.0032555,17.134156
2.4339997,94.102911
9.1179612,48.907221
3.2885701,17.299104
13.619716,25.381545
6.366041,37.257785
4.3110026,16.701168
8.3931024,51.298964
6.6788748,49.938145
11.821558,42.659824
2.5509945,29.505239
3.4437153,36.020676
3.2580497,100
3.6624447,37.58768
0.10173457,100
5.8319345,100
16.1173,61.525726
11.24167,32.226877
8.0675518,17.773329
8.0243146,11.422839
2.624752,21.649601
4.0388626,100
4.9519304,37.360877
5.1681164,56.969043
6.1473117,87.030775
0.76809604,20.103216
3.2987436,43.298997
4.6162063,18.268172
4.069383,29.237199
13.266189,26.412468
11.531614,22.866091
5.905692,33.195946
7.3376062,41.77323
8.390559,16.94859
10.613459,35.134082
3.5861438,21.360943
2.4899537,9.3609923
1.2589654,27.072259
6.8416501,14.721795
5.8293911,50.164948
5.4860369,27.299063
6.5517066,70.968986
8.1845465,33.195946
9.8148431,23.649593
5.0790986,49.257735
9.3366906,26.65989
3.5632535,49.525775
6.4347118,26.412468
6.7755227,29.340291
3.8353935,14.062004
3.8099598,23.134131
7.5970294,88.226646
2.8434814,25.773296
5.8090442,17.917658
3.7845262,42.701061
2.5382776,17.360959
4.8705428,32.989761
4.1711176,58.76285
1.200468,25.257834
3.4386286,76.288551
6.5491632,23.587738
4.9824508,8.8249121
5.9718195,38.350564
9.0696373,50.432988
2.9859098,72.103002
3.441172,8.474398
8.306628,23.917633
10.816929,26.288758
3.9396714,25.58773
1.9202401,59.628826
2.9553894,14.824887
1.1648609,30.412452
4.7993286,24.288766
6.0684674,30.721729
2.1338827,20.309401
4.2219848,21.814549
2.512844,17.855803
6.5364464,44.74229
6.3151737,50.164948
0.75792258,19.23724
11.262017,40.185607
5.6335521,39.917567
5.4148227,17.958895
3.9523882,13.690871
3.3674144,18.330028
11.887685,100
1.4268274,44.59796
4.5144717,25.319689
6.1345948,52.28865
7.5919426,25.257834
9.9445547,20.886718
5.46569,78.783386
6.4677756,33.54646
5.9489292,34.371198
8.9144921,100
7.9149499,23.051658
1.4039371,6.7012095
11.582481,51.319582
5.7123964,49.257735
4.1482273,35.670162
11.915662,34.206251
3.8277634,47.97939
4.7713515,26.412468
19.441477,23.299079
10.308256,24.948557
9.891144,48.061864
4.0210591,26.969167
0.043237194,30.412452
6.2770232,36.185624
8.9755328,53.670088
7.8004985,25.031031
6.0328603,19.23724
22.503688,49.31959
0.85965715,10.824904
3.8964342,16.94859
5.2164403,48.226811
2.0855588,29.381528
5.1910067,60.948408
3.0062567,29.134107
5.5826848,62.762834
9.0543771,56.309252
8.5940282,45.443318
11.902945,38.907262
2.2763111,20.433112
1.3530698,46.49486
4.3338929,7.9383178
6.0074266,14.330044
15.562847,19.50528
10.669414,21.360943
1.0911033,55.072144
0.85202706,8.2475949
4.3542398,34.824805
3.7794394,32.247496
4.9315835,78.639057
4.041406,41.443334
5.2088102,20.907336
4.8196755,33.917592
4.865456,57.257702
9.5401597,14.742413
13.746884,37.195929
4.7433745,18.577449
4.9061499,64.783444
13.973244,33.505223
3.1664886,12.371289
0.34081082,43.298997
7.5690523,54.18555
3.7234854,30.329978
7.6733303,18.226935
6.9357546,44.494868
6.6788748,32.123785
3.5454499,11.402221
8.4846635,37.649535
14.642149,25.897007
5.409736,30.061938
5.2444173,28.288749
6.526273,30.412452
6.366041,15.237257
6.694135,33.13409
5.2952846,50.226803
2.0931889,31.855745
3.6599013,32.309351
13.584109,14.618703
7.0324025,62.206135
14.573478,44.618579
5.1477695,35.587688
7.5588789,24.824846
5.6615291,21.608365
3.8226766,38.577367
6.5873137,28.123802
16.760771,49.381446
6.4652322,37.381495
13.393357,35.402122
7.2460451,35.422741
12.551503,15.876429
7.4698611,73.60815
4.9799074,51.731952
3.5123862,27.60834
10.023399,63.21644
8.4719467,36.226861
4.0999034,16.515602
2.6603591,83.010173
3.713312,35.113463
1.0148024,32.000074
16.096953,63.525717
24.5689,57.195847
0.91052444,20.103216
4.0770131,46.391767
4.1075334,41.793848
4.3796734,8.0207917
11.488377,33.835118
4.9010631,100
3.2987436,23.546501
4.2626787,49.546394
7.2765654,61.505107
5.5114706,90.329731
7.5537922,13.484687
7.1239636,52.865968
2.5916883,31.567086
14.850705,35.072227
3.5581667,14.062004
3.4157383,98.845159
5.2952846,23.855778
7.162114,44.164973
8.6652424,43.463944
0.076300931,27.835143
8.8127575,27.278444
5.0587517,48.886603
45.317666,60.969027
9.5096394,34.762949
2.7392034,9.8352172
6.0837276,75.340102
16.877766,52.804112
34.846635,50.639173
8.8610814,48.350522
7.1392238,49.05155
2.7188565,20.598059
3.9625617,28.721737
0.8850908,25.257834
9.3926446,44.185591
2.0779287,14.51561
6.6330943,54.907196
5.4529732,26.598035
1.8948064,9.7115063
4.4585177,41.525808
4.7510046,29.773279
6.2592197,30.206267
3.7285722,32.082548
2.8256778,62.061806
3.1486851,48.082482
6.5669668,31.340283
2.2050969,14.268189
5.1299659,34.804186
4.8629127,20.783626
0.39676484,9.2785184
4.481408,76.123604
2.052495,100
5.0841854,36.90727
3.9294979,64.515404
18.795463,30.515544
4.7357444,36.206242
4.2194415,15.505297
1.9431304,5.587812
16.010479,100
6.9739051,41.299005
6.2134391,34.041303
3.2834834,30.103175
1.696424,44.59796
5.6437255,7.6084222
7.0756397,50.845357
4.7560914,35.422741
6.149855,20.309401
13.96307,32.391825
4.0007121,47.340217
3.5683402,35.56707
5.0180579,100
4.8527392,58.536047
5.2774811,42.474258
14.451396,31.299046
9.0823541,19.546517
3.8379368,26.206284
6.3253472,50.020618
7.5283585,58.989654
6.3355206,41.23715
5.9565593,55.67008
5.9794496,22.845473
2.268681,10.969233
4.0388626,32.762958
15.071977,26.061954
1.3047459,16.082614
4.0668396,44.824764
0.44508876,23.979489
5.6945928,29.031014
4.0388626,100
2.6196653,35.381504
31.853095,21.484654
9.318887,38.577367
9.5986571,65.38138
15.929091,53.175245
6.4143649,100
3.7997864,43.505181
4.8705428,29.670187
4.0210591,51.175253
4.6492701,56.041212
4.4076504,29.09287
9.095071,14.350662
5.8293911,8.1857394
4.4915815,15.546534
3.3063737,13.402213
3.7463757,31.134098
4.1177069,24.680517
13.670583,66.45354
4.7637215,37.154692
5.8370212,26.598035
2.9096088,58.76285
7.6885905,30.742347
4.0312325,32.659865
16.122387,39.525816
10.412534,58.824706
10.471031,14.680558
6.2719365,29.608332
3.0698408,99.999794
1.2818556,26.556798
6.5288163,18.536212
3.0545806,14.948598
2.840938,22.680525
0.89017753,69.072086
5.1706597,27.092878
2.4772369,13.567161
7.4317107,32.288733
4.5729691,52.082466
3.7870695,49.752578
6.0506638,100
2.9859098,69.072086
2.7798972,22.309393
17.724706,47.195888
13.706191,40.783543
12.767689,41.958796
3.0138868,15.360968
6.8874307,33.030998
13.38827,24.330003
7.0069688,100
3.881174,67.319516
20.713159,70.535998
11.066178,46.927848
6.966275,11.443458
9.1739153,40.845399
12.381098,35.752636
2.5891449,7.381619
5.4046493,58.76285
4.5424488,90.577152
7.9047764,78.226688
1.5972328,32.123785
4.0541228,43.896932
4.0108856,38.350564
10.290452,70.226721
4.6543568,15.072309
4.3567832,19.216622
42.937077,23.897015
4.3440663,39.443343
1.7752683,28.433079
6.966275,25.608348
6.5593367,7.7527515
3.3267206,91.154469
5.8751717,61.19583
1.0605829,14.948598
7.5741391,42.98972
7.5487054,53.793799
8.3091714,12.639329
10.608373,57.587598
1.9761941,9.1135707
4.0464927,50.659791
7.0476626,46.742281
1.4293708,100
3.797243,43.298997
10.435424,51.670096
4.8476525,28.556789
6.0125134,25.71144
5.9845363,21.93826
7.0756397,34.969134
2.3195483,47.670113
100,28.598026
3.6599013,25.257834
7.5563355,40.041278
5.8039575,29.711424
23.149702,32.886669
16.946437,52.268032
4.1634875,29.835135
11.630805,53.072152
4.1456839,29.917609
4.5831426,100
9.4638588,9.9176911
10.013225,100
4.2016379,36.721704
1.7803551,30.412452
6.2515896,26.082573
0.86983061,25.257834
4.8832596,19.670228
3.0164301,28.020709
14.611628,22.103208
9.1433949,100
17.628058,29.670187
5.3614121,14.742413
5.8471947,45.072185
8.0573783,71.525684
7.8233888,67.463846
4.0286892,27.896998
4.1177069,46.845374
4.2804822,52.680401
4.6543568,23.546501
3.7870695,15.46406
2.0753853,17.855803
3.7768961,19.484662
10.40236,41.546427
7.8411923,84.762743
6.5415331,66.164882
3.6446411,8.8455305
8.3244316,36.185624
5.6666158,15.092927
3.6904217,29.031014
22.544382,22.845473
4.9951676,37.896957
12.780406,35.278411
5.165573,13.484687
2.7900707,37.030981
5.6055751,16.556839
4.5500788,48.742273
5.9921664,36.659849
5.1401394,55.835027
5.577598,28.556789
3.0520372,10.701193
14.403072,26.206284
4.7688082,21.67022
4.5831426,73.298873
10.91612,26.536179
1.9939977,12.495
5.2825678,58.76285
5.0333181,28.598026
8.6296353,32.86605
0.69433847,100
4.6594435,29.175344
2.757007,24.22691
4.5984028,33.195946
2.8434814,5.0311133
3.7565492,8.7012012
5.137596,58.268007
4.4610611,18.598068
11.096699,45.01033
10.3871,38.597985
2.1593163,21.13414
6.1956356,19.010437
7.2740221,29.525858
5.0790986,71.525684
1.9304136,30.412452
9.8250165,84.556559
3.9269546,16.866116
5.1833766,63.649428
5.5521644,44.762908
3.4538888,27.835143
3.0444071,28.165038
1.6989674,21.13414
9.3722977,21.154758
12.386184,32.742339
4.7637215,30.412452
1.6150364,14.577466
7.4469709,23.278461
16.895569,96.041047
3.0138868,9.5877955
2.3831324,26.969167
2.7112264,19.38157
6.0481205,8.7630566
5.4860369,14.020767
4.1940078,11.793972
2.540821,12.041394
4.09736,31.814508
5.3868457,55.25771
6.3024569,69.072086
2.5637113,71.793725
8.1057022,40.433029
8.1006155,21.340324
1.2233583,23.010421
3.6548146,12.062012
10.829645,81.587499
12.981332,45.567029
1.8642861,33.855737
12.439595,19.587754
2.8561982,26.288758
6.55425,22.330011
5.7403734,38.474274
5.7963274,8.123884
6.8950608,26.618653
9.947098,83.443161
5.0892721,29.175344
2.4085661,43.298997
21.616054,29.587713
2.2483341,30.762966
6.505926,72.968977
8.6728725,78.824623
4.4763213,59.793774
3.3063737,84.164808
3.28094,17.113538
2.0474083,5.1548241
4.1609441,100
3.2097258,11.27851
9.423165,57.773164
11.335775,49.010313
1.8693728,54.907196
2.9477593,20.536204
10.93901,29.711424
4.941757,8.1032656
6.1320515,12.866133
37.384913,47.422691
2.3653289,8.1032656
4.9621039,14.453755
2.2788545,27.484629
5.3614121,23.814541
4.0388626,30.907295
3.7336589,34.309343
4.3898469,7.9176993
18.513149,66.082408
4.5755125,37.010363
6.7399156,39.402106
3.713312,59.17522
4.4686912,29.525858
3.4004782,14.062004
24.413755,12.783659
7.9480136,32.536154
5.1859199,38.824788
4.621293,100
6.7399156,57.340176
6.9408413,25.71144
2.7493769,18.948582
3.8989776,61.257686
7.1951778,49.010313
2.4060227,17.525907
3.5200163,29.422765
6.1269647,51.257727
11.618088,27.422774
6.394018,8.9486229
3.1588585,35.56707
4.509385,8.7836751
7.0400326,53.608233
4.2321583,39.030973
6.5237296,30.515544
6.8238466,47.44331
3.3394374,25.4434
8.306628,40.494885
5.1960934,100
3.5327331,65.505091
2.6959662,19.402188
9.3061702,80.865852
5.954016,24.783609
4.5805992,70.886512
11.76306,16.103233
3.1105346,43.298997
6.7526324,88.659634
4.7713515,100
4.3160893,37.216548
3.4920393,44.47425
4.8756295,36.268098
3.5479933,46.309294
7.4240806,100
0.96139173,25.257834
25.972837,90.123546
6.28211,37.752628
24.762195,26.762982
2.2381606,17.340341
2.9146956,23.319698
6.8747139,62.164898
3.9676484,33.505223
5.3436085,25.257834
4.4686912,69.072086
2.2890279,52.329887
6.7729793,20.309401
1.2894857,48.453615
6.0430337,7.6084222
23.597335,43.835077
2.4085661,13.402213
3.55308,45.319607
10.369297,100
7.9403835,65.731894
3.769266,36.144387
4.7967852,35.896965
28.025332,53.2371
2.7646371,33.195946
1.7549214,17.75271
4.5882293,30.350596
5.3563253,62.103043
2.9935399,11.381603
5.8751717,38.80417
7.3986469,7.422856
7.4469709,30.742347
2.7595503,43.381471
29.635282,23.134131
5.7149397,33.257801
1.0198891,100
24.853757,24.969175
4.2881123,32.226877
11.638435,35.608307
9.947098,50.103092
2.4390864,47.587639
3.6395544,23.732067
7.1900911,29.257817
6.1880055,53.608233
2.7264866,72.515371
1.0809299,100
5.1884633,36.866034
4.64164,25.010412
6.6127473,31.38152
2.8383946,29.773279
15.244926,28.206275
8.1921766,19.340333
5.7607203,60.288617
6.5313597,44.226828
2.9935399,30.268123
4.2601353,38.082523
3.6802482,14.701176
11.020398,65.278288
4.0363192,38.742314
3.7260288,11.917683
2.1135358,63.48448
9.8860573,42.886627
9.2222392,64.639115
5.0078844,50.989687
4.6340099,86.742117
12.526069,13.360976
1.3174627,100
9.7359988,40.206226
4.453431,100
8.4821201,62.020569
4.3898469,24.474332
2.3322651,25.257834
7.3528664,45.855687
5.8929752,62.082424
5.1426827,46.268057
3.3394374,8.8867675
22.366346,25.257834
3.7362022,31.031006
10.295539,74.371034
3.5861438,15.546534
4.069383,35.072227
4.537362,17.010445
7.322346,21.649601
4.7891551,9.567177
3.0800142,39.010355
5.5826848,55.298947
6.8289333,31.896982
3.5022127,6.9898681
1.9660207,29.732042
0.85202706,28.433079
10.158197,33.13409
3.2148126,27.835143
6.5160995,100
1.6277532,16.00014
3.609034,29.340291
6.3813012,14.948598
0.11953813,30.412452
14.901572,24.721754
13.942723,79.917402
11.18826,47.938153
6.198179,61.319541
4.8832596,9.5465586
28.012615,100
8.334605,58.061822
13.820642,68.968994
4.4381708,35.505214
6.7806094,29.670187
6.0226868,11.81459
4.013429,38.701078
2.4518032,69.072086
4.5271886,52.206176
4.6492701,90.453441
7.7241976,33.732026
7.4266239,22.47434
8.5151839,30.247504
16.074063,37.628917
5.1299659,52.041229
7.7598047,100
1.8388524,12.371289
13.935093,74.680311
3.8888041,23.319698
5.8065008,70.226721
3.6497279,23.216605
4.2601353,19.835176
6.4957526,68.762809
8.4363396,51.195871
12.447225,15.402205
4.7153975,52.577309
3.1486851,39.34025
6.1956356,9.7939802
5.053665,12.536237
1.5260186,3.9589527
26.100005,26.907312
9.5833969,91.236943
9.3290605,19.340333
4.0999034,54.701012
3.8379368,11.525932
6.4728623,25.835151
4.0770131,39.134065
21.997558,20.783626
2.3195483,35.56707
12.922834,49.711341
4.3923903,91.443128
9.2095224,14.824887
15.738339,28.309368
5.165573,32.989761
2.9706496,49.484538
3.2605931,33.690789
4.7942418,29.979464
2.9197823,19.670228
6.3914746,30.927914
4.9926242,64.391693
5.8802584,34.824805
15.234753,45.051567
5.9692762,28.762974
5.353782,29.711424
6.2744799,27.113496
7.8996897,52.103084
4.9519304,55.711317
18.775116,100
8.4007325,41.587664
8.1769164,30.329978
4.5246452,15.257875
11.50618,52.206176
10.351493,49.381446
3.3725011,30.804203
4.4915815,47.175269
5.0612951,8.6599643
4.4763213,46.536097
17.841701,95.401875
7.7420011,12.185723
5.0434915,100
3.0622107,26.309376
4.1177069,100
7.210438,87.092631
6.0684674,41.319623
2.4950404,100
1.4293708,62.639123
4.6543568,17.196012
2.0779287,20.103216
4.1278804,64.70097
9.83519,22.907328
4.0032555,100
3.9269546,34.804186
11.221324,28.020709
4.8120454,22.969184
8.4083626,48.185574
7.8539092,35.917584
6.1702019,51.814426
6.9357546,100
7.9098632,32.474299
4.5068417,100
27.992268,39.051592
2.9223257,20.330019
5.7530902,36.000058
8.2303271,100
3.8023297,7.2166713
4.8858029,36.927889
5.8522814,29.257817
15.160995,20.165071
13.477288,30.515544
12.757516,30.288741
3.7565492,12.123868
3.6471845,45.876306
6.638181,27.587721
4.6467267,66.804054
7.2282415,24.474332
8.1336792,66.59787
3.3394374,49.072169
12.622717,15.505297
4.7357444,22.824854
1.2920291,11.95892
5.9870797,19.175385
8.9144921,87.690566
6.2414161,15.793955
6.3558675,20.247545
3.3318073,38.927881
8.4744901,24.701135
14.375095,26.618653
3.6242942,13.567161
6.7653492,47.216506
1.8693728,36.927889
3.6675314,33.319656
2.7341167,49.030932
7.5334452,14.969217
4.6060329,35.56707
6.2337861,51.896899
5.569968,74.061756
2.7468335,21.072284
5.6666158,23.855778
2.9630195,46.783518
2.8256778,28.866067
7.1392238,59.546352
4.1278804,8.9692414
6.994252,52.536072
8.2074368,60.226762
6.6508978,39.958804
4.621293,16.969208
6.9993387,15.381586
10.224325,39.443343
1.284399,53.175245
6.6534412,49.278353
6.7628058,25.257834
5.1910067,6.680591
6.1142479,53.835036
14.074978,55.072144
5.3664988,79.381322
5.0409482,32.639247
3.4538888,43.298997
4.4686912,40.041278
8.5889415,45.608266
2.9859098,26.598035
8.1743731,26.701127
6.2236126,19.64961
7.2841955,35.360885
3.4106516,76.57721
8.1998067,34.948516
4.2245282,41.77323
7.2180681,23.793922
3.2885701,17.154775
5.0867287,47.360836
3.8506536,11.54655
6.1676586,54.082457
8.118419,29.711424
5.6411822,8.4950165
8.1336792,89.690558
3.5022127,100
5.3385218,41.835085
5.0307747,33.896974
3.9396714,16.00014
6.7907828,18.123843
11.801211,13.835201
5.4987538,33.628933
2.9731929,11.216655
4.2830256,30.536163
6.9408413,83.525635
4.3516964,32.288733
3.5581667,9.567177
4.1100768,53.463903
5.7225698,73.60815
3.8837174,17.092919
16.280075,25.340308
3.3241772,37.732009
5.1070756,24.659898
4.1431405,17.525907
4.7688082,20.103216
1.6048629,44.32992
8.0039676,100
7.5639656,40.268081
3.0927311,8.8867675
17.877308,44.000025
6.0888143,44.164973
4.0185157,100
4.2575919,9.4228477
7.5639656,14.453755
3.5403632,42.061888
5.5928582,10.309442
4.4025637,18.391883
5.8675416,14.948598
2.2152704,28.165038
1.1216237,69.072086
4.069383,11.567169
3.2173559,42.268073
6.0226868,14.082622
10.384557,41.134057
5.4707767,97.855473
6.2083524,20.577441
8.8127575,30.804203
3.5657968,21.25785
14.545501,51.75257
6.5567933,29.608332
3.7082252,31.443375
11.775777,73.154544
4.2982858,59.958722
9.9928786,89.690558
9.2578463,50.391751
11.264561,40.02066
3.4233684,37.175311
5.6182919,46.103109
3.5734269,27.835143
1.7193143,26.288758
7.0044255,38.26809
3.7362022,33.154709
7.5359886,33.649552
5.7785238,47.319599
9.5503332,21.93826
13.222951,25.85577
9.5223562,30.412452
17.615342,11.257892
2.3755023,31.855745
0.30266036,63.917468
5.221527,100
4.621293,49.113406
5.6767893,51.649478
15.112671,64.721589
3.2987436,18.144461
6.1345948,26.39185
5.3995625,36.206242
6.806043,38.742314
5.5852281,69.237034
4.7230276,30.268123
7.3350628,33.752644
12.154738,67.195805
3.2173559,93.814252
35.637621,53.298955
1.5692558,0
8.1336792,50.597936
9.975075,57.505124
5.5292741,40.721688
3.7031385,38.701078
4.0286892,65.979316
6.6051172,14.701176
3.0596673,25.608348
9.2603896,28.762974
3.0418638,35.56707
2.9019787,20.845481
2.6044051,28.701119
5.1299659,26.742364
18.421588,71.381355
4.1685742,26.041336
6.1371382,67.257661
4.6721603,37.896957
9.9292945,40.082515
7.7496312,20.371256
5.954016,40.329937
4.5500788,32.020693
4.9646472,23.917633
8.0395747,18.144461
0.04069383,53.608233
5.4351696,52.845349
7.3096292,17.793947
3.3979348,9.216663
7.8818862,36.061913
3.6675314,60.824698
2.8765451,38.577367
4.4432575,19.525899
15.32377,21.958879
2.3755023,35.56707
9.1383082,27.896998
3.1232514,98.638975
2.3627855,26.350613
4.9086932,12.721803
10.9619,71.649395
8.0472048,13.29912
6.0176001,86.597787
10.488835,41.6289
5.849738,11.587787
3.6420978,24.762991
6.9739051,19.814557
5.0002543,52.536072
17.475457,51.154634
7.2231548,25.402163
5.9336691,16.123851
8.8483646,27.917617
4.6848772,45.402081
5.653899,25.85577
6.1651152,16.041377
16.10967,34.783568
7.0807264,42.412402
1.6760771,7.0104866
3.1003612,44.000025
0.64092782,20.103216
5.1757465,35.83511
5.2927412,43.298997
5.2062668,34.329962
4.1380538,25.257834
6.1574851,29.257817
4.2041813,36.969126
3.8023297,63.257677
3.357241,12.371289
4.9468437,8.2888318
0.88254743,36.866034
10.473574,43.298997
4.1151635,42.144362
5.7505468,32.371207
16.254642,66.371067
2.8180477,15.897048
5.5394476,23.340316
2.3983926,8.866149
14.273361,46.989703
6.8238466,20.391875
3.1283382,31.732034
3.7209421,27.958854
3.4182817,29.793898
7.1468539,57.298939
2.1771199,5.7733783
3.8455669,58.948417
4.1736609,51.958755
4.6747037,32.453681
4.6543568,7.8970808
4.6619869,14.989835
7.0959866,53.154626
7.154484,24.886701
6.7170253,34.927897
3.1588585,100
5.5343609,14.866124
5.4860369,72.185476
3.8328501,100
14.79475,58.3711
3.5836004,49.05155
5.1884633,80.35039
2.9579328,67.505082
6.6280075,20.577441
7.1748309,54.556682
5.7886973,28.6805
3.2911135,11.443458
9.2680197,25.628966
5.6589857,9.0929522
3.581057,12.371289
5.1299659,17.917658
4.8807162,32.989761
2.1160791,39.443343
13.360293,94.638991
7.6555267,40.515503
6.3609543,30.474307
21.013276,54.907196
7.7521746,18.618686
0.75537922,26.969167
5.1833766,45.01033
2.4899537,51.896899
4.6187497,12.123868
1.0249758,23.195987
6.1447683,41.50519
0.8138766,27.587721
5.1299659,28.701119
3.965105,100
13.90203,83.154502
5.8624549,21.608365
4.0185157,31.670179
22.992014,75.010206
2.240704,8.9073859
3.7565492,17.711473
7.0374892,82.886462
13.751971,57.814401
3.581057,49.608249
4.3033725,49.31959
9.1713719,19.464043
5.7174831,16.226943
4.6594435,18.845489
6.3456941,26.268139
2.1109924,8.7424382
5.9743629,26.020717
4.6721603,25.360926
3.8048731,29.216581
5.9362124,17.773329
3.55308,31.299046
5.353782,51.670096
2.2661376,25.897007
4.1049901,61.566963
7.050206,18.371264
1.3708734,14.123859
7.9912508,41.175294
3.2097258,38.061905
14.085152,43.546418
17.544127,27.072259
4.1380538,14.062004
7.1137901,100
4.1456839,90.721482
2.8663716,12.22696
7.5436187,28.701119
25.563355,76.804013
2.540821,8.9073859
3.7260288,46.680426
5.3741289,21.917642
3.1588585,33.072235
8.7135663,10.824904
9.7131085,41.670137
0.18312223,69.072086
2.5560812,25.257834
0.87746071,69.072086
5.5012971,57.608216
11.905489,17.175393
7.2765654,34.165014
12.841447,13.670253
13.66041,17.237249
4.4864947,16.598076
1.2869424,29.134107
4.8959764,54.268024
3.5098428,37.628917
5.1960934,14.082622
4.2296149,68.865902
7.7292843,8.866149
8.3803856,44.866001
3.7997864,100
5.9641894,7.0929604
2.2635943,30.412452
0.81133323,10.948615
4.7688082,81.443169
0.14751513,12.371289
4.5322753,19.360951
19.182054,74.206086
8.6042016,100
9.9343812,23.835159
2.1262526,16.742405
3.2224426,63.917468
6.582227,70.721564
6.4118216,23.175368
0.050867287,10.824904
6.1269647,100
4.9570171,30.556781
8.6550689,34.412435
5.1172491,7.7321331
5.0384048,51.896899
7.3096292,50.350514
1.9736507,21.917642
5.1579429,54.45359
6.5415331,21.13414
3.9320413,8.2475949
3.0266036,39.360869
9.3239738,34.701094
1.0046289,31.278428
14.105499,18.474357
8.1896332,23.917633
5.8141309,48.453615
2.680706,18.556831
5.1325093,30.412452
0.8850908,7.2166713
8.4109059,65.072103
4.0185157,38.144379
4.9646472,59.690682
6.7348288,36.969126
13.156824,16.969208
3.9829086,23.587738
3.6599013,11.608406
5.4275395,16.639313
9.6876749,61.113356
6.6356376,37.628917
16.14019,43.298997
9.395188,28.515553
3.8684572,42.04127
0.50104278,47.587639
2.5611679,9.5259401
8.9144921,52.70102
4.2906557,32.783576
2.8027875,28.165038
8.4363396,11.587787
1.9838242,28.721737
7.3986469,29.505239
4.949387,40.742306
5.8929752,49.896908
10.046289,47.381454
13.001679,57.360794
1.3988504,28.515553
8.8432779,68.577243
4.3618699,30.041319
3.5861438,100
5.3334351,20.371256
4.3516964,27.711432
5.5597945,30.866058
5.6767893,15.175401
1.6760771,8.5981089
5.9184089,45.01033
6.6076606,95.113216
4.7306577,51.298964
9.1433949,52.412361
6.2566763,86.474076
5.6945928,79.051427
17.333028,26.618653
5.1706597,10.350679
6.6890483,39.216539
0.043237194,25.257834
6.7755227,39.958804
4.7611781,10.989852
5.6691592,86.618406
2.372959,17.793947
3.5429066,30.412452
7.9683605,58.76285
3.9422148,57.69069
2.5866016,30.927914
1.9253268,30.412452
4.613663,29.134107
8.1362226,52.16494
4.041406,23.42279
5.8624549,9.8970726
7.8691693,13.340357
4.6645302,79.175137
2.4390864,39.443343
9.4053614,38.144379
4.8349357,56.371108
4.2397884,43.463944
1.8871764,9.9383095
5.4046493,17.525907
2.2788545,25.257834
6.8747139,51.896899
5.1681164,29.814516
4.3313495,58.22677
4.9086932,53.402048
17.106669,54.72163
4.1584007,21.464035
2.8358513,17.051682
7.3961036,11.505313
5.6157485,33.732026
3.3063737,100
6.694135,38.989736
2.8205911,45.01033
3.9447581,6.28884
7.2791088,12.391908
